177 1361
28 1 2 3 4 5 6 7 8 9 10 11 12 13 14 15 16 17 18 19 20 21 22 23 24 25 26 27 28
11 1 4 10 11 12 14 15 17 19 24 26
15 1 2 3 8 9 11 13 14 16 18 22 24 25 27 28
15 2 5 8 9 11 13 14 15 21 22 23 24 25 26 27
20 3 4 7 8 9 10 11 12 13 14 15 17 18 19 20 22 23 24 27 28
18 1 2 3 4 9 10 12 15 16 17 20 21 22 23 24 25 26 27
17 1 3 5 7 9 10 11 13 15 17 21 22 23 24 25 26 28
14 1 2 5 6 7 10 11 13 14 19 20 21 27 28
12 1 5 6 9 11 13 15 18 19 22 25 27
12 1 4 5 8 9 15 18 19 21 22 26 27
14 4 5 8 11 12 14 15 17 19 21 22 23 24 26
21 2 3 4 5 6 8 9 10 11 12 13 14 15 16 18 19 20 21 22 24 26
12 2 5 6 8 11 14 15 16 17 21 23 24
19 1 2 3 4 5 6 9 11 13 14 16 18 20 22 23 24 25 26 28
14 1 4 6 8 10 14 15 16 18 19 22 24 25 26
20 2 3 6 8 10 12 13 15 16 17 18 19 20 21 22 23 24 25 27 28
8 4 9 10 14 15 16 19 21
18 1 3 4 5 7 8 9 11 12 13 14 15 17 18 19 21 25 27
10 1 6 7 13 14 15 17 19 25 28
17 1 4 5 8 9 10 11 14 15 17 20 21 22 24 25 27 28
12 1 4 6 8 9 11 13 16 22 23 25 26
16 2 5 7 9 11 12 13 14 18 21 22 23 25 26 27 28
11 9 11 12 13 16 17 18 19 21 25 27
10 2 5 7 8 11 17 22 26 27 28
16 3 5 7 8 9 13 14 15 16 17 18 21 22 24 25 27
16 3 4 5 6 8 9 10 11 14 16 18 19 20 24 25 27
12 2 6 7 10 13 16 18 20 22 25 26 28
15 1 4 6 9 10 12 14 15 16 18 20 22 24 26 28
10 1 5 7 9 11 15 19 23 26 27
14 1 4 9 10 12 14 15 17 18 19 21 22 23 24
13 4 5 6 7 10 11 14 15 17 22 23 24 28
14 1 3 5 7 9 10 13 16 18 19 22 25 26 28
21 1 2 3 4 5 6 7 8 9 10 14 16 17 19 20 22 23 24 26 27 28
21 1 2 5 7 9 10 12 13 14 15 16 17 18 19 20 21 22 23 25 27 28
15 2 4 7 9 12 14 16 19 21 22 23 24 25 26 27
10 2 3 13 15 16 19 22 24 27 28
8 1 6 9 14 18 22 24 28
14 3 5 6 11 13 14 15 16 17 18 19 21 26 28
15 4 6 7 8 9 12 14 15 20 22 23 24 25 27 28
18 1 3 4 5 6 7 9 10 11 12 14 15 16 17 20 21 22 26
9 2 4 6 8 9 10 12 15 23
21 1 3 4 6 7 11 12 13 14 16 17 18 20 21 22 23 24 25 26 27 28
19 2 3 4 5 6 7 8 9 10 11 14 15 16 17 20 23 26 27 28
11 8 9 11 13 15 16 21 22 25 27 28
11 2 3 4 6 8 9 11 18 19 24 26
12 2 4 5 6 11 12 13 14 19 24 26 27
18 3 4 5 6 8 9 10 11 13 14 15 18 19 20 21 22 26 27
17 3 6 8 10 12 14 15 16 17 18 20 21 23 25 26 27 28
21 2 3 6 8 10 11 12 13 15 16 17 19 20 21 22 23 24 25 26 27 28
10 2 3 4 8 18 19 21 22 24 25
19 1 2 3 4 5 6 8 11 12 13 15 16 21 22 23 24 25 27 28
16 1 5 6 8 9 10 11 15 19 21 22 23 24 25 27 28
9 1 4 5 7 11 14 16 24 25
15 1 2 5 9 12 14 17 19 20 21 23 24 25 26 28
18 2 3 5 6 7 9 11 12 15 19 21 22 23 24 25 26 27 28
20 3 4 5 7 8 11 12 13 14 16 17 18 20 21 22 23 24 25 26 27
21 1 2 6 8 9 10 12 13 14 15 16 17 18 19 21 22 24 25 26 27 28
19 1 3 5 6 7 9 10 11 12 13 14 16 17 18 22 25 26 27 28
18 1 2 3 4 5 10 11 12 13 16 18 21 22 23 24 26 27 28
18 3 4 7 8 9 10 11 12 18 19 20 21 22 23 24 26 27 28
14 1 3 4 6 8 9 10 14 15 16 18 19 20 25
9 4 11 12 14 18 20 24 26 27
12 2 5 6 10 11 12 13 19 20 21 23 26
17 1 2 3 6 7 8 10 14 15 17 19 21 22 25 26 27 28
13 1 2 4 7 9 10 11 17 19 21 22 25 26
20 1 2 3 5 6 7 8 9 10 11 13 15 16 17 19 20 21 23 26 28
9 2 4 5 12 16 19 21 24 25
18 1 2 3 5 8 11 12 13 14 16 18 20 21 22 24 26 27 28
11 1 5 8 11 13 16 20 23 24 26 27
12 1 5 7 9 10 16 17 20 21 24 25 27
10 4 5 7 8 11 14 16 17 26 27
15 1 2 6 8 10 12 13 14 16 17 22 23 25 26 28
18 1 3 4 5 6 7 8 10 11 12 13 14 15 16 21 24 26 28
19 1 2 3 4 5 6 7 8 9 11 13 14 15 16 18 20 21 24 26
14 2 5 6 7 9 10 12 14 17 18 20 21 25 28
12 5 7 8 9 12 13 15 17 18 21 22 25
13 2 3 5 6 8 12 13 14 15 19 20 23 25
11 5 6 8 9 10 12 13 19 20 21 28
15 1 2 4 5 7 9 11 13 16 17 19 20 24 26 27
10 3 6 8 9 16 18 22 23 26 28
19 2 3 4 6 9 11 12 13 14 15 16 17 19 20 21 22 23 24 26
17 1 5 7 9 11 12 13 15 18 19 20 23 24 25 26 27 28
21 1 2 3 4 5 6 7 8 9 11 12 14 16 17 18 20 21 23 24 26 28
18 2 3 6 7 8 9 10 11 13 15 16 17 19 20 21 22 25 26
18 3 5 6 7 8 9 10 15 16 17 18 20 21 22 23 25 26 28
10 2 5 7 8 10 14 17 18 19 22
11 3 6 8 10 11 13 14 18 19 20 22
9 2 8 10 11 12 16 18 22 27
20 2 3 4 5 6 7 9 10 11 13 16 17 18 21 22 23 24 26 27 28
49 29 30 31 32 33 34 35 36 37 38 39 40 41 42 43 44 45 46 47 48 49 50 51 52 53 54 55 56 57 58 59 60 61 62 63 64 65 66 67 68 69 70 71 72 73 74 75 76 77
33 30 31 33 35 39 41 44 45 46 48 50 51 52 54 55 56 59 60 61 62 64 65 66 67 68 69 70 71 73 74 75 76 77
16 33 42 44 51 52 53 55 56 59 60 62 66 67 73 75 77
18 29 30 34 35 38 39 40 43 46 49 50 51 52 56 58 67 71 74
30 29 30 32 34 35 37 38 41 44 45 46 47 48 49 50 51 53 56 60 61 62 65 66 67 68 70 72 73 74 77
25 30 31 32 33 35 37 38 40 42 47 48 50 52 55 56 57 62 63 64 68 69 71 74 76 77
15 30 32 33 34 40 52 55 56 61 62 63 64 65 66 75
31 32 33 34 35 36 38 39 41 42 44 45 47 48 49 50 52 57 58 59 60 61 64 65 66 67 69 71 72 74 76 77
32 30 31 32 34 36 37 38 40 41 42 43 44 45 46 47 48 50 55 59 60 61 62 63 64 65 66 67 70 72 73 74 76
27 29 31 33 36 37 38 39 41 42 43 46 47 48 51 52 54 55 56 58 59 65 66 68 69 71 73 75
15 29 32 38 41 43 52 53 54 58 65 69 70 71 75 77
15 32 33 34 40 41 45 49 53 56 57 61 62 68 70 73
21 29 31 32 33 34 35 42 43 44 45 48 52 54 61 62 63 66 68 69 73 76
30 30 35 36 37 38 39 41 42 44 45 46 47 48 52 53 56 58 59 60 62 63 64 68 69 70 71 73 74 75 77
37 29 30 32 33 34 36 37 39 40 41 42 44 45 48 49 52 53 54 55 56 58 59 60 61 62 63 64 65 67 68 69 70 71 73 74 75 76
16 30 43 47 48 49 50 54 58 59 61 63 66 69 72 75 77
16 32 33 35 41 43 44 47 48 52 56 60 65 66 67 74 75
20 29 31 32 35 39 44 50 51 53 55 57 58 65 68 70 72 74 75 76 77
34 30 31 32 33 34 35 36 37 38 41 43 44 45 48 50 51 52 54 55 56 57 58 60 62 66 67 68 69 70 72 73 74 75 76
20 29 40 43 46 49 50 53 57 59 61 62 63 65 67 68 70 72 74 75 76
34 29 34 36 38 39 40 41 42 43 44 45 47 48 49 50 51 53 54 56 58 59 60 61 63 64 65 68 69 70 71 73 74 76 77
24 31 34 35 40 43 44 48 49 50 52 54 56 58 60 61 62 64 66 69 70 71 72 75 76
29 30 31 36 42 43 46 47 49 50 51 52 53 55 56 58 59 60 61 62 63 64 65 66 68 70 72 73 74 76
19 30 31 32 34 41 42 43 44 47 48 49 51 52 53 54 55 57 68 69
28 29 30 31 34 35 37 38 39 41 42 43 46 49 50 51 52 54 55 56 58 59 60 61 64 65 68 73 75
31 29 30 31 32 33 35 38 39 40 42 43 44 45 48 49 50 51 52 56 57 58 60 62 65 66 67 68 70 72 73 74
23 29 30 33 34 35 37 38 40 45 47 49 52 53 54 57 59 60 64 68 74 75 76 77
18 31 34 35 36 37 45 46 47 49 56 59 62 65 66 67 72 74 75
30 29 32 33 37 38 39 40 41 42 43 46 48 49 50 52 53 55 56 57 59 62 63 64 65 66 72 73 74 75 77
27 29 32 33 35 36 38 39 41 44 45 46 47 48 50 52 54 58 61 62 65 67 68 70 72 73 75 76
38 29 31 32 33 34 35 37 38 40 41 43 44 46 47 49 50 51 52 53 54 55 57 58 59 60 61 62 64 65 66 67 70 71 72 73 74 75 77
33 32 34 36 37 38 39 40 41 42 43 46 49 50 51 52 53 56 57 59 60 61 62 63 64 66 67 68 69 71 74 75 76 77
19 29 31 32 33 37 38 39 41 44 50 52 53 55 60 61 66 69 70 75
27 34 36 37 38 39 42 43 44 45 46 48 49 50 52 54 55 56 57 58 60 64 65 67 68 71 74 75
32 29 30 31 32 34 36 37 38 39 40 41 42 43 46 50 54 55 56 57 60 63 64 65 67 68 69 71 73 74 75 76 77
31 30 31 33 34 35 36 38 39 40 41 43 46 47 48 49 51 52 53 54 55 56 57 59 64 65 68 70 71 73 75 77
26 29 31 32 33 34 35 36 39 40 42 44 47 51 52 54 59 63 65 67 68 69 70 71 74 75 77
19 30 31 32 33 34 37 41 42 47 48 52 53 55 60 62 69 70 71 73
15 30 31 32 34 42 44 47 49 55 58 59 64 65 67 76
30 31 32 33 34 36 37 39 43 47 48 49 50 52 54 55 57 58 59 60 62 63 65 67 68 69 70 71 72 75 77
37 29 30 32 33 34 35 37 38 39 40 41 42 43 44 45 46 48 49 50 51 53 54 55 56 57 58 59 63 64 65 66 67 70 71 72 75 77
25 29 30 31 37 42 43 44 45 46 47 51 53 54 56 57 58 59 60 62 65 66 67 73 75 76
21 32 36 38 42 43 44 47 48 49 51 52 55 60 62 63 64 65 70 71 73 76
19 29 36 40 45 46 49 51 52 55 57 58 65 66 67 68 70 71 72 75
36 29 30 33 34 35 36 37 38 40 42 43 44 45 47 48 49 51 52 53 55 57 58 59 60 61 62 63 64 65 67 68 72 73 75 76 77
23 29 31 36 38 39 40 41 42 43 44 48 52 54 59 61 64 67 69 71 73 74 76 77
17 31 32 34 36 39 40 41 45 49 54 57 60 64 68 71 72 74
24 30 31 34 35 36 37 39 43 44 45 47 48 54 55 56 58 59 61 62 63 70 71 74 76
30 29 30 31 32 34 36 39 40 43 44 46 48 49 50 51 54 55 57 58 59 60 63 64 65 66 69 71 73 74 76
21 29 30 36 37 38 49 50 52 54 55 56 59 60 62 65 66 70 71 72 74 77
37 30 31 32 34 35 36 37 38 39 40 42 43 44 47 50 51 52 53 56 57 58 59 60 61 62 64 65 66 67 68 69 71 72 73 74 75 76
14 30 33 35 36 37 56 58 59 65 68 69 70 72 74
26 31 32 34 36 37 38 40 41 42 46 47 49 50 54 58 61 62 64 66 67 69 70 71 72 75 76
38 29 30 31 32 34 35 36 38 41 42 43 45 46 47 48 49 50 52 53 54 55 56 57 58 59 60 61 62 63 66 68 69 70 72 73 75 76 77
24 29 30 33 34 35 37 38 40 41 43 48 49 51 52 53 54 57 58 60 68 69 70 75 76
31 31 32 33 35 36 37 38 39 40 42 43 44 45 46 48 49 51 55 56 57 58 59 60 61 65 67 71 72 74 75 76
14 31 37 41 42 44 46 47 52 59 60 65 69 71 73
26 29 30 31 32 34 38 40 42 43 44 47 49 50 51 54 55 56 59 61 64 65 67 73 74 76 77
34 29 30 32 33 35 40 41 42 43 44 45 46 47 48 49 50 53 55 56 57 58 59 60 62 64 66 70 71 72 73 74 75 76 77
26 31 33 34 35 36 39 40 41 42 44 45 49 50 51 52 54 55 57 61 63 64 67 68 73 76 77
33 30 33 35 36 37 39 40 42 44 45 46 47 48 49 50 51 52 53 54 55 56 58 61 62 63 64 65 68 69 71 73 74 75
23 33 37 38 39 40 41 43 47 52 53 54 57 58 60 62 63 64 65 68 71 72 75 76
19 31 34 37 41 43 44 46 47 50 52 54 56 57 59 60 66 67 68 73
19 29 32 34 42 43 44 46 47 49 54 57 59 60 61 65 66 68 71 74
19 29 30 32 35 38 42 44 45 47 51 52 53 62 65 71 72 75 76 77
18 32 35 38 40 41 42 43 47 48 50 51 54 55 59 62 67 69 74
36 31 32 33 34 37 38 39 40 41 42 43 45 47 48 49 50 51 52 53 54 56 57 58 59 60 61 62 63 64 65 69 70 72 74 75 76
21 29 31 37 40 41 43 44 48 49 51 54 57 58 63 64 67 68 70 72 73 77
37 29 31 32 33 35 36 37 38 39 40 41 42 44 45 46 47 48 50 52 55 57 58 59 60 62 64 65 66 67 68 69 70 71 72 73 74 77
39 29 30 31 33 34 35 36 37 38 39 40 41 42 43 45 46 47 48 50 52 53 54 55 56 57 58 60 61 63 64 65 67 68 69 70 72 75 76 77
17 30 31 33 36 38 39 40 44 45 48 58 60 64 72 73 76 77
37 30 31 33 34 35 36 38 39 40 42 43 44 46 47 48 49 50 53 55 56 57 58 59 60 61 62 63 64 65 67 69 70 71 72 73 76 77
32 29 30 33 37 40 41 42 43 44 45 47 48 49 51 52 53 54 56 57 59 62 63 67 69 70 71 72 73 74 75 76 77
20 29 30 37 39 45 51 52 53 54 57 58 59 60 61 62 66 71 72 74 77
37 29 33 34 35 37 38 39 40 42 43 44 45 46 47 48 49 50 51 53 55 57 58 59 60 62 63 64 65 66 67 69 71 72 73 74 75 77
22 31 33 38 39 42 45 46 48 49 50 55 57 58 64 65 67 70 71 72 74 76 77
26 29 30 31 32 35 36 38 39 42 43 45 46 49 52 55 56 58 59 60 62 63 65 67 70 75 77
20 32 33 42 45 48 51 53 55 56 57 58 59 60 63 64 69 70 71 72 75
35 30 31 32 33 34 36 37 38 39 41 42 47 49 51 52 54 55 58 59 60 61 62 63 64 65 66 67 68 69 71 72 73 74 75 76
13 79 96 104 105 107 112 117 121 123 127 133 140 151
17 82 83 85 86 88 95 103 104 113 114 115 123 132 135 139 144 152
19 87 88 98 102 103 104 106 110 113 117 119 120 126 127 133 134 142 149 155
16 79 84 87 99 109 112 116 117 119 122 123 126 131 132 133 145
20 79 80 81 95 97 99 102 109 115 116 124 128 129 132 136 138 139 144 148 152
16 81 83 84 91 95 104 111 119 123 127 135 136 140 141 151 155
46 79 81 83 84 85 86 87 92 94 95 96 99 100 102 107 108 109 110 111 114 115 116 118 119 120 121 124 125 126 128 130 131 132 133 134 135 137 141 142 143 147 149 151 153 154 155
34 78 81 83 85 88 89 91 92 94 102 103 104 108 111 114 115 118 124 125 127 128 129 130 134 136 138 139 140 141 142 146 150 152 154
18 83 84 88 93 98 103 105 112 113 120 121 133 137 142 146 149 151 154
13 89 98 114 119 123 125 129 135 141 142 143 147 153
37 79 80 88 90 91 93 99 101 102 107 109 110 112 113 115 116 119 120 122 124 125 126 127 130 131 134 135 137 138 139 141 142 144 148 149 151 155
37 80 81 82 85 86 88 91 93 94 95 97 100 101 102 103 104 107 108 109 110 111 112 115 117 120 122 126 128 130 136 140 146 148 149 152 154 155
25 82 85 87 89 90 91 100 104 106 108 111 114 117 118 122 125 127 130 134 141 143 145 147 150 155
21 78 79 93 99 105 106 108 111 119 120 121 126 127 130 133 136 137 140 146 153 154
13 81 87 92 95 96 99 118 119 137 140 145 146 149
14 81 84 92 103 111 113 117 128 135 136 141 143 144 151
13 80 84 91 109 116 117 118 124 129 131 134 145 149
41 78 79 80 82 85 86 88 89 92 97 98 100 102 103 106 107 108 113 114 116 117 118 120 121 124 125 128 129 130 133 134 138 139 143 144 145 146 147 148 149 154
41 78 80 81 83 84 85 86 87 89 90 93 96 98 100 101 102 110 111 112 113 115 117 120 123 124 125 128 129 132 133 136 139 141 142 143 144 145 146 149 150 153
10 82 91 93 97 111 126 130 132 137 148
21 79 81 84 90 95 98 104 106 108 109 117 119 120 124 128 131 138 146 147 148 151
16 78 82 95 106 110 114 120 121 126 127 130 140 141 146 147 151
19 79 84 86 90 91 95 97 102 114 115 118 120 124 128 129 130 137 146 154
50 81 82 83 85 87 88 89 90 92 94 95 96 97 98 99 100 101 102 105 106 108 111 112 114 116 121 122 124 127 130 131 132 134 135 136 137 139 140 141 142 144 146 147 148 150 151 152 153 154 155
24 80 85 89 93 99 101 102 104 107 108 112 114 121 127 129 130 131 132 133 135 136 139 140 150
21 78 79 80 81 95 102 107 108 109 112 115 125 129 130 132 140 141 145 150 152 153
20 79 81 83 85 86 90 94 97 99 122 130 133 135 138 139 140 145 147 150 152
21 79 85 87 90 98 100 101 102 103 107 109 116 125 128 131 134 136 142 145 149 154
20 86 87 93 95 96 98 101 108 110 114 119 123 125 127 130 131 137 138 139 145
20 80 82 87 89 91 92 93 96 105 107 112 116 123 130 140 142 143 144 149 153
33 80 84 85 87 91 94 97 99 102 103 104 107 108 115 116 117 118 120 123 125 126 130 131 134 135 138 140 144 146 149 150 152 155
15 80 93 100 102 103 104 109 112 121 123 124 127 132 142 146
25 81 83 86 89 94 99 108 113 114 117 120 122 127 129 138 139 140 141 143 146 147 150 151 153 155
20 79 83 85 96 97 98 103 109 112 113 117 118 123 124 125 128 129 132 134 142
12 84 109 112 114 115 118 121 128 129 132 136 146
10 98 105 110 112 116 128 144 148 150 155
27 81 87 89 90 92 94 96 97 98 100 101 102 107 110 112 122 125 128 138 141 142 143 147 148 150 151 155
19 99 100 101 103 110 111 113 114 115 118 121 122 125 134 136 137 141 154 155
15 80 87 88 96 98 122 123 125 138 140 141 146 150 151 152
11 81 84 93 94 97 105 106 126 135 143 155
26 80 84 86 87 88 91 92 94 99 101 102 105 108 111 115 116 119 122 131 133 139 145 148 149 153 155
22 80 82 88 94 95 97 99 100 102 108 109 114 118 119 120 132 134 135 141 143 146 148
23 79 85 89 90 91 97 102 105 106 107 112 118 121 124 126 129 134 140 147 150 152 153 155
28 78 79 83 84 87 90 92 96 99 105 106 113 116 118 121 124 127 131 132 133 134 137 138 139 144 145 150 151
17 79 80 84 91 93 104 107 109 113 115 117 118 120 123 126 129 133
23 78 81 84 85 89 90 98 111 116 124 125 128 129 130 131 136 137 142 145 149 150 152 155
28 78 79 84 85 93 95 100 104 105 110 111 112 114 120 122 123 127 128 132 133 134 137 138 140 144 146 150 155
17 81 83 86 94 105 106 107 113 115 120 123 124 128 129 130 132 153
32 78 80 82 88 89 90 91 93 97 98 101 103 104 105 106 112 113 117 122 123 127 129 136 138 139 140 144 145 146 148 150 152
43 78 82 84 87 88 89 91 92 95 96 98 101 105 106 107 108 110 111 113 114 115 116 117 118 119 120 125 126 128 129 131 134 136 137 141 143 144 148 149 151 153 154 155
26 79 83 97 100 101 102 106 107 108 109 114 120 124 125 127 132 134 135 136 138 139 141 142 143 151 153
18 83 89 93 94 96 97 100 103 105 106 117 119 122 123 127 144 146 149
17 78 80 87 94 98 99 108 114 120 122 124 135 136 146 147 150 154
28 80 82 86 90 93 95 96 97 98 100 101 105 106 107 110 113 120 121 135 137 143 144 147 148 149 151 153 155
15 78 86 92 94 96 101 107 110 119 123 126 131 135 140 153
37 79 82 88 91 92 94 95 97 99 103 104 105 106 107 108 109 114 116 118 119 121 122 126 127 130 131 134 135 137 138 140 147 148 151 152 154 155
14 78 79 85 93 95 96 97 107 111 123 124 138 141 143
35 78 87 89 92 93 94 96 98 99 100 104 106 107 109 110 111 113 117 123 125 126 127 131 132 133 135 138 139 141 142 144 148 151 152 155
16 81 89 90 93 100 104 107 135 136 137 138 143 144 150 152 154
21 78 79 83 84 88 92 98 100 103 113 117 119 122 124 125 137 144 146 147 152 154
25 82 87 91 98 99 104 110 111 113 116 120 126 128 131 133 134 135 138 139 143 147 148 151 154 155
18 78 83 85 86 88 94 97 102 126 127 129 132 133 135 139 145 150 152
33 80 81 82 83 86 89 90 91 92 94 99 100 101 105 108 116 122 125 130 131 135 137 139 140 144 145 147 148 150 151 152 153 154
21 78 82 83 86 92 96 98 104 105 106 108 114 117 121 128 132 143 145 146 147 153
45 78 79 81 82 83 86 88 89 90 92 93 95 96 98 100 101 105 106 109 110 111 112 113 114 119 121 122 124 127 128 129 132 133 136 137 139 141 142 143 145 147 148 151 153 154
14 84 85 86 88 90 92 101 114 118 121 124 136 137 142
32 78 79 80 89 91 92 93 95 97 98 100 101 110 111 112 114 116 118 119 121 125 126 131 134 139 140 141 145 150 151 152 155
11 78 86 103 110 119 125 128 138 143 145 149
27 78 79 82 89 90 95 101 102 108 109 113 114 115 120 127 128 129 132 136 137 139 142 144 147 148 149 153
28 86 88 90 91 92 94 96 98 99 101 103 107 113 116 119 124 126 129 130 135 136 139 141 142 147 149 151 154
24 80 81 82 83 85 88 101 103 105 108 112 116 119 121 122 134 136 140 143 145 147 149 150 153
29 78 80 82 84 85 86 88 89 90 91 93 94 103 104 111 113 115 117 121 122 123 126 129 130 131 133 147 152 154
22 78 80 84 88 92 95 96 104 105 106 110 112 115 118 119 121 123 124 133 135 144 152
21 78 80 82 83 88 94 99 100 104 109 115 116 120 122 132 133 142 146 148 149 154
20 83 86 87 91 92 93 101 103 106 110 113 115 122 126 138 139 144 147 153 154
25 83 85 86 91 92 99 100 103 104 107 110 111 112 116 117 118 119 121 124 130 131 133 134 145 154
29 82 84 85 87 88 90 96 99 102 103 104 108 109 117 122 127 133 135 136 137 138 142 143 144 146 147 148 149 154
21 87 90 93 94 96 99 101 105 109 110 112 115 122 126 131 132 137 142 150 152 153
20 81 84 85 87 89 94 95 97 100 103 111 118 123 129 133 136 140 150 152 154
61 79 81 82 83 84 85 86 88 89 90 91 92 93 95 96 97 100 101 102 103 104 105 106 107 109 110 111 112 113 115 116 117 118 119 121 123 125 126 127 128 129 130 131 132 133 134 137 138 139 140 141 142 143 144 145 148 149 151 152 153 155
33 81 82 86 87 90 91 94 95 96 97 105 106 109 110 111 115 116 118 120 123 126 128 134 138 141 142 143 145 148 149 151 153 155
22 80 81 82 83 87 89 97 102 106 108 109 115 117 118 121 125 131 143 145 148 152 153
14 78 80 94 98 99 108 114 122 124 135 136 146 150 154
10 89 93 94 96 97 106 119 122 123 149
30 78 80 82 85 86 88 89 97 98 100 103 106 107 108 113 116 117 118 120 121 124 125 128 130 133 138 143 146 147 154
23 80 81 82 83 90 91 92 94 99 100 101 130 131 135 140 144 145 147 148 150 151 152 153
8 79 84 87 112 116 119 123 132
24 80 82 86 90 93 95 96 97 98 100 101 105 106 107 110 113 121 137 143 144 147 149 151 153
14 99 101 103 110 111 113 114 115 118 122 125 134 136 137
20 83 85 91 99 100 104 107 110 111 112 116 117 119 124 130 131 133 134 145 154
15 86 88 90 92 96 99 116 129 135 136 139 141 147 149 151
12 80 93 100 102 103 112 123 124 127 132 142 146
16 78 79 83 84 88 92 98 100 103 113 117 119 124 137 144 154
36 79 81 82 83 86 88 89 90 93 95 96 98 100 101 106 111 112 113 114 119 121 122 124 127 129 132 136 139 141 142 143 145 148 151 153 154
9 78 80 87 94 98 114 120 135 136
17 83 100 101 102 106 107 108 109 114 120 125 132 136 138 139 141 143
21 78 79 83 84 87 90 92 96 99 105 106 113 118 121 124 133 134 137 138 145 150
15 83 85 92 99 104 107 111 112 116 117 119 121 130 133 134
7 86 88 90 92 114 136 137
7 78 93 96 107 111 123 143
10 84 92 103 111 113 117 128 136 141 144
11 86 94 105 106 107 113 120 123 124 128 129
23 78 80 82 89 90 91 93 97 98 104 105 106 112 113 123 127 129 136 139 146 148 150 152
13 80 81 83 87 97 102 106 109 117 121 148 152 153
12 88 98 103 110 113 117 120 126 127 134 142 149
21 80 82 89 90 93 98 103 104 112 123 129 136 138 139 140 144 145 146 148 150 152
17 78 79 99 105 106 119 120 121 126 127 130 133 136 137 140 153 154
13 98 103 104 113 117 119 120 127 133 134 142 149 155
16 79 85 90 91 97 102 105 106 112 118 121 126 147 150 152 155
8 78 82 106 120 130 140 141 146
21 81 83 86 94 108 113 114 117 120 122 127 129 138 139 140 146 147 150 151 153 155
18 78 80 81 95 102 107 108 109 112 115 125 129 130 132 140 141 145 153
13 83 84 93 103 105 112 113 120 133 137 142 149 154
21 80 82 83 85 88 101 103 105 108 112 116 119 121 122 134 136 140 143 147 149 150
9 79 84 87 112 119 123 131 133 145
10 78 85 94 102 126 127 133 135 145 150
11 80 87 89 91 92 96 105 107 123 142 144
17 79 81 97 99 102 109 116 124 128 129 132 136 138 139 144 148 152
13 80 82 83 87 102 109 117 118 125 131 143 148 153
11 79 83 85 97 98 103 109 118 123 125 142
19 78 80 85 86 88 90 91 94 103 113 117 121 123 126 129 130 131 133 147
11 79 99 119 120 126 127 130 133 136 137 154
14 79 83 97 98 109 112 117 118 124 128 129 132 134 142
7 81 84 106 126 135 143 155
19 78 83 84 87 92 96 99 105 106 116 118 124 127 131 132 133 134 145 150
15 84 85 87 89 94 95 97 100 103 111 118 123 136 152 154
20 81 83 86 89 94 113 114 117 120 129 138 139 140 141 146 147 150 151 153 155
20 78 81 83 85 87 90 96 101 102 113 115 124 125 132 141 144 145 146 150 153
20 83 97 101 102 106 107 108 109 114 120 124 125 134 135 136 138 142 143 151 153
34 78 82 84 91 92 96 98 101 105 106 107 110 114 115 116 118 119 120 125 126 128 129 134 136 137 141 143 144 148 149 151 153 154 155
18 78 82 83 96 98 104 106 108 114 117 121 128 132 143 145 146 147 153
11 80 82 83 100 109 115 120 122 132 142 154
18 79 81 84 95 98 104 106 108 109 117 119 120 124 128 131 138 148 151
11 82 83 89 117 121 125 143 145 148 152 153
14 78 100 104 111 112 122 123 127 128 132 133 134 146 150
8 92 95 99 118 119 137 140 149
24 80 84 85 87 91 94 99 102 103 107 108 117 120 123 125 130 134 135 138 140 144 146 149 150
7 86 92 101 119 131 135 140
17 79 83 97 101 108 109 114 120 124 125 127 132 134 139 142 143 153
19 83 86 89 94 99 108 113 117 120 122 129 138 140 143 146 147 150 151 155
11 96 104 105 107 112 117 121 123 127 133 140
16 100 101 103 110 111 113 114 115 121 122 125 134 136 137 154 155
15 99 100 101 110 111 113 114 115 121 122 125 134 137 141 154
14 86 90 91 94 96 101 119 126 129 130 135 141 147 151
31 79 82 88 91 97 99 103 104 105 107 108 109 114 116 118 121 126 127 130 131 134 135 137 138 140 147 148 151 152 154 155
14 83 86 94 106 107 113 120 123 124 128 129 130 132 153
10 83 89 94 97 103 105 117 122 123 149
25 80 81 85 87 89 90 93 96 98 101 102 110 111 112 113 123 125 132 136 141 143 146 149 150 153
6 81 92 95 118 119 149
12 81 83 84 91 111 123 127 136 140 141 151 155
8 99 109 112 117 123 131 132 145
14 79 80 95 97 99 109 115 116 128 129 132 136 138 144
21 81 83 86 89 90 91 99 105 108 116 122 130 131 135 137 140 145 147 151 153 154
10 84 92 111 113 128 135 136 141 144 151
29 82 83 85 87 89 90 94 95 96 100 101 112 122 130 131 132 134 137 139 141 142 146 147 148 150 151 152 154 155
17 81 87 89 90 94 96 98 102 107 110 122 128 138 141 142 143 148
27 79 81 85 94 95 96 99 102 107 109 116 118 119 120 121 124 126 128 130 134 135 137 141 143 149 151 154
35 78 80 81 83 84 85 87 90 93 96 98 101 102 110 111 112 113 115 117 120 123 124 125 129 132 133 136 139 141 142 143 144 146 150 153
19 79 84 85 93 100 110 111 112 128 132 133 134 137 138 140 144 146 150 155
10 79 80 81 95 97 99 102 128 132 136
19 84 86 87 88 92 94 99 101 102 108 115 119 122 131 133 148 149 153 155
16 79 83 84 99 106 116 118 121 124 127 131 132 133 145 150 151
20 81 86 89 94 99 108 113 114 117 122 138 139 140 141 143 146 147 150 153 155
27 82 83 85 88 92 95 96 99 101 102 105 114 116 122 124 130 132 135 136 137 139 141 144 148 151 152 155
37 78 79 82 83 86 89 90 92 93 95 96 98 100 106 109 110 111 112 113 114 119 121 122 127 128 132 133 136 137 139 141 142 143 147 148 151 153
8 80 116 117 118 124 131 134 145
10 83 85 86 90 97 99 122 130 147 150
8 82 106 120 121 126 127 140 151
7 86 92 107 110 123 135 153
10 81 84 92 111 113 117 128 135 136 144
23 78 80 82 84 86 88 89 90 91 94 103 104 111 113 115 117 121 122 123 126 133 147 152
14 79 81 86 97 99 122 130 133 135 139 140 145 147 150
14 82 83 85 88 95 103 104 113 114 115 123 132 135 139
11 81 87 92 95 96 118 119 137 140 145 149
10 79 83 85 98 103 109 113 123 128 142
16 78 80 84 88 92 95 96 104 105 110 115 119 123 124 135 144
22 82 86 93 95 96 97 98 100 101 106 107 113 120 121 135 143 144 148 149 151 153 155
6 82 93 126 132 137 148
11 83 96 97 98 118 123 125 128 129 134 142
15 81 84 85 89 98 111 124 125 130 136 137 142 149 150 155
11 78 82 86 96 98 108 114 121 128 132 145
12 79 85 97 109 112 123 124 125 128 132 134 142
27 80 88 90 91 93 99 102 107 109 113 115 116 119 122 124 125 127 130 131 135 137 138 141 144 149 151 155
13 83 84 93 103 105 113 133 137 142 146 149 151 154
26 80 81 82 85 88 91 93 94 95 97 101 102 107 109 111 112 115 117 120 122 126 130 136 149 154 155
7 86 88 101 114 118 121 142
16 79 84 86 91 95 97 102 114 115 118 120 129 130 137 146 154
23 78 87 89 93 96 100 106 110 113 117 125 126 127 131 132 133 138 139 141 144 148 152 155
27 80 89 91 92 93 95 97 98 100 101 110 111 112 114 118 121 125 126 131 134 139 140 141 145 150 152 155
15 81 84 87 89 94 100 103 118 129 133 136 140 150 152 154
16 83 86 87 91 92 101 103 106 110 115 126 138 139 144 153 154
13 81 84 95 97 100 103 111 123 129 136 140 152 154
40 79 81 83 84 85 87 92 94 95 96 99 100 107 108 109 110 111 114 115 116 118 119 121 124 125 126 128 130 131 132 133 134 135 137 141 143 149 153 154 155
9 89 93 96 97 119 122 123 144 149
11 81 84 104 119 127 135 136 140 141 151 155
26 80 82 83 89 90 91 92 99 101 105 108 116 122 125 130 131 135 139 140 144 147 148 150 151 152 154
18 80 81 82 83 86 89 91 92 94 99 100 116 131 139 140 145 153 154
11 81 90 93 100 104 107 135 137 143 144 154
23 80 82 86 89 90 91 99 100 101 105 108 116 125 131 135 137 139 140 145 150 151 153 154
14 83 86 91 100 103 107 110 117 118 124 130 131 134 154
25 80 85 91 93 94 100 101 102 103 107 110 111 115 117 120 122 126 128 130 136 140 148 152 154 155
11 80 100 102 104 112 121 123 124 127 132 142
13 79 87 99 109 116 117 119 122 123 126 131 132 145
17 87 90 93 94 96 101 105 109 110 115 122 126 131 137 150 152 153
9 80 98 108 120 124 136 146 147 150
13 80 82 87 92 93 96 105 107 112 116 123 140 144
12 78 80 98 99 108 120 122 135 146 147 150 154
31 83 88 92 94 95 97 99 100 102 105 106 108 112 121 122 130 131 132 135 137 139 140 141 142 146 147 150 151 152 153 155
11 89 93 94 96 103 106 122 127 144 146 149
14 81 84 95 97 100 103 111 118 129 133 136 150 152 154
32 79 82 88 91 92 94 95 97 99 103 104 105 106 107 108 109 114 118 119 121 122 126 130 131 134 137 138 140 147 148 151 154
12 80 87 88 96 98 122 125 138 140 141 146 151
14 79 83 85 86 94 97 99 130 135 138 140 145 150 152
30 79 80 88 90 91 93 99 101 107 109 110 112 113 115 119 120 124 126 127 130 134 135 137 138 141 142 148 149 151 155
16 79 84 90 95 98 104 106 109 117 119 120 128 138 147 148 151
21 78 80 89 92 93 95 98 101 110 111 112 119 121 126 134 139 140 145 150 152 155
16 82 90 93 95 97 101 105 107 110 113 120 135 147 149 151 153
13 82 83 85 86 88 103 104 113 114 123 132 135 152
15 80 82 87 89 91 92 93 96 107 112 123 130 140 143 153
16 78 80 84 88 92 95 105 106 112 119 121 124 133 135 144 152
13 87 94 96 109 112 115 122 126 131 137 150 152 153
19 81 83 86 89 94 108 113 114 127 129 139 140 143 146 147 150 151 153 155
8 89 98 123 129 135 141 147 153
10 83 86 88 103 113 115 123 135 144 152
14 78 79 84 85 95 105 110 112 120 122 132 140 146 150
15 78 83 84 88 92 100 103 113 119 122 124 137 146 147 152
13 87 98 102 103 106 110 113 119 120 134 142 149 155
14 79 87 90 101 102 103 116 128 131 136 142 145 149 154
21 80 82 86 93 94 97 100 101 103 107 108 109 110 112 115 117 120 128 136 140 152
17 83 86 91 93 101 103 106 110 113 115 122 126 138 139 144 147 154
6 79 105 112 127 133 151
11 83 88 93 103 112 113 137 142 146 149 154
16 78 80 90 91 93 98 101 113 122 123 129 139 145 146 148 150
12 81 89 111 116 125 130 131 136 137 142 152 155
12 79 80 81 95 97 102 109 115 128 129 138 139
10 84 91 95 104 119 123 127 136 140 141
17 80 82 87 89 91 92 93 96 107 112 116 123 130 142 143 144 153
14 78 79 108 111 119 120 121 126 127 136 140 146 153 154
10 87 93 98 108 110 114 123 125 138 139
13 99 100 101 103 110 114 115 121 125 134 141 154 155
17 78 79 84 90 92 99 106 113 116 121 124 127 131 133 145 150 151
10 78 82 110 114 120 121 130 140 141 147
21 86 87 90 91 94 97 106 110 115 118 120 126 128 138 141 142 145 148 149 153 155
18 88 94 95 97 99 105 107 109 114 116 118 121 127 135 137 138 148 155
7 98 119 123 125 135 142 143
21 82 85 88 95 97 100 101 102 103 107 108 109 111 117 122 126 130 140 146 152 155
8 81 89 90 100 136 143 152 154
11 78 82 83 94 115 116 122 132 142 146 148
14 83 86 96 104 105 108 114 121 128 132 143 146 147 153
28 78 81 82 88 89 92 95 96 98 101 105 106 111 114 119 121 124 127 128 137 139 141 142 143 145 147 148 153
32 79 82 91 94 95 97 99 103 104 105 106 107 108 109 114 116 118 119 121 122 126 127 130 131 137 138 147 148 151 152 154 155
17 78 82 89 90 101 108 109 113 114 120 127 132 136 142 148 149 153
17 78 83 84 88 92 98 100 113 117 119 122 124 137 144 146 152 154
16 79 81 84 90 95 104 108 109 117 119 120 128 138 146 147 148
16 81 85 87 94 95 97 103 111 123 129 133 136 140 150 152 154
6 82 91 93 130 132 137
18 80 89 91 92 95 100 101 112 114 118 119 131 134 139 140 141 152 155
12 81 84 92 103 113 128 135 136 141 143 144 151
16 78 82 83 86 92 96 98 104 105 106 108 114 121 143 145 153
14 81 84 85 89 94 95 100 129 133 136 140 150 152 154
32 78 79 80 82 85 86 88 89 92 97 98 100 102 103 106 107 108 113 116 117 118 121 125 128 129 133 134 139 145 146 148 149
30 85 86 88 93 94 95 97 100 101 102 103 104 108 109 111 112 115 117 120 122 126 128 130 136 140 146 149 152 154 155
24 86 88 90 91 92 96 99 103 107 113 116 119 124 126 129 130 135 139 141 142 147 149 151 154
12 90 94 96 99 105 109 112 126 132 137 142 152
15 80 84 86 87 88 94 101 102 108 119 133 139 145 149 153
18 82 85 90 103 104 117 122 127 135 136 137 138 142 143 146 148 149 154
18 78 79 83 84 88 92 100 103 113 117 119 124 125 137 146 147 152 154
11 79 85 96 117 118 123 125 128 129 132 134
23 81 86 92 94 96 99 100 107 108 109 111 115 116 120 121 128 131 133 134 135 141 151 155
39 81 82 84 86 88 89 92 95 97 101 103 105 109 110 113 116 117 118 119 121 123 125 128 130 132 133 134 137 139 140 141 142 144 145 148 149 151 152 153
8 88 95 103 114 115 132 135 144
7 81 96 119 137 140 145 146
19 79 92 99 105 106 107 108 116 126 127 130 134 137 138 140 147 148 152 155
17 87 93 94 96 99 105 109 110 112 115 122 126 131 137 150 152 153
16 78 79 83 88 98 100 103 113 119 122 124 125 137 144 146 152
17 82 83 86 92 98 105 106 108 114 117 121 128 132 143 145 146 153
9 84 112 118 121 128 129 132 136 146
8 81 89 93 104 137 138 143 154
15 91 98 99 104 110 111 120 126 131 135 138 143 151 154 155
17 79 91 92 93 97 100 110 111 112 118 131 134 139 141 145 151 155
17 89 91 97 102 106 118 121 124 126 129 134 140 147 150 152 153 155
14 78 79 84 88 92 103 117 119 122 137 144 146 152 154
23 79 83 89 90 92 95 96 100 106 109 112 114 119 122 127 129 132 133 139 141 145 153 154
23 79 91 94 97 104 105 106 107 108 109 114 118 122 126 127 131 135 138 147 151 152 154 155
24 80 82 83 85 88 91 92 97 105 106 108 109 112 113 115 120 127 130 133 134 138 143 147 154
32 80 82 85 87 88 89 91 93 94 96 100 101 102 104 105 108 115 118 120 123 124 127 129 130 135 139 141 144 146 147 148 154
32 78 84 86 89 90 92 93 94 96 100 101 104 106 108 110 112 113 114 117 121 124 128 131 132 136 141 142 144 147 149 150 152
29 81 85 89 90 92 93 94 96 103 107 108 114 115 117 118 120 122 123 127 130 135 136 137 138 139 140 142 151 152
42 78 82 83 84 85 87 90 92 93 95 96 99 101 103 105 107 108 110 111 112 113 117 119 120 121 124 125 126 127 131 133 135 136 138 139 143 148 149 150 152 153 155
51 78 79 80 81 82 83 84 86 87 88 90 91 92 95 97 99 100 102 103 107 109 110 111 112 114 115 116 118 119 120 122 123 124 125 127 130 131 132 133 134 135 136 137 138 139 145 148 149 150 153 155
46 78 79 80 82 83 84 86 88 89 90 91 93 94 96 98 99 100 102 103 104 107 109 110 113 114 116 118 119 120 124 125 129 130 131 136 137 139 140 141 142 143 144 148 149 150 155
28 82 83 84 93 95 96 102 104 105 109 112 114 119 123 125 129 130 133 135 139 140 142 147 149 151 153 154 155
33 78 80 81 82 85 87 89 90 93 94 95 96 98 104 105 107 108 110 112 113 114 120 128 132 133 139 143 145 146 151 153 154 155
28 78 81 83 84 85 93 94 100 104 105 112 116 121 126 127 130 131 134 135 139 144 146 147 148 149 151 152 153
44 80 81 83 84 85 86 87 91 92 97 99 101 102 103 104 106 107 108 112 114 115 117 118 119 121 124 125 126 127 129 130 132 133 135 136 138 139 140 142 143 148 151 152 154
26 80 81 82 84 86 88 90 91 93 94 104 107 108 111 118 120 124 128 132 133 137 141 142 144 146 150
49 79 81 85 86 87 88 89 90 93 94 96 97 102 103 104 105 107 108 109 112 114 115 116 117 118 120 121 122 123 124 127 130 131 132 133 135 137 138 139 140 141 145 147 148 150 151 153 154 155
50 78 80 81 83 84 85 87 89 90 94 95 96 97 98 99 100 102 106 108 109 112 115 116 118 119 122 123 124 125 128 129 130 131 132 134 135 136 137 138 139 140 141 142 143 145 147 149 150 151 154
47 79 80 81 84 85 86 87 89 90 91 93 94 95 96 100 103 105 106 107 111 113 116 118 120 121 124 126 127 128 129 133 135 136 137 138 139 140 142 143 144 145 146 147 151 152 153 154
31 78 85 86 87 90 92 94 95 96 100 103 106 108 109 110 113 115 117 118 119 120 121 123 129 131 134 137 142 144 148 154
30 78 79 80 84 86 88 91 93 96 97 98 99 104 107 110 111 112 116 117 122 124 131 140 141 142 144 148 149 150 151
39 78 80 84 85 87 88 89 90 91 92 95 97 98 99 102 107 108 110 119 120 121 123 126 127 128 130 132 137 138 139 142 143 145 146 148 150 151 152 154
29 78 82 83 84 85 86 90 93 94 97 103 104 107 112 113 116 118 120 125 128 129 132 134 140 141 149 153 154 155
37 79 80 82 84 85 88 89 93 95 97 99 102 103 107 108 111 112 114 115 117 120 124 127 128 130 132 133 134 135 136 144 145 146 147 149 151 154
44 78 79 80 81 82 83 84 86 88 90 91 92 93 94 97 99 100 103 107 108 110 113 114 115 117 118 120 121 122 123 124 125 126 131 133 135 136 144 145 146 147 152 153 154
28 78 79 82 83 84 85 90 102 103 104 106 110 111 112 114 115 117 119 123 127 132 137 141 145 149 150 152 153
49 78 79 82 86 87 88 89 90 93 95 98 101 102 106 107 108 110 111 112 114 115 116 118 119 120 121 122 123 125 128 129 130 131 133 136 137 138 139 140 142 144 145 146 148 149 150 152 154 155
41 78 79 81 82 83 84 85 87 89 91 93 96 103 104 105 111 112 113 117 119 120 122 123 124 125 126 128 129 133 135 138 139 141 143 146 147 149 151 153 154 155
35 80 84 85 86 87 89 90 94 95 98 100 104 108 110 111 115 117 119 120 121 124 125 126 129 131 135 136 137 139 140 144 145 146 151 153
43 79 80 81 85 86 88 89 96 101 104 106 107 108 109 110 111 115 116 117 118 119 120 121 123 124 125 128 130 131 132 133 134 135 136 140 141 143 145 149 150 152 153 154
25 83 86 87 91 93 98 99 103 107 108 110 111 114 116 117 118 123 127 130 136 137 144 145 152 153
43 78 79 80 81 83 91 92 94 95 97 100 102 105 106 107 109 110 112 114 115 116 117 118 119 123 128 129 132 133 134 135 138 139 140 141 143 144 147 148 150 151 153 154
30 78 81 82 87 88 89 93 95 101 103 106 108 112 114 115 121 123 124 128 131 133 136 140 141 143 144 145 149 151 153
52 80 81 82 83 84 85 86 87 88 91 93 94 96 97 101 102 103 105 108 109 110 111 113 114 115 116 120 121 122 124 125 126 128 129 130 132 133 134 135 137 139 140 141 142 143 146 147 150 151 152 153 154
42 78 79 80 81 82 84 87 89 93 95 97 98 100 102 104 106 109 112 113 115 116 119 122 125 126 127 129 130 132 133 134 136 139 140 141 142 144 147 148 149 154 155
29 81 82 83 84 85 87 95 102 103 104 105 114 115 124 125 127 128 130 133 134 135 137 139 140 145 149 152 153 154
33 81 82 84 85 87 93 97 98 101 103 107 110 114 115 117 119 120 123 127 132 133 134 139 142 144 145 147 148 149 150 152 153 155
37 84 85 86 87 89 91 92 93 101 103 105 107 109 110 117 119 120 121 123 127 128 130 131 134 137 139 141 142 145 146 147 148 149 150 152 154 155
46 78 79 81 82 87 89 90 92 93 94 95 96 97 98 102 104 105 106 110 111 114 116 118 120 121 123 124 126 127 128 129 130 132 133 134 135 136 143 144 145 149 150 151 152 153 154
52 78 79 80 83 85 87 90 91 92 93 94 95 96 97 98 99 100 102 105 106 107 109 110 112 114 115 116 117 118 119 120 121 124 127 130 131 132 133 136 137 138 139 141 142 143 145 147 148 149 150 153 155
24 78 80 85 86 87 89 93 96 97 101 102 110 113 115 117 127 128 135 136 137 138 141 144 154
53 78 80 81 82 85 88 90 92 93 95 97 99 100 101 102 104 105 106 107 112 113 114 115 116 117 118 119 120 121 123 124 125 126 127 128 129 130 132 133 134 136 137 138 140 141 142 143 144 147 149 150 151 153
39 79 80 83 86 89 90 91 93 94 97 99 101 105 106 107 111 112 115 118 120 125 127 129 131 135 138 139 140 142 143 146 147 148 149 150 151 152 154 155
41 78 79 80 82 83 85 86 89 91 92 93 94 96 97 98 99 103 107 108 109 111 113 115 116 117 119 121 122 124 127 128 135 136 137 138 144 146 147 148 149 153
43 82 83 84 85 87 89 92 93 95 98 100 101 104 105 110 111 112 113 119 122 125 126 127 128 129 130 131 132 133 135 138 139 141 142 144 145 146 147 148 150 151 152 153
33 78 80 81 82 86 90 94 97 99 104 106 107 109 110 112 118 119 121 123 125 127 136 137 139 141 142 143 145 146 147 150 152 155
54 78 79 80 81 82 83 84 85 86 88 90 94 95 96 97 99 100 101 102 103 105 108 109 110 111 112 113 115 116 117 119 121 124 128 130 131 132 133 135 136 137 139 140 141 142 143 144 145 148 150 152 153 154 155
51 78 80 81 83 88 89 90 92 93 94 96 100 101 102 104 105 106 107 108 109 111 112 113 115 116 117 119 120 123 126 127 128 129 130 132 133 134 135 137 138 139 142 143 145 147 148 149 150 153 154 155
47 79 80 81 82 83 86 87 88 90 93 94 95 97 98 100 101 102 106 107 108 109 113 114 116 117 118 119 121 122 123 124 126 129 130 132 135 136 138 142 143 144 146 149 150 153 154 155
27 78 81 83 89 91 98 100 101 103 107 109 115 116 121 123 124 127 133 135 136 139 140 144 147 151 154 155
27 78 86 92 93 95 97 98 102 112 113 114 117 119 121 125 126 129 131 134 136 138 142 145 148 149 150 151
47 78 79 82 84 85 90 91 92 93 97 98 100 101 102 103 106 107 109 110 116 117 118 119 120 121 122 124 125 126 127 128 130 132 133 136 137 139 140 141 142 144 148 149 150 151 153 154
25 78 82 84 87 89 99 101 107 108 112 113 119 121 122 125 129 131 132 134 138 140 144 149 152 155
41 79 80 81 83 84 85 86 87 92 94 99 100 103 104 106 108 110 111 112 113 117 119 121 122 123 124 125 126 128 130 131 135 138 139 144 145 148 150 153 154 155
41 79 80 81 82 84 86 88 89 92 93 96 98 103 104 105 106 108 112 113 115 119 122 124 125 126 127 133 136 137 138 139 141 142 144 145 148 149 151 152 154 155
41 78 80 81 82 84 87 89 92 94 96 101 105 107 111 113 114 115 117 118 119 120 121 122 124 127 128 131 132 133 134 136 137 140 141 142 143 144 147 151 152 155
32 80 81 82 87 89 90 96 97 100 101 103 107 109 111 116 118 121 124 126 127 134 137 138 139 140 144 147 148 150 151 152 153
49 78 79 82 83 85 86 87 88 89 90 91 92 94 95 97 98 101 102 103 104 105 107 108 110 114 115 117 122 124 125 127 129 130 131 132 133 135 137 138 139 140 141 143 144 145 149 150 151 154
28 78 80 82 85 86 88 94 97 104 109 112 113 115 119 124 126 130 132 134 135 137 138 139 140 148 150 153 154
46 79 80 83 85 86 87 89 90 93 94 95 96 98 99 102 103 104 107 110 111 112 113 115 116 120 121 123 124 127 128 130 131 132 135 138 139 140 141 143 144 145 147 148 149 151 152
23 82 87 89 90 91 93 95 104 108 111 116 117 122 123 126 127 129 130 135 137 138 142 152
36 78 87 89 90 96 100 102 103 106 109 110 111 113 115 117 119 120 124 125 127 128 129 130 131 132 135 136 137 139 141 143 144 145 147 152 155
24 81 83 86 88 89 90 92 95 96 99 101 103 110 115 116 130 131 134 139 141 145 149 150 151
39 78 81 82 84 86 87 89 93 95 100 102 106 107 110 111 112 113 115 116 117 120 122 124 126 127 130 131 133 134 136 140 143 146 148 149 150 151 152 155
44 78 79 82 87 89 92 94 95 98 99 100 102 103 104 107 109 110 112 113 115 119 120 121 122 123 125 126 127 128 130 133 134 138 139 140 143 144 145 146 148 149 150 153 155
53 78 79 80 83 84 85 86 87 88 89 90 92 93 96 97 99 103 104 106 107 109 111 112 114 115 116 117 120 121 122 124 125 126 127 128 129 130 131 132 135 136 140 141 144 145 147 148 149 150 151 152 153 155
29 82 83 85 86 91 96 101 103 105 107 108 111 113 114 116 117 120 122 124 125 126 127 129 132 134 135 141 142 146
28 80 82 84 86 89 92 94 98 100 105 106 107 109 112 114 119 120 127 128 132 138 141 144 147 149 150 151 153
48 78 79 80 82 83 84 85 88 91 92 93 95 98 101 102 103 104 106 108 110 111 112 114 115 117 118 119 122 123 125 131 132 134 136 137 138 139 140 141 143 145 146 147 148 150 151 153 155
48 79 80 81 83 85 86 88 90 91 92 93 94 95 97 99 101 102 103 104 105 106 109 111 112 113 116 117 119 120 123 124 126 131 132 135 136 140 141 142 144 145 147 148 149 150 152 154 155
49 79 80 82 83 84 87 88 92 93 94 96 97 98 100 101 102 104 105 106 107 111 114 115 117 118 122 123 124 125 126 127 128 130 132 139 140 141 143 144 145 146 147 148 149 150 151 152 153 154
29 78 79 81 82 86 87 89 94 95 96 98 100 103 104 106 107 108 112 113 117 119 136 137 138 140 150 152 153 155
38 83 85 88 90 95 97 100 103 104 105 106 107 108 109 112 115 118 121 122 124 125 129 131 132 133 134 136 137 139 140 142 143 145 147 148 149 151 155
51 78 79 80 82 85 88 89 90 92 93 94 95 96 97 98 100 102 103 105 106 107 108 109 111 114 115 118 119 120 121 122 123 124 125 128 130 132 134 135 136 137 139 141 144 145 147 149 150 151 152 155
44 83 84 87 88 89 90 91 92 94 95 97 98 100 101 104 105 108 109 110 111 115 118 120 122 124 127 129 130 132 135 136 137 139 140 141 142 144 145 146 148 149 152 153 154
31 80 83 84 85 88 92 94 95 98 99 102 103 104 107 110 114 117 119 120 126 127 128 134 135 137 138 140 142 150 153 154
27 78 79 80 81 86 88 89 94 99 104 106 108 110 113 115 120 131 133 135 136 140 144 146 149 151 153 155
33 78 80 81 83 87 90 91 94 100 103 105 106 107 110 117 121 122 124 125 127 129 130 131 135 136 138 141 142 143 144 147 148 150
30 80 82 85 86 87 88 90 96 101 103 105 106 110 111 112 115 116 119 122 123 131 138 140 141 144 145 146 147 148 154
29 79 83 84 85 86 87 92 93 94 100 104 106 115 119 123 127 128 130 133 136 137 142 145 146 147 148 149 150 153
34 78 81 82 85 86 89 92 93 100 101 104 105 107 108 109 110 111 112 116 117 118 122 123 128 131 136 137 140 143 145 146 147 149 150
27 79 82 83 84 85 87 89 93 97 100 106 109 112 115 116 119 120 128 130 131 132 138 141 150 152 153 155
42 82 83 84 87 90 92 93 96 97 98 100 101 104 105 107 110 111 113 114 117 118 121 122 126 129 130 131 132 135 136 137 140 141 142 143 144 145 147 148 149 152 154
40 79 81 83 84 85 87 88 89 90 92 93 94 95 96 101 103 104 106 107 109 110 116 118 119 120 126 127 130 131 132 133 134 136 137 138 142 150 151 152 153
42 78 79 82 83 84 85 86 87 89 90 91 92 93 95 96 98 99 100 102 104 107 111 114 115 116 119 121 124 125 126 128 129 130 131 138 139 143 145 148 151 153 154
53 78 79 80 82 85 86 87 89 90 91 92 95 97 100 102 103 105 107 108 109 110 111 112 113 114 120 122 123 125 127 128 129 130 131 132 133 134 135 137 139 140 141 142 143 144 145 146 147 148 150 152 153 154
30 78 79 82 83 84 85 90 92 95 96 99 106 108 109 110 116 120 122 123 126 131 137 140 141 142 147 148 151 153 155
28 78 79 81 85 90 99 103 105 106 109 112 113 114 116 122 125 127 132 134 138 141 143 144 147 149 150 153 154
45 80 81 83 84 85 86 87 88 89 90 92 93 95 97 98 99 100 101 102 105 108 112 113 115 116 117 118 119 120 122 124 125 126 127 129 131 132 137 142 146 149 150 151 153 154
39 78 81 86 87 88 90 91 92 93 96 97 100 101 102 103 104 105 107 110 116 119 120 121 122 125 127 128 129 137 139 142 143 144 145 147 148 149 150 155
35 78 79 82 84 85 87 88 90 91 92 97 100 103 106 109 110 111 116 118 120 122 125 130 131 133 135 137 142 144 145 148 151 152 153 155
53 78 79 82 85 86 89 90 91 92 93 94 96 97 98 99 100 101 102 104 107 108 109 110 111 112 113 114 115 117 118 120 121 122 123 125 127 128 129 130 133 136 137 139 140 141 142 144 147 148 149 150 152 153
45 79 80 81 82 84 89 90 91 94 95 96 97 100 101 102 103 106 107 109 110 113 114 116 117 118 119 121 124 127 130 132 133 134 138 139 140 142 143 144 146 147 149 150 151 152
50 79 80 81 83 84 85 86 87 89 90 92 93 94 95 96 97 98 100 101 102 104 105 107 108 111 112 113 115 117 118 119 123 124 125 126 130 131 132 134 136 137 138 141 143 147 149 151 153 154 155
47 80 82 84 85 86 87 91 94 95 96 97 98 102 103 105 106 107 108 110 111 112 115 116 117 119 123 124 125 126 127 131 132 134 135 136 137 139 141 142 143 148 150 151 152 153 154 155
26 78 81 82 83 89 90 92 94 100 104 110 114 115 118 121 127 130 133 134 137 140 141 145 150 151 154
37 78 79 80 87 88 89 91 93 95 99 100 101 103 108 109 110 111 112 114 115 119 120 121 124 125 126 128 130 132 133 134 135 136 143 148 150 154
41 82 84 86 87 89 90 92 93 94 98 102 105 106 107 108 113 114 115 117 118 121 123 128 129 133 136 137 138 140 141 142 143 144 145 147 148 149 150 151 153 154
32 79 80 82 83 84 85 87 89 90 93 99 103 105 108 109 110 117 118 120 121 124 126 130 131 134 137 138 139 140 143 145 152
34 80 81 82 85 87 91 92 93 100 104 106 109 111 114 115 116 117 118 124 128 129 130 136 137 138 140 143 144 145 146 149 150 152 155
26 89 90 93 98 100 107 109 113 114 117 119 120 121 123 124 126 128 130 132 134 138 139 144 149 153 154
30 78 84 86 92 97 98 101 102 103 105 109 110 115 116 117 120 121 128 131 135 136 137 141 142 143 144 149 150 152 154
45 80 81 82 84 85 86 92 94 95 96 97 98 100 101 102 104 105 106 107 110 112 113 114 116 119 121 122 123 124 128 129 135 138 139 140 141 143 146 149 150 151 152 153 154 155
40 78 79 81 83 87 90 92 94 95 98 99 101 103 104 106 108 117 121 123 124 125 127 128 130 131 133 134 135 136 137 139 140 141 142 144 145 146 148 150 154
24 78 79 82 87 89 90 92 93 102 103 104 105 106 109 112 115 122 123 127 130 142 150 151 154
37 78 82 88 90 95 96 99 100 101 102 103 104 108 109 110 111 116 119 120 121 122 123 124 125 127 130 132 134 135 136 137 139 141 142 143 150 151
27 78 88 92 97 105 107 111 115 116 117 120 122 124 127 130 131 135 137 139 142 144 148 150 151 152 154 155
54 78 80 81 82 83 84 85 86 89 91 93 94 95 96 97 98 101 102 104 106 108 109 111 112 113 114 115 117 118 119 121 123 124 125 126 127 130 132 134 136 137 138 139 141 143 144 145 148 149 151 152 153 154 155
33 81 85 86 89 93 98 99 100 103 105 106 107 108 109 110 112 113 114 117 120 130 131 133 135 136 138 140 141 146 148 149 151 154
51 78 79 83 85 86 87 88 89 91 93 94 96 97 98 100 101 102 103 104 105 106 107 112 114 115 116 119 120 121 123 124 126 127 128 131 132 135 136 137 139 141 143 144 145 147 148 149 150 151 153 154
32 79 81 85 86 87 91 92 96 97 100 103 108 111 114 116 120 121 123 126 130 133 135 137 138 140 144 148 150 151 152 153 154
26 78 82 84 86 90 91 93 95 98 99 100 103 104 109 110 123 124 126 135 136 145 147 148 152 153 155
36 80 81 86 88 91 92 95 97 98 100 101 103 104 108 110 111 112 120 121 122 123 124 125 128 129 131 136 137 138 139 140 141 143 145 149 152
52 80 81 82 83 84 86 89 91 92 93 94 95 96 97 101 102 103 105 106 109 110 111 112 116 118 120 121 122 124 125 126 127 128 131 132 134 135 136 137 139 140 141 144 145 147 148 149 150 151 152 153 154
49 79 80 82 83 84 89 90 91 93 94 95 96 97 98 99 100 102 103 104 105 106 107 108 112 113 114 119 121 122 123 126 127 128 129 132 133 136 137 140 142 144 145 146 147 148 149 150 152 154
47 78 79 80 81 84 85 86 87 88 90 91 94 95 97 99 100 101 102 103 106 108 109 112 113 114 116 117 118 120 121 125 127 129 131 132 134 139 140 142 143 144 145 147 148 149 152 154
38 79 80 82 84 85 90 92 94 95 102 103 107 108 113 116 117 118 119 121 122 123 125 126 127 128 129 130 131 139 142 143 144 148 149 151 153 154 155
48 78 80 82 83 84 85 86 88 89 95 98 99 101 103 104 108 110 112 113 115 116 118 119 120 121 122 123 124 126 127 130 131 132 134 135 136 137 139 140 141 142 144 145 146 148 149 154 155
52 78 79 80 81 82 83 85 86 87 88 90 91 92 93 94 95 97 99 102 103 107 108 109 113 116 117 118 121 122 123 125 126 128 130 131 133 134 136 139 140 141 142 143 145 147 148 149 150 151 152 154 155
23 78 79 80 82 83 85 86 91 93 97 99 100 113 120 122 124 125 127 128 138 141 148 155
34 78 80 81 82 83 84 85 88 90 92 96 99 104 105 108 109 113 116 121 123 129 131 134 135 136 137 138 140 143 144 145 148 153 154
52 80 81 89 90 91 93 94 96 100 101 102 103 108 109 110 111 112 113 114 115 116 117 118 119 120 122 123 124 125 127 128 129 130 132 134 135 136 137 138 140 141 144 145 146 147 149 150 151 152 153 154 155
43 82 86 88 89 90 91 94 96 97 98 99 102 103 104 106 107 108 110 112 114 115 120 121 122 123 124 125 130 131 133 136 138 140 141 143 144 145 148 149 150 152 153 155
24 80 84 87 89 108 109 111 112 113 117 120 124 126 127 132 134 136 141 142 143 145 147 152 155
47 80 81 82 83 84 86 89 90 91 92 93 94 96 97 99 101 103 104 106 107 109 110 113 114 116 117 118 120 121 122 124 127 128 130 131 133 134 138 139 140 141 145 146 150 152 153 155
51 78 79 80 81 82 83 85 86 87 88 89 90 91 92 93 94 95 97 98 99 100 102 104 105 107 108 109 111 112 113 114 115 116 117 118 119 121 122 123 124 125 126 127 129 130 131 132 135 143 145 155
42 80 82 83 84 86 87 89 91 94 99 101 103 104 106 107 108 110 111 113 114 117 118 120 122 124 125 127 128 130 133 134 136 137 138 142 143 144 147 149 152 153 154
44 78 79 82 85 88 90 91 93 95 96 98 101 104 105 109 110 111 112 113 114 115 117 119 122 125 126 127 128 129 130 132 134 135 137 140 141 142 146 147 148 149 150 151 153
42 78 80 81 82 86 87 88 89 90 94 95 96 100 103 104 105 108 109 110 111 113 114 118 119 120 126 127 129 130 133 134 137 139 140 143 146 147 148 149 152 154 155
37 79 82 88 89 92 94 95 98 99 102 103 104 105 106 109 111 113 117 118 120 121 122 124 127 136 137 139 140 142 143 144 148 149 151 152 153 155
50 78 82 83 86 87 88 90 91 94 96 97 99 100 101 102 103 106 107 108 110 111 112 114 115 116 117 119 120 122 123 124 125 128 129 132 137 138 139 140 143 144 145 146 147 148 149 150 151 152 154
24 80 84 85 87 88 89 94 95 96 97 100 101 104 109 118 121 123 127 133 134 143 144 147 148
43 80 82 84 85 87 88 90 91 94 95 98 99 100 103 104 106 108 109 110 112 113 115 118 119 123 125 129 131 132 133 134 135 136 138 140 141 143 146 149 151 152 153 154
39 78 80 81 82 83 87 89 90 92 93 95 101 102 104 107 108 112 115 116 119 122 123 124 125 128 129 130 133 134 135 137 140 142 146 148 150 151 152 155
24 80 83 84 85 87 90 96 99 104 108 111 113 125 127 130 134 135 138 141 144 147 148 152 154
37 78 79 80 82 83 84 87 92 93 95 97 100 101 104 105 108 112 114 117 120 122 124 126 127 129 131 134 136 138 140 141 143 144 145 151 152 155
53 78 84 87 89 91 92 93 94 95 96 97 101 102 103 104 105 106 107 108 112 113 114 115 118 119 120 121 122 124 125 126 128 129 132 133 134 135 136 137 138 139 142 143 144 145 146 149 150 151 152 153 154 155
25 85 92 97 101 107 111 112 115 116 117 118 122 123 124 125 126 128 131 134 137 142 143 144 151 155
34 78 80 83 84 85 87 88 89 90 93 95 96 97 101 105 107 114 115 122 124 127 128 129 132 133 134 135 136 139 142 143 144 149 153
43 79 80 83 86 90 92 93 94 95 97 98 99 101 104 108 112 113 116 117 118 121 125 126 128 129 130 131 132 133 135 137 138 140 141 142 143 145 146 148 149 150 154 155
38 78 79 80 81 84 85 88 90 91 95 96 105 106 107 109 110 113 116 118 119 120 122 125 126 127 128 130 135 136 137 139 140 143 144 146 148 149 154
43 79 80 83 84 86 87 88 90 93 94 97 98 101 102 103 105 107 110 113 115 118 120 121 122 125 126 127 128 132 134 136 138 139 140 141 142 144 148 149 150 151 152 153
37 78 79 80 82 85 87 91 92 93 94 95 96 97 98 100 101 102 110 112 123 124 126 127 129 130 132 133 134 139 143 144 146 147 149 150 153 155
45 79 86 88 89 90 91 92 93 94 97 99 100 101 102 106 107 109 111 114 115 116 118 120 122 123 124 125 126 127 129 130 133 138 141 142 143 144 145 146 148 149 151 152 154 155
38 79 80 82 83 84 87 88 91 96 97 99 103 105 106 108 110 114 121 122 123 124 126 127 129 133 134 136 138 139 141 143 144 145 146 148 149 150 154
46 78 80 83 84 85 86 89 90 92 93 94 95 96 103 104 106 108 110 111 113 114 115 117 119 122 123 125 130 131 133 134 137 139 140 141 143 144 146 147 148 150 151 152 153 154 155
38 78 82 84 85 86 89 90 91 93 97 99 103 104 105 106 107 108 109 110 111 114 118 120 121 127 128 131 132 134 135 136 137 140 146 147 148 151 152
37 78 80 81 85 88 89 91 93 94 95 97 100 102 103 104 108 110 111 114 115 120 121 122 123 124 128 129 130 135 136 137 139 140 145 147 153 154
48 78 82 83 84 86 87 88 89 91 92 93 94 98 99 102 104 106 110 111 112 114 117 120 121 122 123 126 127 129 130 133 134 135 136 138 140 141 142 144 145 147 148 149 150 152 153 154 155
48 78 79 82 84 85 87 88 89 90 91 94 95 97 98 100 102 103 106 108 110 113 115 116 117 118 119 121 122 123 124 125 126 130 133 135 138 139 140 141 142 143 144 145 147 148 150 153 155
31 78 79 83 84 87 88 89 90 94 97 100 103 105 109 111 120 124 126 127 129 130 131 132 134 140 141 143 146 149 150 153
51 78 84 88 91 92 93 94 96 97 101 102 104 106 107 108 109 110 111 112 113 114 116 117 121 122 123 127 128 129 130 132 133 134 136 137 138 139 140 141 143 144 145 146 147 148 149 150 151 153 154 155
41 78 80 81 83 86 87 88 89 90 91 93 97 98 99 100 101 102 104 105 107 111 116 117 118 120 121 126 128 131 132 134 135 136 137 139 142 143 149 150 153 154
51 78 79 80 83 84 85 86 88 89 91 92 94 95 97 98 101 102 105 106 107 108 110 111 112 113 114 116 119 121 122 123 124 125 127 128 130 131 132 134 135 137 141 142 143 144 145 146 148 151 153 154
46 78 79 80 81 82 83 84 85 86 89 90 91 92 93 94 96 99 100 102 108 109 110 114 117 119 120 121 122 123 126 128 130 131 132 133 134 135 137 141 142 147 151 152 153 154 155
46 79 80 81 83 84 87 88 89 92 93 94 95 98 100 101 103 104 105 106 107 108 109 110 112 113 114 115 116 119 121 124 126 127 131 134 137 138 140 141 144 145 147 148 149 151 153
29 80 83 85 86 88 94 96 99 100 102 103 105 109 117 120 124 125 128 130 131 134 140 141 142 143 146 148 152 155
54 78 79 81 82 84 85 86 87 88 90 91 92 94 96 97 98 99 101 102 103 104 105 107 108 109 111 112 113 114 116 118 119 121 122 126 127 129 130 133 134 135 137 138 139 140 141 142 143 144 145 146 150 151 153
29 80 81 82 84 91 94 98 99 100 102 104 107 108 112 113 114 115 117 119 122 126 130 134 136 137 138 143 144 147
47 82 83 85 86 87 88 89 90 92 94 95 97 100 102 104 107 108 110 113 115 116 117 119 120 121 122 125 126 128 129 130 132 136 137 138 140 141 142 143 145 146 147 149 150 152 153 154
54 78 79 80 81 83 85 86 88 89 91 92 93 94 96 97 99 100 101 102 103 104 105 106 107 109 112 113 114 116 122 123 125 126 128 129 131 132 133 134 135 136 137 140 141 143 144 145 146 147 148 149 152 153 155
31 80 81 84 85 88 92 93 94 95 98 99 102 103 105 106 109 114 118 122 126 128 129 130 131 137 138 140 147 150 151 155
31 83 84 85 87 89 91 93 96 100 101 107 110 112 113 114 118 120 124 125 129 134 136 138 140 141 147 148 150 151 153 154
29 80 81 84 87 89 90 92 95 96 97 98 100 103 107 126 128 129 130 131 132 133 134 141 143 144 146 151 154 155
51 78 79 82 83 85 86 87 88 89 90 92 93 95 96 98 99 101 103 104 106 107 108 111 112 113 115 120 121 123 126 128 131 132 133 134 135 137 138 139 140 142 143 144 146 147 149 150 152 153 154 155
39 81 83 88 89 92 93 95 97 99 105 106 108 112 114 115 117 121 123 125 126 131 134 135 136 137 138 139 141 142 143 144 145 147 148 149 152 153 154 155
37 80 82 83 84 85 86 87 90 91 92 97 100 101 103 105 109 110 112 119 120 121 126 127 129 132 134 135 140 142 143 144 145 146 149 152 153 155
39 79 80 81 82 84 87 90 92 93 94 96 98 100 109 111 112 113 114 115 116 117 118 121 122 124 126 130 131 135 137 138 139 140 141 144 146 147 150 154
30 80 85 86 92 93 94 97 100 106 107 111 112 113 119 122 126 133 134 135 137 138 140 141 142 145 148 150 151 152 154
45 78 80 81 82 85 89 90 93 95 96 97 98 102 103 105 106 107 108 109 110 111 115 117 118 120 122 124 125 129 131 134 137 138 139 141 142 143 144 146 147 148 152 153 154 155
50 78 80 83 84 88 93 95 96 97 98 99 100 101 103 104 106 107 108 109 110 112 114 116 117 118 119 120 125 126 129 130 133 134 135 136 137 138 139 141 142 143 144 145 147 149 150 151 152 153 154
42 78 80 82 83 88 90 92 93 95 97 102 103 104 105 106 107 108 111 113 114 115 116 117 118 119 120 121 122 129 130 131 132 135 136 137 139 141 142 143 147 151 154
29 82 85 88 92 96 99 102 103 106 107 117 118 119 126 127 128 129 131 133 138 139 140 141 142 143 144 150 151 153
34 79 84 88 92 94 95 97 99 104 105 109 112 116 117 118 121 124 125 127 129 131 133 134 136 137 138 142 145 146 147 148 150 151 154
45 78 79 81 82 84 85 87 88 90 91 92 96 98 100 101 103 105 106 107 111 115 118 119 121 122 123 125 126 127 128 131 133 136 137 138 140 141 142 145 148 149 152 153 154 155
30 79 82 84 86 87 88 93 94 98 99 103 111 113 115 117 120 125 127 128 129 130 131 132 134 136 138 142 149 150 153
41 82 84 86 88 90 93 96 97 98 99 100 101 103 105 106 112 113 114 115 116 117 118 121 122 123 129 133 134 136 138 139 141 142 143 144 146 147 148 149 151 155
44 78 79 82 84 85 88 89 90 91 92 94 97 102 105 106 108 109 114 115 116 118 119 120 121 125 126 127 128 130 131 133 134 136 137 138 141 142 143 146 147 149 150 154 155
47 78 81 83 90 91 92 94 96 97 99 101 103 104 105 106 109 110 111 114 115 116 117 119 120 121 125 126 128 129 130 131 132 134 135 136 137 138 140 141 142 143 146 147 148 150 153 154
48 78 79 80 81 83 84 86 87 88 89 90 91 92 94 95 97 103 106 107 108 110 111 112 113 114 118 120 121 122 124 125 126 127 129 132 133 137 138 142 145 146 147 149 150 152 153 154 155
38 80 82 83 84 86 87 91 92 96 98 99 100 101 102 104 107 108 109 110 111 117 119 120 121 124 126 129 130 131 132 135 138 139 144 148 149 154 155
25 88 90 92 93 95 102 103 104 105 106 107 112 115 119 120 121 123 126 128 132 136 140 144 153 154
41 80 81 82 84 85 86 88 89 90 92 93 95 96 98 100 102 103 105 107 111 114 117 118 121 126 127 128 131 133 134 135 136 138 141 148 149 150 151 152 153 155
45 79 80 81 82 84 86 89 91 92 94 96 98 99 100 102 105 106 107 108 109 113 114 116 117 118 120 122 123 128 132 134 135 136 137 138 140 141 144 145 146 147 148 151 153 154
46 78 79 80 85 88 90 93 94 95 96 97 100 102 103 104 105 106 108 109 112 113 114 118 119 120 121 123 126 127 129 131 133 135 136 139 142 143 145 147 148 149 150 151 152 154 155
44 78 80 81 85 88 89 92 93 94 99 100 101 103 104 105 106 107 108 112 113 116 117 119 120 122 123 124 125 126 127 128 129 130 131 134 135 139 140 142 143 144 147 150 155
47 78 79 80 81 82 90 91 92 93 94 95 96 100 102 103 104 105 106 107 110 111 112 117 118 120 121 123 124 125 126 127 130 131 133 135 138 140 142 143 144 145 146 148 149 153 154 155
44 79 80 81 84 86 87 90 91 92 93 95 96 97 98 99 100 101 102 106 109 110 111 114 115 117 118 121 126 128 130 131 132 133 137 139 141 142 144 145 146 148 150 151 155
48 78 83 84 86 90 91 92 93 96 97 99 100 101 102 103 104 107 109 111 112 113 115 117 118 119 121 122 126 127 128 129 130 132 135 137 140 141 143 144 146 147 148 149 150 151 152 154 155
26 81 83 85 87 93 96 97 99 106 107 112 119 120 123 127 128 133 135 139 140 141 144 145 148 149 155
41 81 82 83 85 87 89 91 93 96 97 99 102 106 108 109 110 112 114 115 121 127 128 129 130 131 132 133 134 135 137 138 139 142 144 146 149 150 151 152 153 154
32 79 81 82 85 87 89 92 93 95 96 97 105 109 112 115 116 120 123 126 127 129 133 137 139 141 143 144 145 147 149 150 154
37 81 86 87 88 89 92 95 97 98 99 101 105 107 108 111 113 115 117 118 121 122 127 128 133 134 135 136 137 139 140 142 144 147 148 149 150 152
45 79 80 84 86 88 89 90 91 94 95 96 99 101 103 104 105 106 108 113 114 115 116 118 119 121 123 124 128 130 131 135 136 138 139 141 142 147 148 149 150 151 152 153 154 155
49 78 79 80 81 82 83 84 86 87 91 92 94 95 96 103 105 106 107 108 110 111 112 113 115 116 119 120 121 123 124 126 128 129 130 132 133 137 138 139 141 142 143 146 147 148 151 152 153 154
23 79 84 93 95 96 97 101 104 109 110 112 114 115 116 117 119 122 129 132 137 147 151 152
46 81 82 83 84 85 86 87 88 89 90 93 94 96 97 98 99 100 101 102 103 104 111 117 118 119 121 124 125 127 128 129 130 133 135 136 137 139 142 144 146 147 148 151 152 154 155
54 78 81 82 84 86 87 88 89 90 92 93 94 98 99 101 104 106 107 108 110 111 113 114 118 120 121 123 125 126 128 129 130 131 132 134 135 136 137 138 139 140 141 142 143 144 145 146 148 149 150 151 152 154 155
49 78 79 82 83 85 88 90 92 94 96 99 100 101 102 103 104 107 108 109 110 111 113 116 118 120 121 122 124 125 126 127 128 129 131 132 133 134 138 139 141 146 147 148 149 150 151 153 154 155
47 78 80 81 83 86 87 93 94 95 96 98 99 102 103 105 106 107 108 110 112 114 115 117 118 120 121 122 123 124 126 127 130 131 132 133 135 137 138 140 142 146 147 148 149 152 153 154
34 80 81 88 95 96 97 99 100 106 107 108 110 114 115 116 117 123 124 126 128 130 134 135 139 142 143 145 146 147 148 151 152 153 154
36 80 81 83 85 88 89 91 92 94 95 96 99 100 104 105 107 110 111 112 113 115 118 119 120 121 124 129 130 135 136 138 139 146 148 150 153
43 79 82 84 87 90 91 92 94 95 96 98 102 105 106 107 108 109 111 112 114 117 119 122 123 125 126 127 129 131 133 134 135 136 139 140 143 144 147 148 151 153 154 155
48 78 79 81 82 83 85 86 88 89 90 91 93 95 96 99 102 105 106 108 109 110 112 113 115 116 117 119 121 122 128 129 130 132 134 135 136 137 139 141 143 144 145 146 147 149 150 151 152
51 78 80 81 82 83 84 85 86 87 88 90 92 93 97 98 99 104 105 108 110 111 112 113 114 115 117 118 121 124 125 126 127 129 130 132 133 134 137 138 139 140 141 142 143 144 146 148 150 151 153 154
30 78 79 80 81 83 84 87 88 94 97 98 100 105 106 109 111 112 115 120 121 123 124 129 136 138 140 146 149 150 153
26 78 86 87 89 91 97 102 105 106 107 109 110 113 118 119 123 129 130 131 133 137 144 149 151 152 154
3 159 170 175
6 159 167 169 171 172 177
8 156 157 163 164 167 171 176 177
6 159 163 169 172 173 175
12 156 157 158 165 167 168 169 170 172 174 175 176
11 156 157 158 160 163 164 165 168 170 174 176
8 157 160 162 164 166 167 171 174
4 159 161 173 176
9 157 160 162 163 164 166 167 170 175
5 156 159 163 167 176
7 159 162 163 165 166 168 172
6 157 158 166 167 169 175
6 158 159 160 169 171 176
8 157 158 161 162 165 166 172 173
10 159 160 161 162 163 164 166 171 173 177
6 156 159 162 163 164 175
8 159 160 162 163 164 170 171 174
5 157 167 169 171 174
3 156 165 168
5 158 160 164 170 172
6 157 158 166 170 172 173
3 160 166 172
3 156 161 176
6 157 159 162 168 170 177
6 156 157 162 164 170 175
4 156 158 160 173
9 159 161 162 163 166 168 169 170 172
7 164 165 167 168 169 174 176
16 156 158 159 160 162 165 166 167 169 170 171 172 173 174 175 176
7 162 163 166 168 173 174 177
12 156 158 162 163 166 167 168 169 172 173 175 177
10 160 161 165 167 168 169 171 174 176 177
5 161 172 173 176 177
7 156 158 159 161 171 174 176
7 157 162 163 165 167 176 177
7 160 161 164 165 171 174 176
3 159 169 172
9 157 159 160 161 163 164 167 173 176
9 157 158 160 164 166 167 168 175 177
10 156 159 161 162 164 166 167 171 172 177
17 156 158 159 161 162 163 164 165 166 167 168 170 171 172 174 175 176
10 158 159 160 162 165 170 172 173 174 175
6 160 161 163 165 168 171
11 159 161 162 166 167 169 171 172 173 175 177
4 161 166 168 169
1 159
8 156 157 158 160 164 175 176 177
9 160 164 168 169 170 171 174 175 177
10 156 157 158 160 162 163 166 171 172 175
11 158 161 163 164 166 167 169 171 172 174 175
5 157 160 169 173 177
3 156 172 175
8 157 162 165 166 168 170 172 173
7 158 166 167 173 174 176 177
5 165 167 171 173 174
5 156 160 165 173 176
12 157 158 160 163 165 168 169 170 173 174 175 176
9 156 161 169 170 171 173 174 175 177
6 165 168 169 172 173 177
8 156 161 163 164 167 174 175 177
17 156 158 159 160 161 162 163 164 165 166 168 170 172 173 175 176 177
9 157 158 160 164 165 167 169 171 172
6 157 161 163 164 168 177
8 156 158 161 165 168 170 176 177
10 157 158 159 162 163 164 165 167 168 176
6 161 163 164 165 170 175
4 156 162 165 170
15 156 157 158 160 161 164 167 169 170 171 173 174 175 176 177
10 158 162 165 166 168 169 170 171 174 177
6 157 162 166 168 174 176
3 157 159 170
5 159 161 170 173 177
9 156 161 166 168 169 171 173 174 175
5 163 169 171 172 174
5 158 166 173 174 177
7 157 160 162 164 166 167 171
4 164 165 174 176
5 156 170 171 175 177
7 161 165 168 169 174 176 177
7 156 157 163 164 167 171 177
8 157 158 159 163 164 165 167 176
5 157 161 162 166 173
2 158 164
5 161 163 166 168 172
6 157 158 161 166 172 173
4 159 169 171 177
6 158 162 166 170 174 177
3 156 158 160
2 165 170
7 157 158 160 164 166 167 175
5 162 166 168 174 176
1 159
3 156 162 170
3 162 166 177
9 156 158 162 166 167 169 172 173 175
4 157 158 166 167
8 156 158 165 167 168 169 170 175
6 162 163 166 168 173 177
6 157 158 161 162 166 172
3 159 161 173
2 157 169
7 165 167 168 170 172 175 176
2 156 165
6 156 158 164 175 176 177
8 156 157 160 162 163 166 171 175
2 166 172
6 157 159 160 164 167 176
2 156 165
5 157 160 161 173 176
4 161 165 168 170
12 156 157 160 161 164 167 169 170 173 174 175 177
3 163 169 172
8 156 161 169 171 173 174 175 177
2 165 167
9 156 157 164 167 170 171 173 175 177
2 158 160
4 156 161 165 170
2 173 176
6 157 158 160 164 176 177
6 159 161 163 169 170 172
3 163 171 174
10 157 158 160 165 168 169 170 174 175 176
7 156 161 163 164 167 174 175
2 161 169
6 159 167 169 172 173 175
1 159
2 170 175
3 158 160 172
5 157 158 160 166 175
9 158 162 166 167 168 169 172 173 175
5 162 166 167 171 174
4 165 172 173 177
12 156 158 159 160 162 165 166 167 169 170 172 175
5 157 158 159 164 176
5 156 161 167 175 177
4 159 162 165 168
1 166
3 159 161 173
3 166 168 174
7 156 161 169 170 171 174 177
5 164 167 168 169 174
13 156 158 159 160 162 165 166 167 169 172 173 175 176
1 166
3 161 170 177
4 161 172 173 177
4 158 164 170 172
7 157 158 160 164 166 167 175
5 156 161 167 174 175
4 158 166 167 175
3 161 164 175
2 156 175
4 170 171 174 177
1 172
7 156 158 162 166 168 173 177
4 159 163 171 174
8 158 159 160 165 170 172 173 174
10 156 158 161 163 165 166 167 168 170 171
4 164 165 167 169
4 157 160 167 169
7 156 158 160 164 175 176 177
5 156 159 162 163 175
6 157 163 168 169 173 174
2 156 165
3 169 171 172
5 165 169 172 173 177
7 159 160 163 164 166 171 177
5 158 161 164 172 174
3 156 164 170
3 156 164 170
4 167 169 171 172
7 156 161 170 171 173 174 175
5 160 170 171 174 177
4 156 157 164 176
6 156 158 165 168 175 176
8 159 161 162 163 164 166 173 177
6 156 160 162 166 171 175
7 161 162 166 167 171 175 177
2 161 166
4 163 167 171 176
3 163 169 175
3 159 169 176
4 157 168 170 177
6 160 161 162 163 166 171
5 158 165 166 169 170
7 156 158 165 168 170 174 175
6 162 163 164 170 171 174
3 158 160 164
8 157 160 162 164 166 167 170 175
4 162 165 166 168
4 157 162 170 177
7 156 157 160 164 168 170 176
6 156 167 168 169 172 173
6 161 164 165 171 174 176
2 159 173
8 158 165 168 169 170 172 174 175
9 156 163 164 165 166 167 172 174 175
7 157 160 164 166 167 171 174
2 156 161
6 156 161 163 164 174 177
10 157 158 160 165 168 169 170 174 175 176
5 160 165 174 176 177
7 157 158 160 164 168 175 177
7 168 169 170 171 174 175 177
6 157 158 162 171 172 175
5 158 162 166 169 177
5 158 166 170 171 177
3 156 162 175
4 157 159 164 167
5 157 160 162 164 167
14 156 159 161 162 163 164 166 167 170 171 172 174 175 176
6 156 157 158 164 175 177
4 161 170 173 177
2 156 175
6 156 161 166 169 171 175
3 157 166 173
5 159 162 163 165 166
6 156 164 167 171 172 177
6 157 160 162 164 167 171
3 156 173 176
4 166 170 172 173
3 157 169 174
3 157 158 172
4 161 164 170 175
4 159 161 170 177
1 156
2 161 176
3 157 160 173
9 156 159 161 163 164 165 166 176 177
11 156 158 159 160 165 166 169 171 172 173 176
3 159 173 177
3 161 173 177
4 159 160 162 163
3 157 158 172
6 157 160 162 163 166 167
6 164 169 170 174 175 177
3 157 171 174
4 160 161 164 174
4 157 166 167 169
3 162 168 174
7 161 162 166 167 172 175 177
5 165 168 170 176 177
4 156 165 173 176
7 161 162 166 168 169 170 172
3 161 163 168
13 156 158 159 162 163 164 166 167 168 171 172 174 176
8 158 159 162 170 172 173 174 175
10 156 158 161 167 170 171 173 174 175 176
3 157 166 175
4 157 169 173 177
2 173 176
1 175
4 166 168 174 176
6 158 161 165 168 170 177
5 162 163 166 168 172
2 159 169
6 162 163 165 167 176 177
4 159 161 169 172
4 157 160 173 177
10 156 158 159 163 165 166 168 170 175 176
4 162 164 170 171
6 157 160 161 163 164 176
3 170 173 177
4 163 169 172 174
7 156 157 160 163 171 172 175
3 159 161 177
6 160 168 170 174 175 177
3 163 169 172
9 159 161 166 167 169 171 173 175 177
7 158 159 162 163 164 168 176
4 158 159 169 171
4 160 161 163 165
2 161 169
5 157 161 163 164 168
7 160 164 169 170 171 175 177
5 165 170 172 174 175
4 159 169 173 175
4 161 163 169 172
3 160 163 171
8 156 162 166 168 169 172 175 177
3 156 165 170
3 168 169 174
6 156 161 164 166 167 177
7 157 165 167 170 174 175 176
4 157 167 169 175
1 159
4 164 168 170 171
3 166 172 173
5 156 159 162 163 175
3 164 170 172
6 156 161 163 167 174 175
3 161 173 176
7 156 158 165 168 170 174 176
7 159 162 166 169 172 173 175
5 156 158 161 170 177
4 156 159 164 175
4 158 160 169 176
5 160 164 174 175 177
4 165 172 173 177
6 162 163 166 173 174 177
7 159 162 163 168 169 170 172
8 156 157 163 164 165 168 170 174
5 162 163 165 166 168
4 161 163 168 177
4 161 163 165 168
3 172 173 176
1 156
4 166 170 172 173
4 157 160 173 177
2 159 172
4 157 162 170 177
4 161 164 174 176
9 157 165 167 168 169 170 172 174 175
7 156 169 170 171 173 174 175
6 157 158 161 162 165 173
2 156 160
5 156 159 162 163 175
6 162 163 164 167 168 176
4 156 157 162 164
8 157 158 162 163 164 165 168 176
3 156 162 163
3 163 165 171
3 156 157 164
3 172 173 177
6 158 162 168 169 170 174
5 159 161 162 163 166
2 158 173
3 166 173 177
5 163 164 167 174 177
3 163 169 173
9 156 157 158 163 164 165 168 170 174
3 165 173 174
2 157 160
5 157 161 162 166 172
9 156 157 160 163 164 165 170 174 176
4 162 163 165 167
8 156 157 158 160 166 171 172 175
5 161 163 164 167 175
6 157 158 164 166 167 175
8 158 162 165 166 168 171 174 177
5 160 162 163 170 175
4 156 157 164 175
2 156 176
2 176 177
7 164 168 169 170 171 174 175
3 156 157 175
7 159 161 162 164 166 171 177
5 156 158 159 161 171
8 158 165 167 171 172 173 175 176
3 157 163 164
5 161 162 168 169 170
5 156 163 164 176 177
1 165
5 161 162 163 170 172
4 163 164 175 177
5 160 163 164 170 171
5 159 161 164 173 176
9 158 163 164 166 167 171 172 174 175
5 157 158 166 170 173
5 157 162 165 170 173
3 165 173 174
9 158 159 160 162 167 171 173 175 176
5 158 165 167 169 171
3 158 166 169
4 164 165 167 169
6 157 163 164 167 171 176
4 159 169 172 175
2 156 160
5 158 166 168 169 170
4 158 160 171 176
6 157 160 162 163 166 175
3 157 164 177
7 167 168 169 171 174 176 177
5 160 162 164 170 175
9 156 158 163 164 165 166 172 175 177
7 156 157 165 167 169 172 175
2 156 175
3 160 169 177
3 156 165 176
5 162 163 168 170 172
6 159 160 163 164 166 173
1 172
6 159 161 162 166 171 173
7 161 162 164 166 171 172 177
1 165
3 161 163 164
1 157
1 175
7 159 167 168 172 173 174 176
10 156 157 160 161 162 167 170 171 176 177
10 156 160 161 162 163 165 166 170 171 173
7 157 158 164 165 167 169 174
12 156 162 164 165 167 168 171 172 173 174 176 177
12 157 158 159 160 161 164 165 168 169 170 171 175
14 156 157 158 160 162 163 164 168 169 170 171 173 174 177
11 156 158 160 163 165 171 172 173 174 175 177
8 160 161 162 165 167 171 172 175
8 157 158 159 164 165 169 170 177
12 158 161 164 168 169 170 171 172 173 174 176 177
12 157 158 161 163 164 166 167 168 170 172 174 177
14 156 159 160 162 163 164 165 166 167 170 172 173 175 176
7 157 167 169 170 171 176 177
11 156 157 158 160 162 165 171 172 173 176 177
8 156 157 160 163 166 171 172 174
7 157 163 164 166 168 169 170
13 156 158 160 162 163 166 167 168 169 171 173 175 177
11 157 158 159 164 167 168 169 171 175 176 177
8 159 160 162 163 170 171 174 175
8 156 157 158 159 161 163 168 170
11 157 159 160 164 165 169 170 171 172 174 177
7 158 163 166 167 168 175 176
14 156 157 159 162 163 166 167 168 170 171 172 174 175 176
14 156 157 159 160 161 163 166 167 168 171 172 173 176 177
12 156 157 158 159 162 163 170 171 172 174 175 177
7 156 160 165 167 170 173 175
9 157 159 160 162 166 168 175 176 177
9 157 158 163 164 165 166 167 174 177
6 161 166 171 173 175 177
11 156 158 159 162 165 169 170 172 174 175 176
10 158 159 163 166 170 171 173 174 175 177
10 156 158 160 162 164 165 166 171 172 173
6 161 163 164 167 168 171
8 156 157 164 165 168 172 176 177
9 157 162 163 165 168 172 173 174 177
14 156 157 158 162 166 168 169 170 172 173 174 175 176 177
9 157 158 161 165 171 172 174 176 177
14 157 158 159 160 163 164 165 166 167 169 172 175 176 177
10 160 163 164 165 166 168 172 174 175 177
11 157 158 159 161 162 163 164 169 172 176 177
10 157 159 160 162 167 168 170 173 174 177
9 157 160 161 164 166 167 170 173 174
7 158 161 163 164 168 170 176
9 158 161 167 168 169 170 172 173 176
8 157 158 159 160 166 170 173 175
11 156 158 161 162 167 169 170 171 172 173 177
12 157 159 161 162 167 168 169 171 173 175 176 177
8 157 158 159 161 169 172 175 176
9 156 159 160 162 165 167 171 172 174
9 156 160 163 164 167 168 170 174 176
9 157 161 163 166 167 169 170 173 175
8 156 158 163 164 166 167 169 172
13 156 157 158 159 160 165 166 168 169 170 171 173 177
9 158 160 161 163 164 167 174 175 176
7 160 161 164 166 167 169 171
11 158 161 162 163 166 169 170 171 172 175 176
13 158 160 161 162 163 165 169 170 172 173 174 175 177
9 158 163 164 166 167 169 171 174 176
15 156 157 161 162 163 164 165 166 167 170 171 173 174 176 177
9 157 158 159 167 168 169 170 172 176
8 157 159 160 168 171 172 173 174
7 157 158 164 166 173 174 176
14 156 160 161 164 165 167 169 170 171 172 173 174 175 176
9 159 160 161 169 170 171 172 173 175
10 159 160 162 163 168 169 172 173 174 177
8 156 157 159 169 170 171 176 177
8 159 160 166 168 169 171 173 176
8 156 162 167 170 171 172 174 175
8 157 163 166 168 170 171 173 174
11 158 160 164 168 169 170 171 173 174 176 177
8 158 159 160 161 166 167 171 177
11 157 158 159 160 163 166 167 171 174 176 177
12 156 158 159 160 162 163 164 165 169 170 171 176
10 157 160 161 163 164 166 168 174 175 177
9 156 162 163 164 167 169 172 175 176
12 156 157 158 161 163 164 168 170 172 174 175 177
13 156 157 161 162 163 164 165 167 168 169 172 173 175
9 157 159 160 162 164 167 169 175 177
9 156 159 160 164 165 166 167 173 175
12 156 157 158 163 165 168 169 170 171 174 176 177
14 156 157 159 161 162 163 165 166 167 169 170 171 172 176
7 157 158 159 162 165 170 177
7 159 162 166 170 173 174 177
12 158 160 162 165 167 168 169 170 171 172 174 177
11 156 157 159 161 162 163 165 166 167 168 174
10 158 160 161 163 164 166 168 175 176 177
8 156 163 165 167 169 172 175 176
8 158 160 165 166 167 174 175 177
8 157 160 165 170 172 173 174 176
8 156 157 158 159 161 166 176 177
8 157 158 161 166 171 173 176 177
10 156 158 159 160 161 163 166 169 172 173
14 156 157 159 160 161 162 163 166 167 169 170 171 172 175
12 156 158 159 162 163 166 167 169 170 172 175 177
14 157 159 160 162 164 165 167 168 169 170 171 173 176 177
10 156 157 160 164 170 171 172 173 175 177
8 158 159 162 164 165 168 172 176
15 156 157 158 160 161 163 165 167 168 169 171 172 173 175 177
8 157 158 161 163 169 172 175 177
12 156 157 160 161 162 167 168 169 171 173 176 177
12 156 158 159 163 165 168 169 170 171 174 176 177
9 156 158 159 162 165 167 169 171 174
14 156 157 158 160 162 163 164 166 169 171 173 174 175 176
8 157 158 159 164 165 167 168 174
12 156 158 159 161 162 163 164 165 168 169 172 173
13 156 158 162 163 165 166 167 168 170 173 174 175 176
7 162 164 170 172 175 176 177
14 156 157 159 160 162 163 165 167 169 172 173 175 176 177
7 156 159 170 173 174 176 177
7 162 163 165 168 171 172 176
10 156 159 160 163 166 168 170 173 175 177
8 157 158 159 163 165 175 176 177
7 158 163 164 167 172 174 177
7 156 160 162 169 170 173 174
10 156 158 160 162 163 165 171 174 175 176
9 161 162 166 170 171 173 174 175 177
10 156 157 159 161 163 165 166 168 172 176
11 160 161 162 163 167 168 169 173 175 176 177
14 158 159 161 163 164 165 166 168 170 172 174 175 176 177
11 158 159 160 161 163 164 165 167 171 173 177
7 165 166 167 168 170 173 177
12 157 159 160 161 162 166 171 172 173 174 175 177
11 156 158 159 160 161 162 167 172 173 176 177
9 158 162 164 169 171 172 174 175 176
10 156 157 158 161 162 167 168 171 174 175
8 157 160 164 167 169 173 174 176
14 156 157 158 159 163 164 165 166 167 170 171 173 174 176
14 156 157 158 159 160 161 163 164 166 168 170 172 174 176
12 156 157 159 160 162 164 165 168 171 173 174 175
8 159 161 164 166 167 168 170 177
14 157 158 161 163 165 166 167 169 171 172 173 174 176 177
14 156 157 158 160 164 166 167 169 170 172 173 174 175 176
10 156 161 162 163 167 169 170 171 172 174
9 156 159 165 166 167 168 169 171 176
8 156 157 158 159 164 172 173 174
7 156 161 163 171 172 175 177
13 157 158 159 161 162 163 164 165 166 167 174 175 176
15 156 157 158 160 161 162 163 164 165 166 168 171 172 174 176
6 156 159 166 167 169 173
10 157 163 165 168 169 171 172 174 176 177
8 156 160 162 168 169 173 174 176
8 156 160 163 164 167 168 169 171
11 156 158 161 162 163 165 168 171 173 174 176
12 157 158 162 164 165 169 171 173 174 175 176 177
7 161 162 163 164 167 169 172
6 156 161 167 169 173 174
7 157 158 159 161 164 174 176
14 156 157 159 160 161 162 163 165 167 169 170 171 173 174
7 159 161 162 165 170 174 177
9 157 158 159 160 161 162 166 168 177
13 157 158 160 161 167 168 169 170 172 174 175 176 177
11 156 158 162 163 164 166 167 171 173 175 177
14 156 157 158 161 162 163 167 169 170 171 172 174 175 176
15 159 160 161 162 163 164 165 166 167 168 169 170 172 173 174
14 160 162 163 165 166 167 168 170 171 172 173 175 176 177
13 157 158 160 161 166 167 169 171 172 174 175 176 177
12 157 159 162 164 167 168 169 170 174 175 176 177
10 156 157 158 161 163 166 172 174 175 177
8 156 159 161 163 168 174 175 177
9 160 166 167 168 169 170 171 172 175
12 157 159 160 161 163 164 169 170 174 175 176 177
13 157 161 164 165 167 168 170 171 172 174 175 176 177
8 157 162 163 165 168 174 176 177
11 156 157 158 159 160 163 164 165 166 170 175
14 157 158 159 160 165 167 168 169 170 171 172 174 175 176
11 160 161 162 163 164 168 169 170 171 176 177
9 156 157 159 161 165 169 173 175 177
7 156 160 161 165 167 169 175
7 158 161 162 168 171 172 174
10 158 160 162 165 168 169 170 171 172 176
11 156 158 159 160 161 163 165 166 167 168 172
9 158 159 160 161 162 163 164 165 175
8 156 161 168 169 170 172 174 175
14 156 157 158 160 161 165 167 168 170 171 172 173 174 177
10 156 158 160 162 163 164 168 169 172 175
11 156 159 162 163 164 166 170 171 172 176 177
7 158 164 165 170 171 173 177
10 160 162 165 166 169 170 172 174 175 177
8 161 162 164 169 173 174 175 177
14 156 157 158 159 162 163 164 165 166 168 171 172 175 177
11 157 161 162 164 166 168 169 170 171 172 173
7 156 158 160 170 171 174 175
10 156 157 158 159 161 162 163 172 173 174
13 160 161 162 163 165 167 168 169 171 172 174 175 177
10 158 160 161 163 168 169 170 172 173 175
14 156 157 159 160 164 167 168 169 170 171 172 174 175 176
9 157 159 160 161 165 166 170 171 175
12 157 158 159 164 165 166 168 170 171 172 175 177
8 159 165 166 167 170 171 173 174
8 159 165 166 168 169 170 171 175
11 156 157 158 159 160 163 166 167 168 169 175
13 156 157 159 162 163 166 167 170 171 173 174 175 176
9 156 157 159 160 162 163 170 173 176
10 156 157 158 160 161 163 164 168 170 177
14 156 157 158 160 164 165 166 167 169 170 171 172 174 175
10 158 160 161 164 166 169 170 172 176 177
7 157 160 167 170 171 173 176
10 156 161 164 165 168 171 172 175 176 177
9 156 158 163 167 168 173 174 176 177
11 156 159 161 162 163 165 168 171 175 176 177
9 158 160 164 165 166 168 169 172 176
10 161 163 164 165 166 167 168 173 174 176
6 159 165 170 171 176 177
7 156 163 164 170 174 176 177
11 156 159 160 161 162 163 168 171 172 174 175
6 157 159 160 163 168 169
6 156 157 165 166 169 173
14 156 157 160 161 162 163 164 165 167 171 172 173 175 177
13 157 161 162 163 164 167 170 171 172 173 175 176 177
13 156 158 159 162 166 167 170 171 172 174 175 176 177
7 156 158 161 162 170 173 175
7 161 162 165 168 174 176 177
12 156 158 159 162 163 165 166 168 172 173 176 177
11 156 157 159 160 161 162 166 169 171 173 175
9 156 160 162 164 165 171 172 176 177
11 156 157 159 161 164 165 166 170 172 173 174
7 158 162 166 170 172 174 176
13 156 159 161 162 163 166 167 169 171 172 173 176 177
13 156 160 161 163 164 165 169 171 172 173 174 175 176
8 158 159 160 163 171 172 173 176
8 156 161 168 171 172 173 174 176
8 156 157 158 160 162 166 173 174
14 156 158 160 162 163 164 168 169 170 171 172 174 176 177
7 157 158 161 163 169 173 174
10 156 157 159 163 164 165 168 169 175 176
9 158 159 162 168 171 172 173 174 176
9 156 157 158 164 165 166 167 168 175
8 158 161 162 163 164 167 170 175
9 158 159 165 166 167 168 172 173 177
8 156 157 162 168 170 171 176 177
8 156 158 163 164 166 167 170 176
10 158 160 162 163 167 168 170 175 176 177
8 157 158 159 165 166 169 171 174
14 156 158 159 162 163 165 167 168 169 170 171 172 174 176
11 156 159 160 163 165 166 167 169 174 176 177
11 158 160 164 165 166 167 168 169 170 172 174
10 158 160 165 167 169 170 171 173 174 177
12 157 158 159 161 163 164 166 167 168 169 172 176
11 159 162 165 167 168 169 171 173 174 176 177
12 157 158 161 163 165 166 167 168 174 175 176 177
12 158 161 162 163 165 166 168 169 170 173 176 177
15 156 157 159 161 164 165 166 167 170 171 172 173 174 175 177
7 156 163 166 168 169 173 175
7 159 160 163 165 167 168 173
12 157 159 162 165 166 167 169 170 171 173 174 175
11 157 159 160 162 164 166 167 170 171 173 177
9 158 160 161 165 169 172 173 174 175
14 156 157 159 162 164 167 168 169 170 171 172 173 174 175
14 158 159 160 161 165 166 169 171 172 173 174 175 176 177
7 157 163 166 169 170 171 172
8 157 164 165 167 168 170 172 177
9 156 158 159 166 167 169 170 171 177
10 156 157 158 162 165 169 174 175 176 177
12 157 159 163 166 168 169 170 171 172 175 176 177
7 156 164 167 168 170 171 175
13 157 158 160 162 165 166 170 171 172 173 175 176 177
8 159 163 164 169 171 173 174 175
11 160 161 162 163 164 165 171 172 174 175 177
9 156 157 159 160 162 163 165 174 176
10 156 158 161 162 165 167 171 172 175 176
7 158 160 165 166 170 171 175
8 156 161 163 171 174 175 176 177
10 156 157 164 166 169 170 173 174 175 177
13 157 161 163 165 166 167 168 169 171 172 173 176 177
7 156 163 166 167 168 169 174
7 157 165 167 170 171 172 175
7 162 163 165 169 174 175 177
13 156 157 159 160 161 162 165 166 167 169 170 172 177
10 157 158 161 164 168 171 172 173 175 176
12 156 160 161 164 166 167 171 172 173 174 175 177
11 156 157 158 161 162 163 168 169 171 175 176
10 156 157 160 162 163 166 167 168 173 177
10 156 159 162 164 165 167 169 172 173 174
14 156 157 158 159 160 161 162 163 170 173 174 175 176 177
14 157 158 160 161 162 163 166 169 170 172 173 175 176 177
10 158 161 162 163 164 168 172 173 176 177
7 162 164 167 168 170 171 173
12 156 158 159 160 161 162 163 165 173 174 175 177
12 156 158 159 160 164 166 171 172 173 175 176 177
13 160 161 162 163 164 166 168 169 170 171 173 175 177
8 156 162 163 166 168 170 173 176
10 156 157 159 162 163 166 168 173 174 176
14 156 157 158 159 160 164 165 167 168 169 170 173 174 177
9 159 160 161 162 164 166 167 174 175
8 157 158 161 163 169 170 172 175
7 158 163 165 166 169 171 173
10 157 158 160 162 167 169 170 172 176 177
15 158 160 161 162 164 165 167 170 171 172 173 174 175 176 177
6 158 162 169 172 173 177
9 158 161 162 163 164 170 172 175 176
8 161 165 166 170 173 174 176 177
11 159 160 162 163 164 165 167 169 173 176 177
14 157 158 159 160 161 162 164 165 167 168 169 172 173 177
12 156 157 159 160 162 167 168 171 172 173 175 176
14 157 158 162 164 166 167 168 170 171 172 173 174 176 177
11 157 161 162 163 164 169 170 171 173 175 177
10 156 159 161 162 163 164 165 166 169 176
10 163 164 165 166 167 169 171 172 175 177
8 159 160 163 164 168 170 175 176
11 157 160 161 163 164 169 170 171 172 173 175
9 162 163 166 167 168 171 173 174 175
11 156 158 159 161 163 164 168 173 174 175 177
13 159 160 162 166 167 168 169 170 171 172 175 176 177
12 158 160 161 163 164 165 168 169 170 172 173 174
12 158 159 160 162 164 165 166 167 169 173 174 176
9 157 163 164 166 167 168 171 173 176
15 156 158 163 165 166 167 168 170 171 172 173 174 175 176 177
15 158 159 160 162 164 165 166 168 170 171 173 174 175 176 177
13 157 158 159 160 161 164 165 166 169 170 171 173 174
11 158 159 160 161 162 165 169 170 172 174 176
12 158 159 164 165 166 167 168 169 171 175 176 177
8 156 159 161 162 171 172 175 177
7 158 162 167 168 170 171 175
9 157 160 166 168 171 172 174 175 177
7 158 159 161 163 166 168 173
13 156 160 162 163 164 166 168 169 170 171 173 176 177
10 156 163 164 167 168 169 170 171 175 176
9 160 162 163 165 166 168 171 172 176
