262 1713
42 1 2 3 4 5 6 7 8 9 10 11 12 13 14 15 16 17 18 19 20 21 22 23 24 25 26 27 28 29 30 31 32 33 34 35 36 37 38 39 40 41 42
28 1 2 3 6 7 8 10 12 13 14 16 17 20 21 22 24 25 26 27 28 30 31 33 35 38 39 41 42
16 1 4 5 6 12 16 17 18 22 25 30 33 34 36 38 40
25 2 3 5 6 7 8 9 10 11 12 16 17 18 21 24 25 27 28 29 30 32 34 35 36 37
20 3 4 5 13 14 15 17 20 21 22 23 26 27 28 29 33 35 36 37 41
15 6 7 8 9 10 12 25 26 28 34 35 36 37 40 41
24 2 4 5 8 11 13 14 15 17 18 19 22 23 24 25 26 28 30 31 33 38 39 40 41
30 1 3 6 8 9 10 12 13 16 17 19 20 22 23 24 26 27 28 29 30 31 32 33 34 35 36 37 38 40 41
28 1 2 3 4 5 7 10 14 16 18 19 20 21 22 24 25 27 28 29 30 31 32 33 35 36 39 40 42
26 2 3 4 5 7 8 11 12 13 15 18 21 22 23 25 27 29 30 31 33 36 37 39 40 41 42
29 1 2 3 4 6 7 8 9 11 13 15 16 17 20 22 23 24 26 27 28 30 33 34 35 36 38 39 40 42
31 1 2 3 4 7 8 10 12 13 14 15 17 18 19 20 21 23 27 28 29 30 32 33 34 35 36 37 38 39 40 42
18 1 2 4 5 10 11 14 17 20 21 24 26 27 28 31 37 38 42
17 8 13 15 23 24 25 26 27 30 31 33 34 35 37 38 39 42
18 1 2 5 6 7 12 18 19 20 21 25 26 29 30 31 32 35 39
32 1 2 4 5 6 7 8 9 10 11 12 13 14 15 16 18 21 22 23 25 26 27 28 30 31 34 35 37 39 40 41 42
25 1 2 4 5 8 9 11 12 13 18 19 20 22 23 24 25 27 31 32 33 34 35 36 37 41
29 1 4 5 6 8 9 11 16 17 18 19 20 21 22 23 24 25 28 29 30 31 32 33 36 37 38 39 41 42
30 2 4 5 6 8 9 10 12 13 14 15 17 18 19 22 24 25 26 27 28 32 33 34 35 36 37 38 40 41 42
26 1 3 5 6 7 8 9 10 11 12 13 15 16 18 20 24 26 28 29 32 34 35 36 37 39 40
21 2 5 6 8 9 12 16 18 19 20 21 22 23 24 25 26 27 31 37 41 42
20 5 8 10 11 12 13 16 18 19 21 24 27 29 30 32 33 35 36 38 42
24 1 3 6 9 11 14 15 16 19 21 22 24 25 26 28 29 31 32 36 37 38 39 41 42
25 1 3 4 5 6 9 10 11 12 13 14 15 17 24 28 29 30 31 33 34 36 38 39 40 42
13 1 4 5 7 12 13 16 21 22 35 39 40 41
33 1 2 3 4 5 6 7 8 9 11 14 16 18 19 20 23 24 25 26 27 28 29 30 31 32 33 34 35 36 38 40 41 42
23 1 2 3 5 6 9 13 14 15 16 18 19 21 23 24 26 28 31 32 34 35 39 40
27 1 2 4 6 7 8 9 10 12 13 14 15 16 17 19 23 24 26 28 30 31 32 33 34 35 36 41
17 3 4 5 13 14 16 17 25 26 29 30 31 32 35 38 40 41
29 3 4 5 6 7 8 9 10 12 13 14 15 16 17 19 20 23 24 28 29 31 33 35 36 37 38 40 41 42
27 1 3 4 5 7 9 11 12 13 14 18 19 21 22 23 24 25 27 29 30 31 32 33 36 38 40 41
23 1 2 3 4 5 6 7 13 15 16 19 20 21 23 26 28 31 32 33 35 38 39 40
14 2 3 9 10 11 13 16 18 19 24 25 30 40 42
22 4 6 7 9 11 14 15 16 17 18 19 20 23 25 29 31 34 36 37 38 40 42
16 9 10 11 14 15 19 20 22 24 25 27 30 34 36 39 41
17 2 4 5 15 18 19 20 23 27 28 30 31 32 34 35 38 42
20 1 2 3 4 7 8 9 12 13 16 22 24 28 29 30 32 34 35 40 41
28 1 2 3 4 5 6 8 11 12 13 14 15 17 18 20 21 22 23 24 26 28 30 32 34 36 37 38 39
17 1 2 5 6 8 9 14 18 21 23 24 30 31 32 33 35 36
21 2 5 6 9 11 13 14 16 20 21 23 24 25 26 31 34 37 38 39 40 41
26 2 4 5 6 7 8 9 10 11 13 15 21 22 25 27 28 30 31 32 35 36 37 38 39 41 42
33 2 3 4 5 6 8 9 11 12 13 14 15 16 19 20 21 22 23 24 25 26 27 28 29 32 33 34 35 37 39 40 41 42
30 2 3 4 5 6 8 9 11 12 13 14 15 17 18 20 21 22 23 24 26 27 29 30 31 34 35 38 40 41 42
30 1 4 7 8 10 12 14 15 16 17 18 19 20 21 22 23 24 25 27 28 29 30 32 33 34 35 36 40 41 42
28 1 2 4 5 7 8 9 10 11 13 14 17 19 20 22 23 24 27 28 29 31 32 34 35 36 40 41 42
15 4 6 7 8 9 10 12 17 20 24 28 38 39 40 42
19 7 8 10 11 13 14 16 18 19 22 24 25 26 27 29 30 33 39 42
32 2 4 5 8 10 11 12 13 14 15 16 18 19 20 21 22 23 24 25 26 27 28 29 30 32 33 34 37 38 39 40 41
13 1 2 3 4 6 21 23 25 26 27 32 34 40
21 1 2 5 9 13 14 15 16 17 19 23 24 27 29 31 33 34 35 36 39 41
19 1 7 8 9 10 11 13 14 15 25 29 30 31 33 34 35 37 39 40
24 1 4 8 10 12 14 15 16 17 20 21 22 25 27 28 29 30 32 33 34 35 38 39 40
27 1 2 3 4 5 6 8 9 10 11 14 16 17 18 19 20 22 24 25 26 27 29 32 34 36 39 41
19 2 6 8 11 15 16 18 19 20 22 23 28 30 32 33 34 35 37 42
23 1 3 4 7 9 10 11 13 18 22 24 25 26 27 29 30 31 35 36 39 40 41 42
23 2 5 7 9 10 11 16 17 21 22 23 24 26 27 28 30 32 33 34 35 37 40 42
22 1 4 5 7 8 9 10 11 12 13 14 16 17 19 21 22 34 35 38 39 40 42
12 6 9 16 17 21 23 29 32 34 35 37 42
22 1 5 7 8 11 12 13 14 16 21 22 23 24 27 28 30 33 35 36 37 41 42
13 5 6 15 21 22 30 32 34 36 37 39 40 42
16 5 6 8 9 11 12 13 15 21 24 26 27 31 36 41 42
15 1 2 5 7 8 9 14 19 22 23 24 26 28 34 37
18 4 7 9 11 13 15 16 18 19 22 23 24 25 29 32 33 34 36
17 1 6 8 10 14 17 19 20 22 24 25 26 28 29 36 37 40
17 3 5 6 9 12 16 22 23 24 26 28 29 32 34 35 36 39
28 1 4 6 9 10 11 12 14 15 16 17 18 20 21 22 23 25 27 28 30 31 33 34 35 36 39 40 41
30 1 2 3 6 7 8 9 10 11 14 15 16 17 18 19 22 23 24 27 28 29 30 31 32 33 35 36 38 39 42
21 4 12 13 15 17 18 19 20 22 24 26 29 30 32 33 35 36 37 38 40 42
28 1 2 5 6 7 9 10 12 13 14 17 18 19 21 22 25 26 30 31 32 33 34 35 38 39 40 41 42
15 1 3 9 11 13 16 19 21 23 24 26 32 33 36 39
30 1 2 3 5 7 8 9 10 11 12 14 15 18 19 20 21 22 23 25 28 30 31 33 35 36 37 38 39 41 42
21 2 4 5 6 7 10 13 14 15 18 21 22 23 24 25 29 30 31 36 38 39
20 3 4 6 9 10 11 12 14 15 18 20 23 25 28 30 31 34 36 40 41
29 1 2 3 4 5 7 8 9 10 11 13 20 21 22 23 24 26 27 28 30 31 32 33 34 36 38 39 41 42
21 3 4 7 9 10 11 13 14 21 22 23 24 25 31 33 34 37 38 39 41 42
30 1 3 4 6 7 8 10 12 13 14 16 17 19 20 21 22 25 28 30 32 33 34 35 36 37 38 39 40 41 42
15 1 2 7 10 15 18 19 21 22 26 27 28 34 35 39
30 1 2 3 5 11 13 14 15 19 20 21 23 24 25 26 27 28 29 30 31 32 33 34 36 37 38 39 40 41 42
29 1 2 3 4 5 6 7 8 9 10 13 14 17 18 20 22 25 27 28 29 30 31 34 35 36 37 38 39 42
29 2 4 5 7 9 10 11 14 15 16 17 18 19 21 22 23 24 26 28 29 30 31 32 33 35 36 37 38 41
16 1 2 6 11 12 18 22 23 24 26 27 28 29 30 37 41
15 2 7 8 12 13 14 17 19 24 28 37 38 39 40 42
30 1 4 5 6 7 8 12 13 14 15 16 18 19 20 22 23 24 25 26 27 28 29 30 31 33 35 36 38 39 41
16 1 2 3 9 13 15 22 23 25 27 28 29 31 34 39 41
22 4 5 7 8 10 11 14 15 17 19 20 25 27 28 30 31 36 37 39 40 41 42
13 8 9 11 13 18 20 22 23 34 35 37 40 42
26 1 2 6 8 10 14 18 21 22 23 24 25 26 27 28 29 30 31 32 33 34 36 38 39 40 41
30 1 2 3 5 6 7 9 10 11 13 14 15 17 18 20 21 22 23 24 27 29 30 31 33 34 36 37 40 41 42
22 1 2 4 7 9 10 11 12 13 17 18 19 22 23 26 27 31 33 35 37 39 41
28 43 44 45 46 47 48 49 50 51 52 53 54 55 56 57 58 59 60 61 62 63 64 65 66 67 68 69 70
8 44 45 49 54 55 56 58 59
17 43 44 46 47 50 52 54 55 56 57 58 59 60 63 64 68 69
12 43 46 47 48 49 52 56 58 59 65 67 69
14 43 45 46 51 52 53 55 59 61 63 64 67 69 70
12 43 44 45 47 48 52 53 55 59 63 64 67
18 43 45 48 52 53 55 56 57 58 59 60 61 62 64 65 66 68 70
18 43 44 45 46 47 50 51 53 55 56 57 58 60 61 62 63 64 70
10 44 46 48 50 51 62 63 65 66 69
17 43 45 46 49 50 51 54 57 58 59 60 62 64 65 67 68 70
17 43 48 49 50 51 52 53 55 59 62 63 64 65 66 68 69 70
12 43 47 48 49 54 57 58 61 62 63 65 70
12 43 48 50 55 58 59 60 61 63 64 69 70
14 43 46 48 49 51 52 53 54 57 61 65 67 69 70
19 46 48 49 50 51 52 54 55 57 58 59 61 62 64 65 66 67 68 70
14 43 47 48 50 53 54 59 62 63 64 65 66 69 70
11 43 45 46 48 52 55 61 63 64 65 67
13 43 44 46 49 50 60 62 63 64 65 66 69 70
18 43 45 46 47 50 51 52 55 57 59 60 61 62 65 66 67 69 70
11 45 46 48 49 53 56 59 66 67 69 70
20 44 45 48 49 50 53 54 56 58 59 60 61 62 63 64 65 66 67 69 70
17 43 47 48 49 50 51 53 54 55 58 59 62 63 64 67 68 69
10 44 47 52 53 55 56 58 59 63 67
17 43 45 50 51 52 53 55 57 58 59 60 61 63 65 67 68 70
14 45 48 52 53 54 56 57 59 60 62 64 66 67 70
8 45 48 51 52 56 62 66 67
10 48 49 53 55 57 59 61 63 66 68
10 44 50 53 55 57 58 59 62 63 64
10 46 49 53 55 57 63 64 65 67 69
18 43 44 46 47 49 50 51 52 53 56 57 59 61 62 66 68 69 70
20 43 44 46 47 49 50 51 52 53 55 56 57 59 62 63 64 66 67 68 70
12 45 46 47 49 50 52 59 60 61 65 66 68
10 43 51 52 54 55 57 59 61 64 68
15 43 45 50 51 53 55 57 60 63 64 65 66 67 68 69
10 44 45 46 51 52 54 58 59 60 65
19 43 44 45 47 49 50 51 52 53 54 60 61 62 63 64 65 66 67 70
73 71 72 73 74 75 76 77 78 79 80 81 82 83 84 85 86 87 88 89 90 91 92 93 94 95 96 97 98 99 100 101 102 103 104 105 106 107 108 109 110 111 112 113 114 115 116 117 118 119 120 121 122 123 124 125 126 127 128 129 130 131 132 133 134 135 136 137 138 139 140 141 142 143
38 72 75 81 82 83 84 85 87 92 93 96 97 98 100 102 103 108 110 111 114 115 117 119 120 122 124 126 127 128 129 130 132 133 134 137 139 140 143
47 71 72 74 75 76 80 81 82 83 84 86 88 90 91 92 95 97 101 102 103 104 105 106 107 108 110 114 115 116 117 118 120 121 122 123 124 125 126 128 129 133 136 137 138 140 141 142
34 73 74 75 80 81 82 87 88 89 91 92 93 96 100 102 105 107 110 113 114 117 118 120 123 124 125 128 129 130 132 134 139 142 143
50 71 72 73 74 77 78 79 80 82 83 84 85 86 88 90 93 94 96 98 100 101 103 104 106 107 108 110 112 115 116 117 118 119 120 124 125 126 127 129 130 131 132 133 134 135 137 139 140 142 143
43 74 75 77 78 79 80 82 83 84 85 86 87 88 89 92 93 94 97 98 106 107 108 113 115 116 117 121 122 123 124 126 127 128 129 130 131 132 134 136 137 140 141 143
51 73 76 77 79 80 81 82 83 84 86 87 88 89 91 92 93 94 96 98 100 101 103 106 107 108 110 112 113 114 115 116 117 118 119 120 121 123 124 126 127 129 130 131 133 135 136 138 139 140 141 142
23 74 76 82 85 90 91 92 95 98 101 106 109 113 117 120 126 127 128 130 132 134 137 140
40 71 73 75 77 79 81 82 87 88 90 91 92 94 95 98 99 101 103 104 105 106 108 109 110 111 113 114 115 116 120 123 124 126 131 132 133 137 138 140 142
27 73 77 79 82 85 87 90 93 96 101 105 106 109 110 115 119 121 123 126 127 128 131 132 134 138 140 142
43 75 77 78 79 80 84 86 87 89 90 91 93 94 97 98 100 101 104 106 108 109 111 113 114 115 116 117 118 119 121 122 126 127 131 133 136 137 138 139 140 141 142 143
41 71 72 73 74 75 76 78 79 81 82 85 87 90 91 92 95 96 98 100 101 104 105 107 108 109 110 113 114 116 117 120 121 122 123 128 129 131 138 139 141 142
22 74 75 86 88 93 101 104 109 111 112 114 117 119 120 121 122 123 125 130 136 139 141
47 71 72 78 80 81 82 83 84 85 87 89 92 93 95 96 97 99 100 101 102 104 105 106 109 110 111 112 113 114 115 116 118 119 121 122 123 127 128 130 131 132 133 135 136 141 142 143
20 145 146 147 149 150 153 154 155 156 157 158 159 160 161 162 163 164 170 171 173
6 144 148 149 153 162 163
11 145 148 152 158 159 160 162 163 164 169 171
10 146 147 156 157 159 163 168 169 171 172
18 144 145 147 149 150 151 152 154 155 157 161 164 165 167 169 170 172 173
9 144 156 159 162 166 169 171 172 173
11 145 146 148 149 154 155 164 165 168 172 173
12 144 145 150 153 154 155 157 160 161 165 166 173
7 150 151 153 156 157 169 174
8 144 146 150 164 166 168 172 174
11 144 153 154 159 160 162 164 165 172 173 174
9 144 145 147 159 161 165 168 169 174
10 144 145 146 148 149 152 156 158 165 166
19 144 146 148 149 150 152 154 156 157 160 161 162 164 165 166 167 171 172 173
14 146 150 157 158 159 160 161 164 165 166 167 168 171 173
10 144 145 152 153 156 161 162 163 169 173
19 144 146 147 148 150 154 155 156 157 158 159 160 161 164 166 167 168 169 170
7 149 150 151 153 157 170 172
5 153 154 161 170 172
13 144 146 147 154 155 156 161 165 166 167 168 173 174
5 144 148 151 166 167
11 144 149 151 154 155 156 158 161 163 169 170
12 147 155 158 159 164 165 166 167 168 169 171 174
9 146 151 152 156 157 158 160 170 173
11 145 149 152 153 154 156 157 158 165 167 173
10 144 152 155 156 159 162 163 164 167 170
16 146 149 150 151 153 154 158 159 161 164 166 167 169 170 171 173
3 151 157 162
11 144 146 153 155 159 160 164 168 169 170 173
6 152 165 168 169 172 174
8 146 147 150 151 154 155 166 167
13 145 147 154 155 159 161 164 165 166 167 169 171 172
12 145 149 151 152 153 162 163 165 171 172 173 174
9 146 148 155 159 161 164 165 168 170
3 155 162 170
9 152 153 155 156 159 160 166 168 173
6 155 159 161 164 169 174
6 157 158 165 168 171 174
9 151 157 160 162 163 167 171 173 174
13 146 148 153 156 158 159 160 162 163 166 168 171 174
20 145 147 148 149 150 151 152 154 156 157 158 161 162 163 165 166 167 171 172 174
6 147 148 150 163 170 171
14 145 146 149 151 152 155 156 157 158 161 166 167 168 169
5 146 158 160 166 174
6 146 150 151 161 167 171
8 154 155 157 162 163 169 170 174
6 147 148 149 150 151 165
12 147 150 153 154 160 163 167 168 170 171 172 173
9 147 148 151 159 160 161 163 169 171
9 145 146 147 159 160 162 167 173 174
7 147 148 152 158 159 165 173
13 144 145 147 149 150 152 153 154 156 158 166 169 172
8 144 145 146 149 151 157 160 173
7 148 152 155 161 165 166 170
3 144 147 160
22 145 146 147 148 149 150 151 152 153 154 155 157 158 160 161 163 164 165 167 168 170 174
17 144 145 147 148 149 151 152 153 154 155 156 162 163 169 170 172 174
6 148 150 152 156 162 163
10 144 145 149 153 156 160 164 166 168 172
10 152 158 159 161 162 163 166 167 170 171
19 146 147 148 149 151 152 156 158 159 162 163 164 167 168 169 170 171 172 174
7 148 149 159 160 164 170 172
17 148 149 150 151 152 153 155 157 158 160 162 163 164 166 167 170 173
16 146 148 149 150 151 154 156 159 160 161 167 169 170 171 173 174
5 146 154 156 171 172
3 150 168 174
15 144 145 147 148 152 155 156 157 160 162 163 165 168 172 174
12 145 147 151 153 155 158 159 163 168 169 170 174
10 145 153 154 157 161 168 169 171 172 173
14 144 145 149 150 151 153 154 158 160 162 164 167 173 174
15 144 145 147 152 153 155 157 158 162 163 164 165 166 168 172
22 144 145 146 147 148 149 150 151 154 157 158 161 162 163 164 165 167 169 170 171 172 174
11 148 150 152 153 157 164 165 166 168 171 172
2 150 174
5 144 146 153 169 173
5 152 159 162 166 171
16 145 146 147 149 150 151 152 153 157 158 160 163 164 165 167 174
10 144 146 155 156 161 165 166 168 173 174
8 144 145 147 148 155 156 163 174
5 157 160 162 167 174
3 151 161 171
6 152 153 157 166 168 171
5 146 150 151 161 167
2 147 160
7 158 161 162 166 167 170 171
12 148 149 151 155 157 160 163 164 166 167 170 173
14 144 145 147 149 150 151 152 154 155 157 165 169 170 172
5 146 147 155 166 167
3 148 152 163
6 148 159 160 161 163 169
9 146 147 148 149 151 152 159 163 167
8 144 148 155 156 160 162 163 174
8 146 158 159 161 164 167 170 173
13 144 147 149 150 152 154 155 157 164 167 169 172 173
6 146 155 159 161 165 170
5 147 148 158 159 165
8 145 154 165 166 167 169 171 172
10 146 150 157 158 159 160 166 167 168 171
5 151 153 157 170 172
4 148 159 164 168
4 145 149 151 160
10 147 155 159 165 166 167 168 169 171 174
5 157 158 165 171 174
8 149 151 152 153 164 166 170 173
8 144 147 149 150 152 158 166 172
7 156 159 166 169 171 172 173
5 148 150 153 165 166
3 147 148 150
7 145 152 158 160 162 163 169
4 159 165 169 174
5 160 161 163 169 171
6 153 154 156 157 165 167
9 149 151 152 155 158 160 162 163 173
5 148 150 152 156 163
4 155 159 164 169
5 144 156 162 166 173
4 144 146 149 157
8 152 158 159 162 166 167 170 171
11 144 149 150 151 153 158 162 164 167 173 174
16 144 146 148 149 150 152 154 156 157 160 161 164 165 167 171 172
9 145 149 152 154 156 157 158 165 173
6 148 152 159 160 163 171
2 150 174
2 155 170
6 158 160 163 164 169 171
5 148 149 159 164 170
6 148 158 160 162 169 171
10 144 145 153 154 155 157 160 165 166 173
5 161 169 171 172 173
16 145 148 149 150 151 152 156 157 158 161 162 163 166 171 172 174
7 144 152 155 156 159 164 167
3 149 170 172
6 144 145 159 161 165 169
7 148 155 159 161 164 165 170
6 145 152 156 161 169 173
7 144 159 162 166 169 171 173
7 151 160 162 163 167 173 174
10 146 150 157 158 159 160 165 166 167 168
4 155 159 161 174
9 144 145 150 151 153 162 164 167 173
12 146 149 150 151 154 158 159 161 164 166 167 169
2 151 157
4 147 148 158 165
7 146 147 157 159 163 169 172
7 147 151 153 155 158 168 174
10 147 150 153 154 160 163 167 168 170 172
10 144 147 148 152 155 157 162 163 165 168
3 157 165 168
2 171 172
8 150 153 154 163 167 168 172 173
18 144 145 146 148 149 150 151 154 157 162 163 164 165 167 169 170 171 174
12 145 147 148 150 152 154 156 157 158 162 172 174
12 144 145 147 148 152 157 160 163 165 168 172 174
7 144 145 159 161 165 168 174
13 148 149 150 151 152 153 155 160 163 164 166 167 173
10 145 149 150 151 153 160 162 164 167 174
6 145 149 152 153 156 165
14 145 146 150 153 154 155 156 157 159 160 162 163 171 173
16 146 148 151 152 156 158 159 162 163 164 167 168 169 170 172 174
8 145 147 153 159 163 168 169 170
3 153 170 172
4 153 154 161 170
4 144 164 166 174
9 144 153 159 160 162 164 165 172 174
7 145 147 154 155 165 167 171
5 144 148 153 162 163
7 147 150 151 154 155 166 167
6 147 150 151 154 155 166
12 144 147 150 152 154 155 157 165 167 169 170 172
5 145 149 154 165 167
4 148 152 161 166
6 152 158 161 162 163 170
5 145 146 151 160 173
3 153 154 170
8 145 153 157 161 169 171 172 173
3 158 160 166
4 151 153 169 174
14 144 148 152 154 156 157 160 161 165 166 167 171 172 173
8 147 150 163 168 170 171 172 173
6 144 153 156 161 162 163
4 146 150 164 166
3 146 171 172
11 145 149 151 152 155 157 158 161 166 168 169
7 149 153 154 160 162 167 173
6 164 165 167 168 169 171
14 144 145 147 150 151 152 154 155 161 164 165 167 169 172
14 145 147 148 149 151 154 156 161 163 165 166 167 171 174
9 145 150 153 154 155 160 165 166 173
9 146 147 149 152 158 164 170 171 174
10 145 149 151 152 156 157 161 162 167 174
6 146 147 159 160 167 174
6 149 152 162 163 171 172
10 146 148 153 158 159 160 162 163 171 174
2 146 166
10 144 147 149 152 153 154 162 163 170 172
1 160
4 159 162 173 174
2 166 174
5 156 159 168 169 172
7 151 152 162 165 172 173 174
7 145 153 157 160 161 165 166
5 147 148 159 160 163
3 148 149 151
5 144 145 149 160 173
9 144 145 149 150 152 154 156 158 166
9 144 145 150 153 154 157 160 166 173
3 150 162 163
6 146 147 159 167 173 174
9 146 149 150 151 154 158 159 169 173
17 145 146 148 149 150 152 153 154 155 157 158 161 163 164 167 168 170
6 144 145 148 149 158 166
5 146 147 156 159 171
3 153 162 163
4 147 160 163 169
8 145 150 153 154 157 160 165 166
6 144 145 156 163 169 173
13 146 147 148 151 152 156 158 159 163 164 169 171 172
7 147 158 164 165 168 169 171
8 149 151 152 153 163 165 173 174
13 146 149 150 151 154 156 160 161 167 169 170 173 174
3 148 150 171
4 150 166 168 174
4 146 150 167 171
11 144 147 152 153 155 158 162 163 164 165 172
10 144 150 153 154 155 157 160 165 166 173
11 144 145 149 154 155 161 164 165 170 172 173
4 144 149 151 160
5 152 155 156 159 168
9 148 150 153 155 157 160 162 166 167
2 155 162
7 144 145 147 159 165 168 169
16 146 147 148 149 151 156 158 159 162 163 167 168 169 171 172 174
7 148 155 159 164 165 168 170
6 147 148 151 159 161 171
5 144 146 150 166 172
12 145 147 150 154 155 156 157 159 160 162 163 173
5 144 155 159 163 170
10 145 149 150 151 154 160 162 164 167 174
7 145 153 154 157 168 171 172
6 152 153 162 165 171 172
4 149 150 151 172
19 144 145 146 147 148 149 150 151 154 158 161 162 163 165 167 170 171 172 174
7 151 157 162 167 171 173 174
4 146 150 161 167
16 144 148 149 150 154 157 160 161 162 164 165 166 167 171 172 173
7 152 153 162 163 171 172 174
4 146 147 155 167
12 144 148 149 152 154 156 157 161 165 166 172 173
3 146 150 151
5 144 159 162 166 171
4 148 149 170 172
10 144 147 148 152 156 157 160 162 168 174
17 145 146 147 151 153 154 155 157 158 160 161 163 164 165 167 168 174
8 144 145 146 148 149 152 156 165
9 144 146 154 155 161 165 166 173 174
6 148 159 160 164 170 172
1 155
13 145 147 152 153 155 157 158 162 164 165 166 168 172
7 144 145 149 151 153 158 167
9 145 146 149 151 155 157 158 167 168
5 155 163 169 170 174
10 145 147 154 157 161 164 165 170 172 173
4 150 153 157 174
9 145 148 152 158 160 162 163 164 169
9 144 153 154 159 160 162 164 172 174
2 144 166
4 146 150 167 171
12 145 146 147 148 154 157 158 161 162 164 167 169
2 147 160
16 145 146 147 149 150 154 155 157 158 159 160 161 163 164 171 173
14 144 147 150 154 155 156 157 158 160 161 164 167 168 169
16 144 145 149 150 151 152 154 155 157 161 164 167 169 170 172 173
9 144 149 151 154 155 156 161 163 170
3 165 169 172
2 156 172
12 144 146 147 148 149 157 158 161 162 163 164 171
4 146 156 171 172
18 144 145 146 147 148 149 151 157 158 162 163 164 165 167 169 170 171 174
6 147 148 151 159 169 171
11 144 145 146 148 149 158 162 163 164 169 174
12 144 145 146 151 153 154 157 158 162 163 172 173
17 146 147 148 149 152 153 154 155 159 160 162 163 165 166 167 168 170
17 144 148 149 150 153 154 155 158 160 162 164 165 166 168 169 172 174
12 145 148 151 152 153 155 157 163 164 168 172 173
14 144 145 146 148 151 154 155 158 159 161 163 165 166 174
19 145 146 147 148 152 154 155 156 157 159 161 162 163 165 167 170 171 173 174
20 145 146 147 148 150 151 152 156 158 159 160 163 165 166 167 168 170 172 173 174
19 144 145 146 147 151 153 155 156 157 158 160 161 162 163 166 170 172 173 174
15 149 151 153 155 156 157 158 159 162 164 165 166 167 168 173
12 151 152 155 157 158 161 162 163 165 167 171 174
12 145 146 148 156 159 161 163 166 168 169 170 171
14 144 147 149 150 152 153 156 158 162 163 165 167 169 170
18 144 145 146 147 148 149 150 153 154 157 159 161 163 166 167 169 170 172
14 144 147 150 151 152 155 156 162 163 165 168 170 172 174
18 144 145 146 149 150 151 154 156 157 159 161 164 166 169 170 171 172 173
18 144 146 147 150 151 152 156 159 161 162 165 166 167 168 169 170 172 174
15 145 147 148 149 153 156 157 159 164 165 166 167 169 170 171
18 144 145 146 147 148 153 156 157 161 162 163 164 165 169 170 171 172 173
15 147 149 151 152 154 161 162 163 164 166 167 168 170 172 174
20 144 145 146 148 149 152 153 154 155 156 157 158 159 163 164 165 166 168 171 174
10 145 146 147 156 161 163 164 165 166 173
19 145 147 148 150 151 152 155 157 159 162 163 164 166 167 168 170 171 172 173
9 144 145 147 148 153 159 167 171 172
12 144 145 146 148 149 151 154 155 160 164 169 173
17 147 148 149 151 154 155 156 157 158 161 162 164 166 167 169 170 171
13 144 145 148 153 155 156 157 162 164 165 170 172 173
11 145 146 151 157 158 160 161 162 165 171 172
10 147 153 155 156 159 164 167 170 171 174
20 145 147 149 152 153 154 156 157 159 160 161 162 163 164 166 169 170 171 172 173
11 145 149 151 153 154 156 158 163 168 169 170
16 144 146 148 149 150 151 153 154 158 159 161 163 164 167 168 169
12 144 147 150 151 152 154 156 161 162 165 168 174
17 144 145 146 149 151 152 153 155 157 161 163 164 165 168 169 172 173
14 144 150 152 153 154 157 158 159 161 163 166 167 168 172
17 144 145 146 148 150 152 155 156 157 160 161 163 164 167 171 172 173
20 145 147 150 152 155 156 158 159 160 161 162 163 164 165 166 167 168 169 172 173
14 149 151 153 154 156 157 161 162 165 166 170 172 173 174
16 145 147 151 152 154 158 159 162 163 164 166 168 171 172 173 174
20 144 145 147 149 152 153 155 157 160 161 162 163 164 167 168 169 170 171 172 173
14 145 149 151 153 154 155 159 163 165 168 170 171 173 174
10 148 150 152 155 156 157 160 161 165 170
17 144 147 149 150 151 153 154 155 156 157 158 161 165 168 171 172 173
18 144 145 148 150 151 152 153 154 157 160 161 162 163 167 168 169 171 173
11 146 147 149 153 157 161 163 165 166 167 172
16 144 146 150 154 156 157 158 159 161 162 164 165 170 172 173 174
14 145 146 149 150 152 154 157 158 159 161 167 170 171 174
17 144 146 147 149 150 153 154 158 160 161 162 163 166 167 168 169 174
10 146 147 152 154 156 159 162 167 172 174
20 146 147 148 149 150 151 152 153 154 155 156 157 158 159 162 164 165 169 170 173
10 148 151 152 153 156 157 160 164 169 171
21 144 145 147 149 152 155 156 157 158 159 160 161 162 163 164 165 166 170 171 172 174
10 145 146 148 152 164 165 168 171 172 174
11 144 149 150 153 159 161 162 164 165 170 172
21 145 146 147 148 149 151 152 153 154 156 158 163 164 165 166 167 169 170 171 172 174
21 144 146 147 151 152 153 154 155 156 157 158 161 163 164 167 169 170 171 172 173 174
13 145 146 149 151 152 154 156 158 160 165 169 170 173
15 144 145 147 148 153 154 160 161 164 165 166 167 168 173 174
21 144 145 146 147 148 149 150 151 152 153 154 159 161 162 163 165 166 169 170 171 174
12 145 149 150 152 154 155 158 164 165 166 168 169
20 145 146 147 148 149 151 152 157 158 160 161 163 164 165 167 168 170 172 173 174
16 144 145 152 153 154 158 159 160 162 163 166 167 168 171 172 174
12 144 146 149 150 160 164 168 169 170 172 173 174
18 145 146 147 148 149 150 151 152 157 162 164 165 166 167 168 170 172 173
14 145 146 147 148 149 151 152 156 157 161 162 163 166 172
21 144 146 147 149 153 155 156 157 158 160 161 162 163 165 167 168 169 170 171 173 174
10 150 154 158 162 163 165 167 169 172 174
15 145 146 147 151 152 153 160 162 163 165 167 168 170 172 174
15 144 145 148 151 152 156 162 164 165 168 169 170 171 172 174
16 146 147 149 150 151 152 154 157 158 161 162 163 164 168 170 172
11 147 150 151 152 153 158 162 163 168 169 170
19 145 146 147 148 149 152 154 156 157 158 161 162 164 165 167 168 170 172 173
13 144 145 148 154 156 159 161 162 163 164 170 171 173
18 144 145 146 151 152 155 156 157 158 160 162 164 165 167 169 170 171 172
20 144 145 146 147 149 152 155 156 157 158 159 161 162 163 166 167 168 169 172 174
11 144 145 147 155 159 163 164 165 166 169 173
15 145 146 147 149 150 153 154 155 159 160 161 164 172 173 174
12 147 152 153 157 159 160 165 166 167 171 172 173
21 147 148 149 150 151 152 155 157 158 159 160 162 164 165 166 168 169 170 171 173 174
15 145 148 149 150 151 152 155 160 161 162 164 166 167 170 171
17 145 146 147 150 151 154 155 156 157 158 159 161 162 163 164 166 169
12 145 150 157 161 162 165 167 169 171 172 173 174
13 144 147 148 151 152 155 160 161 163 165 168 169 173
18 144 145 148 154 156 158 159 160 161 162 163 164 166 167 168 170 171 173
14 144 148 149 150 152 153 154 159 160 164 166 169 171 174
10 146 150 155 157 160 162 163 165 166 172
11 148 151 153 154 156 157 158 161 167 168 172
12 148 153 154 157 160 161 162 166 167 170 171 172
18 144 145 146 147 148 150 154 155 158 160 161 162 164 165 166 169 171 172
10 146 147 150 151 158 162 163 167 170 174
17 144 145 146 148 150 155 156 158 159 162 163 165 168 170 171 172 174
15 145 146 147 151 152 153 154 157 158 159 161 165 170 171 174
21 146 147 148 150 151 152 153 157 158 159 161 163 164 165 166 168 169 170 171 173 174
10 148 149 153 154 155 157 161 167 170 173
19 144 145 146 148 150 152 153 154 155 160 161 162 163 165 166 168 169 171 174
20 146 147 148 149 150 151 153 155 156 157 158 160 161 162 164 165 169 172 173 174
17 146 147 148 149 151 152 154 155 156 157 162 163 168 169 171 173 174
14 144 146 148 151 153 154 161 162 163 164 168 169 170 174
20 144 145 147 148 149 152 153 155 156 157 159 160 161 162 163 167 169 170 171 173
9 144 146 150 151 156 159 164 167 174
13 144 145 146 151 152 156 158 161 163 164 167 168 174
17 146 149 151 152 154 156 158 161 164 165 166 167 168 170 171 172 173
17 144 147 149 150 151 155 156 157 158 160 161 162 163 164 167 168 169
13 150 151 153 154 155 159 161 162 164 167 170 171 172
12 147 150 151 154 159 160 161 163 167 168 169 174
20 144 145 146 147 148 151 153 156 157 159 161 163 164 165 168 169 170 171 173 174
15 145 147 148 149 150 154 159 160 161 163 165 166 169 171 173
18 144 145 147 148 149 155 159 160 163 164 165 166 168 169 170 171 172 174
10 145 146 149 150 153 160 161 169 171 172
13 146 147 149 154 155 158 160 164 165 167 170 173 174
11 146 147 148 155 156 158 159 163 166 170 172
14 144 148 149 151 155 157 159 161 165 168 171 172 173 174
19 145 146 148 152 155 156 157 158 161 162 164 165 166 167 168 169 170 171 172
21 145 146 147 148 149 151 152 153 156 157 159 160 161 163 164 165 169 170 172 173 174
21 144 145 146 147 148 153 156 157 158 160 161 162 163 164 165 166 167 168 170 173 174
10 144 155 156 157 162 163 164 165 168 171
20 144 146 148 149 153 154 155 157 160 161 162 163 164 167 168 169 171 172 173 174
12 144 147 149 150 154 159 163 164 167 168 171 172
17 146 148 149 150 151 153 155 157 158 159 163 166 167 168 171 172 173
19 144 145 148 150 151 153 155 156 159 160 161 163 166 167 168 169 171 172 174
16 144 145 146 147 152 154 155 156 157 161 162 164 165 166 172 173
12 144 149 151 152 153 161 164 165 168 170 171 173
14 145 147 148 150 151 153 157 160 161 162 164 165 167 172
12 145 147 149 157 158 164 167 168 169 170 172 174
14 145 146 147 148 152 153 154 158 161 162 165 168 171 173
10 150 152 154 155 156 159 164 167 169 171
19 144 145 147 148 149 154 155 157 158 159 160 163 166 167 168 169 171 172 174
19 145 146 147 148 151 153 154 155 157 158 160 163 165 168 169 170 171 173 174
21 145 147 148 149 151 152 153 154 155 156 157 159 160 161 162 165 166 167 168 171 172
15 145 146 148 153 157 158 160 164 165 169 170 171 172 173 174
21 144 145 146 148 150 153 154 156 158 159 160 163 164 165 166 167 169 170 171 173 174
17 144 146 147 148 154 155 156 162 163 164 165 166 167 168 170 172 173
15 144 145 148 150 152 155 156 158 162 164 165 166 171 172 174
11 144 147 148 149 150 151 156 162 164 170 171
20 144 145 147 148 149 150 153 154 156 157 159 160 165 166 167 168 169 171 172 173
11 146 147 149 150 151 153 162 164 165 167 173
10 145 148 149 151 164 165 168 171 172 173
16 146 148 150 152 154 156 160 161 162 164 165 169 170 171 173 174
10 144 149 151 161 163 164 166 169 171 172
13 146 147 148 150 152 154 157 159 161 164 166 170 171
19 145 146 148 150 152 154 155 156 157 160 162 163 164 165 166 168 170 172 174
9 144 145 149 150 153 161 164 172 173
18 145 148 149 151 154 155 156 160 161 162 163 164 165 167 168 169 170 171
13 145 146 147 154 156 158 159 162 165 170 171 172 173
18 146 147 148 149 151 152 154 155 157 160 163 166 167 169 170 171 173 174
15 144 146 147 148 150 151 154 157 161 165 166 167 169 170 174
9 144 152 156 158 161 162 163 172 173
11 149 150 151 152 156 158 160 161 162 168 170
9 148 151 152 155 160 164 166 170 171
11 144 148 151 157 158 159 161 167 169 172 173
11 150 151 154 155 156 158 159 165 167 173 174
15 144 147 152 153 154 155 159 162 163 165 169 171 172 173 174
17 144 150 152 154 156 158 159 162 163 164 165 167 168 171 172 173 174
9 146 147 150 153 154 157 159 161 167
14 144 145 146 149 150 154 160 161 163 165 167 168 171 173
10 145 147 154 156 157 160 170 171 173 174
12 157 158 159 160 161 162 163 165 166 168 170 171
16 144 145 146 148 150 151 152 154 157 158 159 162 164 169 173 174
14 144 147 150 154 156 157 158 159 162 163 165 166 168 173
15 144 146 147 148 153 157 158 159 160 161 162 163 164 169 170
11 145 146 148 150 156 159 160 164 165 168 172
11 148 149 152 158 159 160 161 164 169 170 174
14 144 146 150 153 158 159 160 162 164 167 169 171 172 173
13 152 154 155 156 158 159 162 163 165 167 168 173 174
17 149 150 151 152 154 156 158 159 161 162 163 164 165 167 169 170 171
17 151 152 153 154 155 157 158 160 162 163 164 165 167 168 170 171 173
15 144 146 149 150 151 155 156 158 159 160 161 162 163 169 170
15 144 145 147 148 149 156 157 158 159 160 163 164 165 167 170
17 148 152 153 154 157 160 161 162 163 164 165 166 168 169 171 172 173
11 146 149 150 152 153 155 163 168 169 171 172
12 144 146 147 148 151 154 158 160 161 170 172 174
14 144 145 148 149 150 153 155 156 159 165 167 168 170 173
20 146 147 148 150 151 152 154 155 156 157 158 160 163 164 166 167 170 172 173 174
17 146 147 150 151 152 153 154 158 159 161 165 166 167 168 169 170 173
11 144 149 154 156 157 160 164 167 171 172 174
12 146 150 151 152 156 161 164 165 168 169 170 174
14 145 149 150 151 153 155 156 159 160 161 164 166 170 171
16 145 149 151 153 155 156 158 159 161 163 165 166 169 170 171 174
18 146 147 150 151 153 154 159 160 161 163 164 166 167 168 170 171 172 174
13 145 147 152 159 160 161 162 164 165 166 167 168 169
10 148 152 158 160 161 163 165 166 169 173
19 148 149 150 151 152 154 155 158 161 162 163 164 165 167 169 170 172 173 174
19 144 145 149 150 152 153 154 155 157 158 160 161 162 163 165 166 169 170 171
10 144 156 158 159 161 163 164 167 171 174
18 146 149 151 152 154 155 156 157 158 159 160 162 163 165 166 167 168 171
18 145 147 148 149 150 151 152 153 154 155 156 157 162 163 166 169 171 174
14 144 145 147 150 155 158 159 160 161 162 165 166 167 173
10 144 145 146 147 148 150 156 169 173 174
13 145 146 147 148 151 152 153 155 158 169 170 172 173
17 145 146 147 148 149 151 153 156 157 158 159 160 165 170 171 172 173
21 144 145 151 153 154 155 156 157 158 159 160 161 162 164 165 167 168 170 171 172 174
13 144 145 146 149 150 152 154 155 157 162 166 167 170
20 144 147 148 149 150 152 153 154 157 158 160 161 163 165 169 170 171 172 173 174
17 144 146 147 148 150 154 155 157 158 161 162 163 166 168 171 172 173
20 146 147 148 150 151 154 155 157 158 159 160 161 163 165 166 167 168 170 171 174
9 144 147 153 154 161 163 166 168 173
16 145 147 148 149 150 152 155 156 157 161 162 164 165 166 172 174
21 144 146 147 149 151 152 154 156 157 160 161 162 163 164 166 169 170 171 172 173 174
18 146 147 151 154 156 158 159 161 162 164 165 166 167 168 169 170 172 174
14 144 149 150 154 155 159 161 162 164 166 168 170 173 174
9 150 153 157 158 162 165 167 169 172
12 153 155 159 160 162 167 168 169 171 172 173 174
13 144 145 147 150 151 152 155 160 162 165 166 173 174
19 144 145 147 148 150 151 152 156 157 162 163 164 165 166 168 169 172 173 174
15 147 149 150 151 152 157 158 159 162 164 167 168 170 172 173
14 148 150 151 153 155 156 157 158 159 162 164 165 166 169
17 146 148 149 150 152 155 156 158 160 162 166 167 168 169 170 173 174
13 146 147 148 151 156 157 158 163 164 166 169 171 173
8 175 176 178 188 192 195 199 204
17 176 177 178 179 181 183 185 190 192 193 195 197 202 205 209 211 212
18 175 177 178 185 187 188 189 191 192 194 195 198 202 205 206 208 209 210
19 176 177 178 184 185 186 191 193 195 197 199 201 203 205 206 207 208 210 212
8 181 182 186 194 199 203 205 211
2 176 206
9 175 178 193 201 203 204 207 209 211
13 176 178 179 181 188 189 190 191 196 199 202 208 209
11 175 176 179 180 184 186 190 199 202 203 209
21 175 178 180 184 185 186 189 192 193 196 198 199 201 202 203 204 205 207 209 210 211
13 178 183 187 191 193 194 195 200 201 204 206 208 212
9 185 187 193 194 198 204 206 207 212
10 175 185 188 193 196 197 199 203 207 211
12 179 181 183 184 185 187 195 198 204 206 209 211
10 179 182 185 189 192 194 197 199 207 211
11 178 179 181 184 189 190 196 197 200 208 212
19 176 178 180 184 186 187 190 192 193 195 196 198 199 200 201 202 203 205 210
25 175 177 179 180 181 182 183 184 185 188 189 190 191 193 194 197 199 200 201 202 203 207 208 211 212
12 175 177 184 186 187 189 192 194 196 199 203 204
9 178 188 191 192 198 202 204 209 212
11 177 180 182 187 199 200 202 203 204 205 208
10 177 178 179 182 192 195 198 199 200 202
9 175 186 187 191 194 198 201 206 208
17 176 177 179 180 181 183 184 185 187 188 189 190 198 199 200 210 212
9 177 183 185 186 187 191 198 205 211
14 176 180 185 191 193 197 200 201 205 207 208 209 210 212
11 175 178 186 190 193 195 198 202 206 209 210
8 175 177 184 186 197 200 205 210
12 176 182 187 189 191 193 194 195 202 206 207 211
9 179 186 187 190 191 203 205 210 212
20 176 179 180 181 182 183 184 186 190 193 196 197 199 200 201 203 204 207 211 212
7 183 186 188 192 196 207 211
12 175 179 180 185 186 187 193 195 196 200 201 203
16 176 179 181 182 183 184 186 187 190 192 195 201 202 204 206 208
11 177 181 182 187 190 191 194 195 200 206 212
7 176 183 184 189 203 205 208
15 175 178 179 181 183 185 186 188 192 196 197 198 203 205 212
9 178 186 188 194 196 197 198 202 209
12 177 178 180 189 191 194 198 200 205 209 210 212
11 177 182 183 184 189 190 206 207 208 210 211
20 176 180 181 183 185 186 189 190 196 197 201 203 204 205 206 207 209 210 211 212
13 176 178 186 187 192 195 196 198 204 205 206 209 210
11 180 182 186 187 191 194 198 199 202 205 208
8 180 182 183 192 195 201 203 211
8 179 181 183 187 188 189 192 194
8 175 192 193 195 199 206 207 210
14 176 177 178 186 189 192 194 196 197 199 203 205 207 212
12 175 180 182 188 190 191 193 200 201 202 208 210
12 182 186 191 192 194 195 196 197 202 205 206 208
8 175 184 187 188 191 193 194 208
11 175 180 182 190 196 198 200 202 204 209 211
8 180 182 187 189 193 195 199 209
17 176 177 180 181 183 184 187 188 191 196 200 201 203 204 205 208 212
18 175 176 179 181 183 184 185 186 191 192 196 198 200 201 206 207 208 211
6 177 185 188 196 205 211
20 175 176 178 179 181 184 185 189 190 191 193 194 195 197 198 201 206 209 210 212
8 177 180 190 201 204 208 209 210
16 175 176 179 183 185 189 192 193 195 196 197 200 201 203 206 209
26 175 177 178 181 183 184 185 186 187 188 189 190 191 193 194 195 197 198 199 201 204 205 206 208 210 212
14 178 179 180 184 188 190 193 195 197 198 201 206 210 212
8 181 182 189 192 197 198 207 210
6 177 180 189 198 207 208
12 175 176 177 187 189 191 192 196 202 204 207 208
10 176 180 182 188 194 201 202 203 204 209
11 177 178 181 184 188 190 204 207 210 211 212
15 181 182 183 184 185 193 194 196 197 200 201 202 206 209 211
12 177 178 188 190 194 197 202 203 204 205 210 212
12 176 179 180 182 192 196 200 202 203 207 209 211
6 176 179 183 188 197 208
6 175 181 182 188 199 204
19 175 177 179 181 182 183 185 188 189 191 194 197 204 206 207 208 209 211 212
3 184 199 200
7 177 185 191 195 199 200 201
30 177 178 179 180 183 184 185 186 187 189 190 191 192 193 194 195 196 197 198 200 201 202 203 205 207 208 209 210 211 212
15 175 179 180 181 182 187 190 192 193 204 206 207 210 211 212
12 178 179 181 182 183 188 190 195 198 202 206 211
6 176 181 194 197 199 205
12 180 182 184 188 189 196 199 200 203 204 207 210
4 183 185 200 209
15 175 176 179 181 183 186 191 192 196 198 201 206 207 208 211
16 177 179 180 181 182 183 184 188 189 194 197 202 203 208 211 212
5 175 176 192 195 204
4 175 188 199 204
14 176 177 179 181 185 190 192 193 195 197 202 205 209 212
11 176 177 186 189 192 196 197 199 205 207 212
6 184 185 187 198 204 211
9 178 181 184 189 190 196 197 208 212
7 177 181 187 194 195 200 206
7 182 186 187 194 199 205 208
4 183 184 203 205
5 193 196 203 207 211
6 180 182 201 202 203 209
13 176 177 179 181 183 184 185 189 198 199 200 210 212
15 175 182 183 185 188 189 191 194 204 206 207 208 209 211 212
8 176 185 191 201 207 208 209 210
7 193 194 197 201 202 206 211
15 177 178 184 185 186 191 193 197 199 201 203 205 206 207 208
6 188 193 196 199 203 211
6 181 182 194 199 203 211
4 185 187 198 211
5 179 183 187 189 192
3 183 200 209
10 179 181 183 184 185 187 195 206 209 211
3 180 207 208
7 178 188 191 198 204 209 212
6 175 192 193 195 207 210
11 178 179 181 185 186 192 196 197 198 203 205
6 177 184 186 187 199 204
5 181 186 194 203 205
6 179 181 187 188 192 194
7 183 190 206 207 208 210 211
9 175 176 177 189 191 192 196 202 208
5 199 200 202 203 208
7 179 181 187 188 189 192 194
7 177 178 179 195 198 199 202
6 175 178 193 204 207 211
4 185 187 198 205
16 176 178 180 184 186 187 190 192 193 195 198 200 201 202 205 210
6 178 187 191 194 206 208
15 179 181 182 183 185 188 189 191 194 197 204 207 208 211 212
2 185 209
5 177 184 188 190 212
7 188 193 196 197 199 203 211
21 175 179 180 181 183 184 185 188 189 191 193 197 199 200 201 202 203 207 208 211 212
7 175 178 193 195 198 209 210
5 178 188 195 199 204
8 178 179 181 184 189 190 196 197
4 198 202 204 212
6 177 180 201 204 208 210
4 201 204 208 210
6 187 193 198 204 206 207
4 183 186 196 211
5 177 199 202 205 208
14 178 185 187 188 191 194 195 198 202 205 206 208 209 210
9 176 183 185 189 193 195 196 197 200
4 179 188 197 208
4 186 199 205 211
11 180 181 183 191 196 200 201 203 204 205 212
11 178 184 186 187 195 198 200 201 203 205 210
6 177 178 194 197 203 204
8 179 183 184 185 187 198 204 206
5 193 201 207 209 211
7 185 187 193 204 206 207 212
13 175 178 185 187 189 192 195 198 202 205 208 209 210
1 199
8 178 180 188 190 198 201 206 210
7 185 187 193 198 206 207 212
10 177 178 180 191 194 198 200 205 209 210
6 177 184 189 206 207 210
7 178 181 183 188 190 198 202
2 185 209
6 187 199 200 202 203 208
8 177 189 192 194 196 197 199 205
9 179 181 184 189 190 196 200 208 212
10 175 176 177 187 189 191 196 202 204 208
8 186 195 196 198 204 206 209 210
3 175 188 199
7 179 183 185 187 198 204 206
17 175 178 184 185 186 189 192 193 196 198 199 201 202 207 209 210 211
6 177 180 187 199 204 205
10 176 190 193 195 197 202 205 209 211 212
6 175 178 192 195 199 204
6 178 191 198 205 209 212
5 179 187 205 210 212
8 177 182 183 184 190 206 207 211
7 177 178 190 204 210 211 212
9 178 188 190 197 202 204 205 210 212
7 178 188 191 192 204 209 212
7 176 188 194 201 202 204 209
10 175 179 181 184 191 192 196 198 200 206
7 177 182 187 200 202 204 208
11 178 187 192 195 196 198 204 205 206 209 210
6 177 185 191 198 205 211
9 177 182 187 200 202 203 204 205 208
8 175 177 187 189 194 196 199 203
8 176 182 191 194 202 206 207 211
4 181 192 197 207
6 175 191 193 200 208 210
5 181 184 190 197 208
5 178 182 195 198 200
7 182 189 192 197 198 207 210
7 175 193 201 203 204 207 211
11 180 184 186 189 192 193 198 199 203 205 207
9 180 182 187 199 200 202 203 204 205
17 175 177 178 181 183 184 185 186 187 188 189 191 193 199 205 206 208
6 179 183 184 185 206 209
6 182 187 194 198 199 202
10 175 179 181 183 184 196 201 206 207 211
9 180 188 190 191 193 200 201 202 208
9 184 186 193 195 197 201 203 208 210
3 176 197 199
8 179 181 184 187 195 204 206 209
18 175 181 183 184 185 186 188 189 193 195 197 198 199 201 204 206 210 212
8 176 178 181 188 191 199 208 209
6 177 178 181 188 211 212
10 175 185 189 192 194 195 198 205 206 208
7 178 201 203 204 207 209 211
6 175 187 188 191 193 208
7 175 179 190 199 202 203 209
4 179 191 203 210
10 176 177 189 191 192 196 202 204 207 208
5 182 183 195 201 203
10 176 185 186 191 199 201 206 207 208 212
7 175 187 191 198 201 206 208
6 183 187 191 193 200 201
25 177 178 179 180 183 185 187 189 190 191 192 193 194 195 196 197 201 202 203 205 208 209 210 211 212
11 179 180 184 188 190 193 197 198 206 210 212
7 177 190 201 204 208 209 210
12 176 182 183 184 187 190 192 195 202 204 206 208
8 176 191 193 200 201 207 208 209
9 177 181 185 187 188 190 198 199 200
8 180 193 197 200 201 205 208 212
7 177 178 184 204 210 211 212
8 177 182 187 190 191 194 195 206
10 175 182 187 190 192 193 207 210 211 212
7 178 179 181 189 196 197 200
13 176 179 181 182 186 187 190 192 195 201 202 204 208
5 177 184 186 197 205
5 181 182 199 203 211
3 189 198 208
10 175 177 185 187 188 192 198 206 208 209
8 182 187 199 200 202 203 205 208
6 175 182 190 191 201 208
3 192 207 211
7 175 179 180 186 187 201 203
16 175 176 178 181 184 185 189 191 194 195 197 198 206 209 210 212
4 177 180 189 208
4 175 201 203 211
7 178 186 195 198 204 205 210
4 183 192 196 211
4 181 192 198 207
4 189 195 199 209
7 175 185 193 196 199 203 211
5 175 187 188 191 194
9 175 177 186 187 189 194 199 203 204
8 186 187 192 195 204 205 206 209
8 179 184 188 193 195 201 206 210
10 177 178 180 189 191 198 200 205 209 210
7 178 186 189 194 197 199 203
4 193 195 206 207
7 175 187 189 191 196 202 204
12 176 179 181 185 189 193 194 197 201 209 210 212
10 177 178 181 183 193 197 202 209 211 212
12 175 178 180 186 193 196 198 199 201 209 210 211
6 179 180 186 187 195 200
7 182 187 189 193 195 199 209
1 200
5 178 198 202 204 209
9 177 183 187 188 190 198 199 200 210
12 177 178 184 185 186 191 193 197 199 201 206 208
9 179 180 184 188 190 193 201 206 212
5 175 186 187 191 208
12 176 181 182 184 186 187 190 192 195 201 204 208
9 177 180 189 191 194 198 200 205 210
16 175 177 181 182 183 185 188 189 191 194 204 206 208 209 211 212
7 175 176 192 196 202 204 207
17 175 176 178 179 185 189 190 191 193 195 197 198 201 206 209 210 212
2 199 200
3 185 199 200
5 177 180 189 198 207
9 175 179 180 184 186 199 202 203 209
3 177 188 205
6 176 183 184 189 205 208
6 179 180 193 195 196 201
6 188 196 197 198 202 209
15 176 185 186 191 193 195 197 199 201 203 205 206 207 210 212
4 193 203 207 209
5 179 181 183 187 189
16 175 178 180 184 189 193 196 198 199 202 203 204 205 207 209 210
10 175 180 182 188 190 200 201 202 208 210
10 177 178 188 190 197 203 204 205 210 212
17 176 180 181 182 183 184 186 190 193 196 197 199 200 201 203 207 211
5 176 182 194 203 209
8 180 188 194 201 202 203 204 209
10 176 178 186 189 192 196 197 203 207 212
6 178 180 194 198 200 205
6 181 182 186 203 205 211
4 179 186 187 210
12 177 183 188 191 196 200 201 203 204 205 208 212
9 176 178 179 181 189 190 191 196 209
6 181 182 187 191 194 200
8 178 179 181 182 183 190 195 206
6 177 187 189 191 204 207
8 179 180 195 198 201 206 210 212
5 178 198 199 200 202
11 176 179 181 183 190 192 193 202 205 209 211
7 178 183 187 193 200 201 206
11 176 180 181 183 185 188 189 198 200 210 212
6 177 182 191 195 200 212
10 175 179 180 185 186 187 196 200 201 203
8 177 178 186 192 196 203 205 212
16 178 180 184 186 189 192 193 196 198 199 202 203 204 205 207 210
15 175 177 178 185 187 189 192 194 195 198 202 205 206 209 210
12 175 177 181 183 185 189 191 194 204 206 207 209
7 177 178 184 190 204 207 210
6 177 184 186 197 200 210
13 175 176 181 183 184 186 191 192 196 198 201 206 211
8 180 182 186 191 194 198 202 205
4 176 192 195 199
17 175 178 184 185 186 189 192 193 196 198 199 202 203 205 207 209 211
7 177 178 181 188 190 207 210
7 176 178 198 204 205 209 210
4 176 183 205 208
12 176 177 179 180 183 184 185 187 189 198 200 210
6 192 193 199 206 207 210
6 178 192 202 204 209 212
3 183 185 209
9 178 180 189 191 198 205 209 210 212
7 180 182 184 196 200 203 204
6 181 183 184 185 198 206
6 179 181 183 188 192 194
14 175 176 179 183 185 189 192 193 195 196 197 200 203 209
5 176 183 188 197 208
4 182 183 201 203
5 175 193 197 199 203
6 183 186 188 192 196 211
5 175 192 195 207 210
18 177 178 181 183 184 185 186 189 190 191 193 194 195 197 199 204 208 212
5 175 188 196 197 207
8 176 178 194 196 199 203 207 212
7 180 185 195 196 200 201 203
7 186 188 194 196 197 198 209
5 179 189 192 197 211
7 182 187 190 193 204 206 207
6 178 186 194 197 202 209
3 177 189 208
4 191 195 199 201
6 182 187 191 195 200 212
13 175 176 179 183 189 192 193 195 196 197 201 203 209
4 181 182 199 204
6 178 181 182 183 198 202
6 178 182 183 190 195 211
9 175 179 180 185 186 193 200 201 203
6 181 182 186 199 205 211
7 179 186 187 191 203 205 212
7 175 178 186 198 202 206 210
10 177 182 183 185 188 189 191 207 209 212
6 175 184 186 197 205 210
3 183 200 209
9 178 179 181 183 185 188 192 196 203
7 175 178 193 195 202 206 209
11 175 179 180 181 187 192 193 204 210 211 212
7 182 187 191 198 202 205 208
9 180 182 187 199 202 203 204 205 208
7 177 178 180 194 198 205 209
6 180 182 192 195 201 203
14 177 178 185 186 191 195 197 199 201 205 206 207 210 212
6 181 182 189 192 197 210
10 181 182 183 194 200 201 202 206 209 211
5 180 182 202 203 208
4 177 185 196 205
11 175 181 183 185 186 188 192 196 198 203 212
5 177 183 185 198 205
6 181 182 189 197 198 207
6 176 180 188 201 203 204
5 182 185 192 194 199
7 177 186 187 194 196 199 204
6 175 185 188 197 199 211
25 175 177 179 180 181 182 183 184 185 186 187 188 189 190 192 197 198 199 201 202 203 207 208 209 211
24 176 178 179 180 182 183 184 185 187 188 189 190 191 193 194 196 199 201 202 208 209 210 211 212
25 175 176 177 178 179 180 181 182 183 187 190 191 193 194 196 197 201 202 204 205 207 208 209 210 212
14 176 178 179 183 185 189 191 193 194 195 199 200 206 208
22 176 178 179 181 182 183 184 185 186 188 189 190 191 192 195 196 203 205 206 207 211 212
17 175 177 178 181 184 185 186 187 189 191 195 198 199 200 201 209 211
21 177 178 184 185 186 187 189 190 191 193 194 195 196 201 202 203 204 206 207 208 209
19 176 177 178 180 182 185 186 189 191 192 193 197 200 201 204 205 206 208 209
20 175 177 181 183 184 185 186 189 190 193 194 196 197 200 201 203 204 206 210 211
17 177 178 180 184 188 189 190 192 193 198 202 205 206 208 209 211 212
17 175 176 181 185 188 190 193 195 196 198 199 201 202 205 207 208 212
12 176 177 178 179 182 189 192 196 199 201 202 208
16 175 176 177 181 182 185 189 190 192 194 200 202 207 210 211 212
18 179 181 182 183 184 186 187 188 189 192 193 194 195 201 202 204 208 212
24 175 176 177 178 179 180 183 184 185 186 189 190 192 194 195 199 200 203 204 206 207 208 209 212
25 175 176 178 181 182 184 187 188 189 191 193 194 195 197 198 200 201 202 204 207 208 209 210 211 212
18 175 176 184 185 186 193 194 195 197 200 201 203 204 205 206 207 208 211
21 179 180 183 184 186 187 191 192 194 195 197 198 199 201 203 204 205 206 208 210 211
18 176 180 183 184 185 186 188 189 193 196 197 199 200 202 205 207 210 212
12 175 176 180 184 185 186 191 192 194 198 199 207
21 175 177 179 180 182 186 188 189 190 191 192 193 194 196 197 200 207 208 210 211 212
24 175 177 178 181 182 184 185 186 190 191 193 194 195 197 198 199 201 202 205 206 207 209 210 211
24 175 177 178 179 182 183 184 186 187 188 190 193 195 198 199 201 205 206 207 208 209 210 211 212
22 177 179 180 182 183 186 187 189 191 193 194 195 196 197 201 202 203 205 206 207 210 212
11 175 184 186 187 188 189 191 197 200 210 211
23 176 180 183 184 185 186 187 188 189 192 193 195 196 197 198 199 201 203 204 206 207 211 212
20 179 180 181 182 183 184 185 186 188 191 192 196 199 202 204 205 207 210 211 212
22 177 179 182 183 186 187 188 189 191 192 193 194 195 196 198 199 202 205 206 207 209 211
16 175 176 177 178 179 180 184 186 187 190 191 195 197 200 206 211
12 175 176 180 182 183 184 186 188 191 193 197 207
18 175 176 179 182 183 185 190 191 192 194 197 198 200 202 204 205 209 212
12 178 180 183 194 197 199 200 201 206 207 209 211
26 175 176 177 178 179 181 184 185 187 188 190 191 192 193 195 197 199 200 201 202 205 206 207 208 209 211
25 175 176 177 179 182 184 185 186 187 188 189 190 192 193 195 196 197 198 199 200 201 203 204 210 211
13 178 187 188 191 194 196 199 203 204 207 208 211 212
18 176 177 178 180 181 182 186 187 188 190 198 201 204 206 207 208 209 210
23 176 178 180 181 184 185 188 189 190 192 193 194 196 197 201 202 206 207 208 209 210 211 212
25 175 176 177 178 179 182 183 185 186 188 189 190 192 193 195 197 198 200 203 204 205 206 209 211 212
12 175 176 178 180 181 183 184 191 194 197 203 207
17 175 177 178 179 181 182 183 184 185 188 189 190 191 207 208 209 211
24 175 178 179 180 183 185 186 187 188 189 190 191 192 193 197 198 201 202 203 204 207 208 211 212
19 175 177 181 182 183 184 185 188 192 193 194 195 196 197 198 202 203 207 212
16 175 176 177 181 182 183 184 192 197 198 199 201 203 205 210 211
24 176 178 179 180 181 183 185 186 187 188 189 192 193 194 195 196 197 198 200 202 203 205 207 208
25 175 176 177 184 186 188 189 191 193 194 196 197 198 199 201 202 203 204 206 207 208 209 210 211 212
11 179 182 184 186 195 198 201 205 207 208 212
25 175 176 177 179 180 181 184 187 188 189 190 192 193 194 197 198 199 200 201 202 205 208 209 210 211
24 175 176 177 178 183 184 185 187 188 189 190 193 194 195 196 198 199 202 204 205 206 207 208 211
25 176 177 178 179 181 182 183 184 185 187 188 189 192 193 194 197 200 204 205 206 207 208 210 211 212
21 175 177 179 181 182 183 184 185 189 190 191 192 193 195 197 199 201 205 207 210 211
22 176 179 180 181 182 184 186 188 189 191 192 193 194 198 199 202 203 206 208 209 210 212
13 176 183 185 186 187 191 198 201 203 204 205 206 207
21 175 176 182 183 184 185 186 187 188 189 190 191 192 194 197 198 201 204 206 207 209
23 175 178 179 181 183 185 187 189 191 193 197 198 199 201 202 204 205 206 207 208 209 210 212
16 179 180 181 183 185 188 189 191 193 195 198 199 203 205 207 208
17 178 179 180 181 185 186 187 189 190 194 195 196 200 201 203 204 211
18 175 176 181 182 185 186 187 188 196 197 198 201 202 205 208 210 211 212
24 175 176 179 181 183 184 185 186 187 188 190 191 192 194 195 197 198 199 200 201 203 204 205 211
12 177 179 180 181 182 183 185 194 202 204 205 208
22 175 177 178 179 181 182 183 184 186 188 189 191 194 203 204 205 206 207 208 209 210 212
14 176 179 181 182 183 187 189 190 195 197 205 206 209 211
13 175 176 178 182 184 187 189 192 199 200 202 208 212
16 175 176 177 183 184 185 186 187 189 190 193 198 206 208 210 212
16 182 183 186 190 192 194 195 196 197 198 199 202 204 206 207 212
16 175 181 183 189 190 191 192 193 194 196 203 204 205 208 209 212
22 178 179 181 183 184 185 187 188 192 195 196 197 200 201 202 203 204 205 206 207 208 210
18 178 179 181 183 184 190 191 194 196 197 199 200 202 205 207 208 209 212
26 175 177 179 180 182 183 184 185 187 189 190 191 193 195 196 197 199 200 202 203 205 206 207 210 211 212
19 176 177 178 179 184 186 189 193 195 197 198 199 203 204 207 208 210 211 212
15 175 179 182 184 185 188 191 193 195 200 207 208 210 211 212
14 178 181 184 187 188 189 190 194 195 202 203 205 209 211
23 175 176 177 178 180 182 184 186 189 190 192 193 194 195 200 201 202 204 205 206 207 208 209
11 176 178 182 185 191 194 196 205 207 209 210
24 176 178 181 183 184 185 186 188 189 190 191 193 194 195 196 199 200 203 204 205 206 208 210 211
25 177 179 180 181 182 183 184 186 187 188 190 191 192 196 197 199 200 202 204 205 208 209 210 211 212
19 177 180 181 183 184 186 189 190 191 192 193 194 195 196 198 200 201 204 205
18 175 177 178 184 185 186 188 189 190 193 196 197 199 203 204 208 210 212
12 176 178 179 185 193 195 198 199 203 205 206 209
11 175 181 190 191 200 201 202 203 205 206 209
16 175 176 177 178 179 181 183 186 194 198 199 203 208 209 210 211
23 177 180 182 183 185 186 187 188 189 190 192 194 195 196 197 198 200 202 204 208 209 210 212
21 176 178 180 181 182 185 190 191 192 194 195 199 201 203 204 205 206 209 210 211 212
13 175 177 182 183 191 192 193 195 196 197 201 202 212
22 175 176 177 180 181 182 185 186 188 190 194 195 196 197 199 200 202 204 205 207 210 211
25 176 178 179 181 182 183 184 185 187 188 189 190 191 193 194 201 202 203 204 205 206 208 210 211 212
14 176 178 179 181 182 186 189 195 199 203 204 206 210 212
14 175 177 181 182 186 187 191 195 202 206 207 208 209 210
17 177 178 179 182 184 185 189 191 192 196 198 201 202 203 205 206 207
13 175 177 178 181 186 189 192 199 201 202 203 204 206
18 175 177 180 181 182 187 188 189 191 193 194 198 200 203 204 208 209 210
20 175 176 182 186 187 190 192 194 196 197 199 203 204 206 207 208 209 210 211 212
18 176 184 186 187 189 190 191 193 194 197 200 202 205 206 208 209 210 211
18 175 178 180 182 183 185 186 188 191 192 193 201 202 203 208 209 210 212
15 175 176 177 178 182 189 191 195 198 199 202 203 205 209 212
18 178 181 187 188 189 190 191 193 194 198 200 201 202 203 204 209 211 212
25 175 176 177 179 180 181 184 187 189 190 192 193 195 196 197 198 199 200 201 202 204 205 208 209 210
23 176 178 179 180 182 186 187 189 190 192 193 194 195 196 197 199 200 202 203 205 206 209 212
15 175 177 178 180 186 187 188 189 194 195 196 197 199 206 208
14 178 179 182 183 185 186 187 192 194 195 204 207 211 212
11 178 180 181 184 185 186 194 195 198 199 207
19 175 176 181 183 186 187 190 191 195 197 199 205 206 207 208 209 210 211 212
16 178 180 181 183 186 191 193 194 196 199 200 204 206 207 208 209
17 175 180 181 187 188 190 192 195 196 199 200 201 203 205 206 208 209
14 175 177 178 184 186 188 192 193 198 204 205 206 210 211
15 176 178 179 180 189 194 195 197 199 202 203 204 205 208 210
14 176 180 183 184 187 188 190 192 197 200 201 202 209 212
17 176 177 180 181 186 188 189 190 192 193 196 201 202 205 208 210 211
20 175 176 178 181 182 185 187 188 189 190 193 194 196 198 203 205 207 209 210 212
19 175 181 182 183 185 188 190 192 193 194 196 197 198 200 204 207 210 211 212
14 176 181 185 186 189 192 195 196 198 199 200 205 207 210
19 175 176 177 178 181 184 185 190 191 193 194 195 201 203 204 205 206 208 211
23 176 177 178 179 180 181 183 184 185 189 194 196 197 199 200 202 203 204 207 208 209 210 212
23 175 176 178 179 181 182 185 187 191 192 193 194 195 196 198 199 200 201 202 203 206 207 210
15 175 176 178 179 182 185 190 195 196 197 198 204 206 209 210
22 177 178 181 182 183 184 186 187 189 190 191 193 194 195 198 201 202 205 206 208 211 212
17 176 177 178 185 186 188 190 193 194 195 198 199 203 206 208 209 211
20 175 176 178 181 184 186 189 190 192 193 198 199 200 201 202 203 207 208 209 210
22 175 176 177 178 180 182 183 188 189 190 192 194 196 197 199 200 201 202 207 209 210 211
22 176 179 181 184 186 187 188 189 190 194 195 196 198 199 200 201 205 207 208 209 210 211
19 176 178 180 183 186 188 192 194 197 198 199 202 204 205 206 208 209 210 212
22 175 176 177 178 179 181 182 187 189 191 192 195 196 199 200 202 204 207 208 209 211 212
12 176 178 179 187 188 192 193 200 205 210 211 212
23 177 178 179 180 181 183 184 185 186 188 189 191 192 193 194 195 199 203 204 207 210 211 212
25 175 176 177 178 179 181 183 184 188 189 190 191 192 193 194 199 200 201 204 205 206 207 208 210 211
17 175 178 179 180 181 183 184 185 190 196 198 199 202 205 209 210 212
19 175 177 179 181 182 183 187 190 192 193 194 196 198 203 204 206 210 211 212
12 180 183 184 187 189 196 201 202 208 209 210 211
18 175 179 180 181 182 188 189 190 192 195 196 197 202 203 205 208 211 212
19 176 177 180 181 182 183 185 188 189 193 194 195 197 198 203 204 209 211 212
25 175 176 178 179 180 181 182 184 185 188 189 191 192 193 196 199 201 203 204 205 207 209 210 211 212
13 178 182 183 186 190 191 195 196 198 199 200 201 209
11 176 177 179 182 186 187 190 196 199 204 212
25 176 177 178 179 181 182 183 184 185 187 188 189 190 193 195 196 198 199 200 203 204 206 207 209 211
20 175 180 181 185 187 188 189 190 192 193 194 196 199 201 202 204 208 209 210 211
21 175 176 177 180 183 185 186 188 189 190 191 193 199 201 202 203 204 205 206 209 212
13 176 178 179 183 184 186 193 197 201 202 204 209 212
19 176 180 181 183 188 190 193 194 195 196 198 199 201 203 206 207 209 211 212
25 175 176 178 179 180 182 183 184 185 186 188 190 191 194 197 198 200 201 204 205 208 209 210 211 212
17 175 178 179 180 182 183 187 189 190 192 196 199 200 201 205 207 211
14 175 176 182 183 185 187 190 193 199 204 206 208 210 211
24 175 176 177 179 182 184 185 186 187 188 190 193 194 197 198 200 201 202 204 206 207 208 209 210
19 176 181 184 185 186 187 188 189 190 191 193 195 196 197 203 205 208 211 212
14 175 178 179 181 183 186 189 191 192 197 202 205 209 212
15 176 179 181 182 187 191 194 195 198 201 202 204 206 208 209
19 176 177 178 181 183 185 188 190 191 192 193 194 199 200 201 204 207 209 210
14 175 177 178 186 189 192 195 196 200 203 205 206 208 209
13 176 178 181 183 189 191 193 195 197 200 202 208 211
15 180 184 188 190 192 194 197 199 201 202 203 205 206 210 211
22 177 178 179 180 181 184 186 187 190 195 196 198 201 202 204 205 206 207 209 210 211 212
13 176 178 182 184 186 192 194 195 197 200 204 209 212
26 175 177 178 179 183 184 185 187 188 189 191 192 193 195 197 198 199 200 202 204 205 206 207 208 210 211
23 175 176 177 180 182 183 185 187 190 192 193 194 195 199 200 201 202 203 206 208 209 210 212
26 175 176 179 180 181 182 184 185 187 188 189 191 193 194 195 196 197 198 201 202 203 204 205 206 209 212
14 189 190 194 195 197 199 201 202 203 205 206 208 209 211
20 175 177 178 179 181 182 183 184 189 190 191 193 195 196 198 199 200 201 202 204
21 178 179 181 182 183 184 185 187 189 190 191 196 197 199 201 204 207 208 209 210 211
18 176 178 180 181 190 192 193 195 196 198 199 201 202 204 205 206 208 209
18 175 178 180 181 182 183 184 191 193 194 195 196 197 198 202 203 207 209
21 175 177 178 180 181 185 188 189 190 191 193 194 196 197 199 201 203 204 205 209 211
12 181 186 187 188 189 191 194 195 199 200 207 208
11 175 184 185 192 196 197 199 204 206 211 212
16 176 180 181 182 183 187 189 191 194 200 204 206 207 208 210 211
15 176 178 181 184 186 190 192 193 196 198 199 203 206 207 210
24 175 178 180 183 184 185 189 190 191 192 193 194 195 197 198 199 202 203 205 206 207 208 209 212
25 175 177 179 183 184 185 186 187 189 190 191 192 193 194 195 196 197 198 201 205 206 207 208 209 211
12 177 178 180 184 185 191 195 198 201 202 205 210
24 175 176 177 178 181 183 184 185 186 187 190 192 193 194 195 196 198 199 200 202 203 205 209 210
15 177 178 179 181 182 183 184 186 187 190 200 201 204 209 211
26 175 179 180 182 184 185 186 187 188 189 191 193 194 195 198 199 201 202 203 204 206 207 208 209 210 211
12 175 176 178 184 185 186 187 191 195 207 208 210
23 177 180 181 182 183 185 186 187 189 192 194 195 196 197 198 201 202 204 207 208 209 210 211
15 176 183 184 185 190 191 192 194 195 198 199 203 207 209 212
23 176 177 178 179 180 181 182 186 189 190 192 193 194 199 200 203 205 206 207 209 210 211 212
17 176 177 178 179 180 182 183 184 189 191 196 197 199 201 206 207 209
22 176 180 181 182 185 188 189 190 191 192 196 197 198 200 202 203 204 206 207 209 211 212
25 175 177 178 179 182 183 184 185 189 190 191 195 196 197 198 199 200 201 202 205 206 207 209 210 212
12 176 179 180 182 184 191 192 194 198 204 207 210
15 178 181 185 187 188 189 190 194 197 199 200 203 206 208 212
23 175 176 177 178 181 182 183 185 188 189 192 195 197 198 200 201 202 203 205 206 207 209 210
22 175 177 178 181 182 185 187 188 191 193 194 196 197 198 200 202 204 205 206 208 209 211
26 175 176 177 178 179 180 181 182 184 185 186 188 191 193 197 198 199 201 202 203 204 205 207 209 211 212
17 175 177 179 187 192 194 195 198 199 201 204 205 206 207 209 210 212
23 176 180 181 183 184 186 187 189 191 193 194 195 197 199 200 201 202 204 205 209 210 211 212
12 175 179 181 183 189 192 198 203 206 207 208 209
25 176 177 178 179 181 182 183 186 187 188 189 190 192 193 194 195 196 198 199 201 202 204 206 210 211
12 180 184 185 186 187 188 189 198 200 202 211 212
17 175 179 184 186 187 190 191 193 194 196 197 198 199 201 205 208 209
22 177 178 180 181 184 185 186 187 189 192 197 198 199 201 202 203 204 207 208 210 211 212
23 176 177 178 179 180 181 182 184 185 188 191 192 195 196 197 198 199 201 202 203 204 210 212
13 176 178 182 184 185 190 195 197 199 202 203 204 205
16 176 179 183 184 186 189 190 191 193 194 195 202 204 206 211 212
20 176 180 181 182 183 185 192 193 194 195 196 199 200 201 204 205 206 207 210 212
20 175 176 180 181 185 186 187 188 193 194 195 199 200 202 203 204 207 208 209 212
15 176 177 178 179 181 187 190 192 197 199 201 205 206 210 211
19 177 181 182 183 184 186 188 189 190 191 195 196 198 199 201 204 205 208 210
20 175 177 179 181 183 184 185 189 190 193 195 196 198 199 202 203 206 207 208 211
19 175 176 177 178 182 183 189 190 193 196 198 199 200 203 204 205 206 209 211
24 175 176 177 178 179 180 183 184 185 188 190 191 193 194 195 196 200 201 203 205 206 208 210 211
21 175 177 178 180 183 188 189 190 191 192 194 195 197 198 200 201 204 205 209 211 212
20 175 176 177 182 184 185 186 187 190 191 193 195 196 197 201 204 206 210 211 212
14 175 176 179 181 182 187 188 197 198 200 205 209 211 212
14 175 183 185 186 190 191 192 193 194 198 199 200 201 212
18 176 180 182 183 185 187 189 191 195 196 197 199 202 203 204 207 209 211
24 175 176 177 178 179 181 184 187 189 190 192 194 195 196 200 202 203 204 205 207 208 209 210 212
21 175 178 179 181 182 183 184 189 190 191 193 195 197 199 202 203 206 207 208 209 210
23 176 177 178 179 182 184 187 188 189 190 191 193 196 198 201 204 205 206 208 209 210 211 212
13 176 178 180 181 183 189 195 198 200 203 205 206 212
20 176 177 181 186 187 190 191 193 194 196 197 198 199 200 203 204 205 206 211 212
25 176 178 180 181 182 183 184 186 188 190 191 195 197 198 199 201 202 204 205 206 207 208 210 211 212
24 175 176 178 179 183 184 185 186 187 190 191 193 195 196 197 199 200 201 205 206 208 209 211 212
16 178 180 181 183 185 186 187 188 190 191 193 201 202 204 207 208
25 175 176 177 178 179 180 181 182 184 186 189 191 192 193 196 198 200 201 202 203 204 206 207 210 212
21 176 177 180 181 182 185 187 190 192 193 194 197 200 201 203 205 206 207 208 211 212
17 176 178 179 183 187 188 189 191 193 195 197 198 202 203 205 208 209
12 175 177 180 185 186 188 192 196 198 205 207 211
11 176 180 185 192 194 197 200 207 208 210 212
14 175 179 180 182 185 186 187 189 190 195 197 198 204 207
19 175 178 182 185 186 188 189 193 194 195 196 198 202 203 206 208 209 210 212
21 177 178 180 182 186 188 191 192 193 194 195 196 197 198 202 204 206 208 210 211 212
23 175 176 177 178 179 181 184 185 187 188 189 191 192 195 196 197 198 199 200 201 202 207 210
18 178 183 184 185 187 188 189 191 192 196 201 202 204 206 208 210 211 212
21 175 176 178 180 183 184 186 190 192 193 195 200 201 202 205 206 207 208 209 210 211
16 175 182 184 191 193 196 198 199 200 203 204 205 207 209 210 212
14 175 179 180 183 187 192 195 197 203 204 207 208 211 212
15 177 180 181 185 188 189 190 191 193 200 205 208 209 210 212
19 175 178 179 180 184 185 186 187 192 194 195 196 197 199 204 205 207 209 210
12 176 180 181 187 192 195 200 201 203 204 205 208
13 176 185 186 188 191 192 193 194 199 201 206 209 211
15 177 178 181 187 193 195 196 198 199 200 201 203 204 206 212
24 175 176 178 181 185 186 187 191 192 193 194 195 196 197 199 200 201 202 203 204 206 207 208 212
12 186 187 189 193 200 201 202 203 204 206 207 210
16 178 179 180 187 189 190 192 195 197 202 203 204 206 207 210 212
18 175 182 183 184 188 189 193 194 195 196 199 200 205 208 209 210 211 212
13 175 180 182 185 186 188 195 197 198 203 204 208 212
25 176 177 178 179 180 181 182 183 185 186 189 190 191 192 193 195 196 197 198 201 203 204 205 206 209
14 175 177 178 180 181 184 185 188 190 193 198 204 206 211
24 175 177 178 180 182 183 184 185 186 187 188 189 191 192 194 199 200 201 202 204 205 209 210 211
19 177 181 182 183 184 185 188 189 190 192 195 196 198 199 203 208 210 211 212
13 177 178 179 181 188 189 190 191 193 200 204 207 210
12 176 179 180 187 194 198 199 200 205 207 210 211
11 178 183 184 186 187 189 195 200 203 204 211
15 177 178 180 181 184 186 187 189 193 196 199 200 203 204 208
22 176 179 180 181 185 186 187 190 191 192 193 195 198 200 202 204 205 206 207 208 209 211
17 175 177 181 182 185 187 190 191 194 197 198 200 201 202 207 208 212
13 175 177 178 179 184 187 188 192 193 194 196 197 200
12 179 188 190 191 192 193 196 199 202 205 206 212
24 175 179 181 184 185 186 187 188 189 190 191 195 196 197 198 199 201 203 204 205 207 208 211 212
12 175 180 187 188 189 192 199 203 206 207 208 209
14 175 176 179 182 183 185 189 190 194 200 202 204 205 208
22 176 178 179 181 182 183 184 187 188 189 190 194 196 197 198 202 203 204 205 209 210 211
25 176 177 179 180 181 182 183 185 186 187 188 189 193 195 196 197 198 199 200 201 202 203 205 206 210
20 175 176 178 179 180 181 183 186 188 189 190 195 199 200 202 203 206 207 208 210
13 177 179 186 187 190 195 196 197 198 199 201 208 212
24 175 176 180 181 183 184 186 189 190 191 192 195 196 197 199 200 201 204 205 206 208 209 211 212
16 179 183 185 188 191 192 195 197 198 200 202 204 205 209 210 211
17 175 179 182 184 185 188 193 194 196 197 198 199 201 203 206 209 212
15 176 177 181 182 184 191 192 194 197 199 201 202 209 211 212
19 178 180 181 183 185 186 188 189 190 194 196 198 200 204 205 206 207 208 209
16 175 176 178 180 181 187 188 189 190 193 194 201 205 209 211 212
16 179 180 182 184 189 190 191 192 197 199 200 201 202 207 210 212
11 180 182 192 194 195 196 197 199 200 204 208
19 175 178 180 186 188 189 190 191 192 193 195 197 200 201 202 208 210 211 212
19 177 178 179 181 184 185 186 187 189 191 193 194 197 199 202 204 205 206 211
23 175 177 178 179 182 183 184 185 187 188 189 190 192 195 196 197 199 200 201 202 204 206 208
26 176 178 179 182 183 184 185 187 188 190 191 193 195 196 198 199 200 201 202 203 204 205 206 207 209 212
14 175 177 181 182 190 192 194 198 201 202 203 206 209 211
12 176 180 185 186 188 189 190 194 197 201 202 204
23 175 176 178 181 182 184 185 186 187 189 190 196 197 202 203 204 205 206 207 208 209 211 212
23 175 177 178 179 181 184 185 186 187 189 191 192 194 198 199 200 202 203 207 208 209 210 211
17 175 179 180 181 184 187 189 191 192 193 197 198 201 205 209 211 212
19 176 177 178 180 181 183 190 191 192 196 197 198 199 200 201 203 204 207 212
14 176 178 179 180 183 185 190 191 202 205 207 208 209 212
23 176 178 179 180 181 182 185 187 188 190 192 193 195 199 201 203 204 205 207 209 210 211 212
16 180 181 182 183 187 188 189 195 199 201 202 205 208 209 210 211
25 175 176 177 178 180 181 185 186 188 189 190 191 192 194 195 196 198 199 201 202 203 204 206 208 209
19 176 177 179 180 182 183 185 188 193 196 197 198 199 202 203 204 205 207 211
26 175 176 177 179 180 182 183 184 185 187 189 190 191 192 193 194 195 197 199 202 203 204 205 206 208 212
19 177 178 180 183 186 187 190 191 193 196 197 198 200 201 202 204 207 209 212
23 177 179 180 181 182 184 186 190 191 192 193 194 197 198 201 202 203 204 205 206 207 208 210
35 214 215 217 218 219 220 221 222 223 226 228 229 230 231 232 234 235 236 238 239 240 243 244 246 247 248 250 251 252 254 256 257 258 259 261
5 214 220 229 236 257
9 213 217 221 227 230 231 236 239 242
9 217 221 225 235 242 246 248 252 257
20 213 214 215 218 219 221 223 224 226 229 230 231 235 237 239 240 245 248 254 258
18 213 214 218 219 226 228 229 230 236 238 247 251 253 254 257 258 260 262
29 213 217 218 221 223 224 226 227 228 229 230 231 232 233 235 236 237 238 239 242 244 245 247 251 252 257 258 259 260
17 218 222 231 233 234 236 237 240 241 244 247 249 250 253 256 259 260
16 215 216 222 226 235 237 244 245 249 251 252 253 257 258 260 262
14 214 218 219 223 225 237 239 245 249 251 255 256 258 261
24 215 216 217 219 220 222 223 227 228 229 230 234 235 236 241 244 247 249 250 252 253 259 260 262
17 218 219 220 224 228 229 232 241 243 246 247 248 254 255 256 259 261
21 213 218 221 222 223 224 225 229 232 235 238 239 242 243 245 249 252 254 255 259 261
14 217 220 225 229 236 238 240 243 245 251 254 257 260 261
12 215 216 221 222 224 226 228 232 234 235 244 258
18 215 216 217 220 227 228 231 232 235 246 247 248 252 253 254 259 260 262
12 220 222 224 226 229 233 236 239 252 256 257 261
31 213 214 215 216 217 218 219 222 228 230 231 232 233 234 235 237 239 240 243 244 245 247 248 249 250 253 254 256 257 258 259
13 214 221 227 230 231 238 242 243 250 253 258 260 262
17 213 218 221 222 226 229 237 239 241 248 249 250 252 255 258 259 260
19 214 216 217 219 220 223 227 228 230 231 235 238 240 243 246 247 253 254 257
16 215 219 220 221 226 232 236 240 244 247 249 256 257 260 261 262
16 214 218 219 227 230 231 233 237 239 241 246 249 252 253 255 256
18 213 214 219 225 237 242 243 245 246 247 248 249 252 254 255 256 257 258
19 216 217 220 222 227 228 232 234 238 243 246 247 249 252 253 255 256 257 262
10 216 223 224 229 233 234 238 242 255 259
16 213 215 218 225 226 229 231 236 240 242 248 252 253 256 258 262
13 214 216 219 221 230 233 235 238 240 245 248 253 259
22 214 215 217 219 221 224 225 226 228 229 232 235 239 245 247 248 252 253 254 258 259 262
25 215 217 218 219 221 222 224 225 226 227 228 232 234 235 236 240 241 242 244 250 253 255 257 260 262
10 217 218 223 228 231 239 242 246 250 256
21 214 215 218 221 222 224 226 230 235 239 241 242 244 245 246 249 252 255 256 260 261
8 213 223 242 247 248 250 259 262
15 215 218 224 225 227 228 233 237 245 247 250 251 253 256 262
7 219 228 234 235 237 238 241
8 214 223 225 233 234 238 240 250
25 213 216 217 219 220 223 225 227 228 229 231 232 234 236 237 238 240 243 248 250 251 254 257 258 262
14 215 222 226 229 232 236 247 251 254 255 257 260 261 262
14 215 224 225 232 233 234 236 242 244 245 251 256 261 262
31 213 215 216 217 218 223 225 226 227 228 229 232 234 236 237 238 240 242 243 244 247 248 249 251 252 254 256 257 259 261 262
11 220 222 224 230 231 233 235 239 245 258 260
18 217 219 221 226 229 230 231 232 234 236 238 241 244 249 252 257 258 259
14 215 217 220 221 222 223 227 234 240 246 248 255 259 261
25 213 215 216 217 218 219 223 225 228 232 234 235 237 240 241 244 245 246 247 248 249 251 254 255 259
16 215 217 218 221 227 229 231 233 234 239 240 241 251 259 260 262
11 213 228 230 237 239 241 243 246 248 253 258
9 214 216 222 223 243 248 255 260 261
18 216 224 225 231 232 233 235 237 239 241 242 243 244 245 249 250 252 256
15 222 223 226 228 230 233 234 235 237 246 248 250 251 252 259
5 216 226 228 230 253
10 221 222 226 234 236 238 241 244 250 257
20 214 215 216 219 220 226 227 228 230 231 234 236 240 241 244 248 250 251 257 260
4 233 247 253 259
8 214 219 221 241 246 250 253 255
10 221 223 225 226 229 236 238 241 242 255
20 216 219 224 225 231 232 238 239 240 241 242 245 247 249 253 254 255 256 260 261
34 214 215 216 218 219 220 221 223 225 226 227 228 229 230 233 235 236 237 238 239 240 241 242 245 246 248 250 251 252 253 254 257 259 261
11 225 233 236 241 242 244 250 251 259 260 261
18 213 215 216 220 223 224 227 228 229 230 232 238 239 243 245 255 258 262
8 213 224 229 230 233 240 242 243
9 220 224 227 246 251 252 260 261 262
11 220 222 223 224 232 235 236 238 244 250 261
9 217 220 230 231 238 243 251 253 255
15 213 216 224 225 227 233 237 241 242 245 249 253 255 260 262
9 217 233 237 246 247 253 256 258 262
10 213 215 217 218 221 227 243 244 258 262
18 214 225 226 227 228 229 232 233 236 240 244 247 249 256 258 260 261 262
12 213 222 223 234 243 244 246 249 250 255 256 257
15 214 221 224 226 232 233 237 238 239 240 242 243 245 248 257
16 216 218 220 227 230 231 233 236 237 238 240 241 242 251 260 261
8 213 220 235 239 240 242 246 254
6 214 219 226 251 254 261
25 213 214 216 220 223 229 230 231 233 237 238 239 243 245 246 247 248 249 251 252 254 256 258 259 261
16 213 217 222 224 231 232 234 243 244 247 249 255 256 258 260 262
13 213 220 224 225 227 234 237 241 243 244 249 252 258
27 214 216 217 220 221 222 223 224 227 230 232 233 239 243 244 245 246 247 249 250 251 254 255 257 259 260 261
23 213 215 216 218 219 221 222 223 224 234 235 237 239 241 242 245 246 248 250 252 254 257 259
13 214 217 218 222 225 227 231 235 245 250 251 252 254
11 213 218 225 231 246 251 254 255 256 258 261
21 214 215 216 219 220 222 225 234 240 241 243 246 248 249 250 253 254 255 256 261 262
6 228 234 235 237 238 241
8 217 220 236 238 251 254 260 261
5 214 219 246 250 255
6 213 217 221 227 243 244
11 215 220 225 241 243 246 248 253 254 255 262
2 226 230
4 241 246 253 255
3 216 226 228
12 215 216 235 237 244 245 251 252 257 258 260 262
10 216 221 222 226 228 232 234 235 244 258
16 214 216 219 220 226 227 228 230 234 240 241 248 250 251 257 260
13 219 221 226 228 232 235 245 247 248 254 258 259 262
6 220 222 224 232 235 261
7 221 222 226 234 236 238 241
5 243 248 255 260 261
7 213 217 227 230 231 236 239
9 222 231 233 237 241 249 250 253 260
21 215 218 219 221 222 224 225 226 232 234 236 240 241 242 244 250 253 255 257 260 262
18 214 216 217 220 222 223 230 239 243 244 245 246 249 251 255 257 259 261
8 220 225 238 243 245 251 257 261
15 213 215 217 218 228 230 232 234 235 240 245 247 254 256 258
14 215 216 222 226 235 237 244 245 252 253 257 258 260 262
14 216 217 222 232 234 238 243 246 247 252 253 255 256 257
17 213 214 215 218 223 224 226 229 230 231 235 237 239 240 248 254 258
12 217 227 228 232 234 238 243 252 253 255 257 262
14 214 226 228 230 236 238 247 251 253 254 257 258 260 262
4 223 248 250 259
12 215 222 226 229 232 236 247 254 257 260 261 262
9 222 226 229 251 254 255 260 261 262
11 214 216 217 223 230 231 238 240 247 254 257
10 216 219 220 228 234 240 241 244 251 257
14 217 223 227 229 230 234 235 236 241 244 247 250 253 259
8 215 222 229 232 251 254 255 262
4 216 226 228 230
9 215 218 224 227 233 237 247 251 253
5 214 233 238 240 250
7 220 225 229 236 238 243 254
5 225 241 242 250 260
13 215 216 227 232 235 246 247 248 252 253 254 259 262
4 213 247 259 262
8 214 218 219 223 225 255 258 261
10 217 227 233 234 239 241 251 259 260 262
12 216 217 222 228 238 243 247 249 253 256 257 262
6 215 226 228 232 235 258
3 216 226 228
9 216 219 230 233 235 240 245 253 259
9 214 230 231 243 250 253 258 260 262
7 218 225 231 246 251 258 261
7 214 219 221 241 246 250 253
7 221 224 226 228 232 235 244
26 214 215 219 221 226 227 228 230 233 235 236 237 238 240 241 245 246 248 250 251 252 253 254 257 259 261
4 214 219 221 255
6 213 221 231 236 239 242
12 215 217 218 221 227 229 233 234 240 241 259 260
7 217 225 235 242 246 248 257
5 219 228 235 237 241
12 216 224 225 231 232 235 237 239 241 244 250 252
12 222 226 229 237 239 241 248 249 250 252 258 259
16 215 216 217 223 225 226 227 234 236 237 238 247 249 251 252 257
5 220 224 231 258 260
8 220 224 227 234 237 241 252 258
22 214 216 217 220 221 222 223 224 230 232 233 239 243 244 245 246 247 249 250 251 255 257
10 214 218 222 225 227 235 245 251 252 254
6 225 233 236 241 242 260
7 218 222 231 235 250 251 252
4 213 223 247 259
13 217 224 231 232 234 244 247 249 255 256 258 260 262
13 215 224 225 227 228 233 237 245 247 250 253 256 262
7 217 218 239 242 246 250 256
27 214 215 217 218 219 221 222 223 226 229 231 232 234 235 238 239 240 243 244 246 248 250 251 252 254 258 259
17 219 221 222 223 226 228 230 232 234 236 240 248 251 252 256 259 261
9 213 220 224 234 241 243 244 249 258
2 233 259
6 223 225 226 241 242 255
9 226 228 230 233 235 237 246 250 252
24 213 215 216 217 218 219 228 230 231 232 233 235 237 239 243 244 245 247 248 249 250 254 256 258
15 215 218 219 226 227 228 232 234 240 242 244 253 255 257 260
13 219 227 230 231 237 239 241 246 249 252 253 255 256
21 213 214 216 217 219 222 228 231 232 234 235 237 239 243 245 247 248 250 257 258 259
13 214 218 219 227 230 237 239 241 246 249 252 253 255
11 215 217 218 221 233 239 240 241 251 259 260
13 213 216 217 223 225 227 231 234 236 237 250 251 258
8 218 225 231 246 254 255 256 258
13 218 222 231 233 234 240 241 247 249 250 253 259 260
13 216 219 224 225 231 232 240 241 242 247 249 253 256
10 213 214 219 226 228 251 253 254 257 258
12 213 215 216 223 228 229 230 232 238 239 243 245
7 218 225 231 251 254 256 258
12 217 221 226 229 231 232 236 244 249 252 257 259
9 217 225 236 245 251 254 257 260 261
10 215 216 221 222 224 228 232 235 244 258
5 214 221 250 253 255
15 213 216 218 225 226 227 229 234 236 243 249 251 256 261 262
27 213 214 215 216 217 218 219 222 230 231 232 233 234 235 237 239 240 243 244 245 247 248 249 250 253 256 259
5 213 229 230 240 242
10 216 218 220 230 233 236 237 242 251 261
4 214 220 236 257
11 213 224 233 237 241 242 245 249 253 260 262
14 213 214 218 219 226 228 230 238 247 253 254 257 258 260
10 213 214 219 225 237 242 245 246 249 256
17 217 223 225 236 237 238 240 243 244 247 248 252 254 256 259 261 262
14 214 215 216 219 225 234 241 248 250 253 254 255 256 261
5 222 232 236 238 261
4 213 229 233 240
12 213 221 222 229 237 241 248 249 252 258 259 260
4 221 225 235 248
23 217 218 219 220 221 222 223 228 231 232 234 235 240 246 247 248 251 252 254 256 257 259 261
7 224 229 233 236 239 252 256
14 215 216 220 227 228 231 232 235 246 247 253 254 259 262
4 217 230 231 242
13 213 217 222 224 231 232 234 244 247 255 258 260 262
8 214 226 232 233 238 242 243 245
6 218 223 228 239 242 246
10 218 222 226 237 239 241 248 249 258 260
16 216 217 220 222 223 227 228 229 235 236 249 250 253 259 260 262
8 222 234 243 244 250 255 256 257
6 213 237 239 241 243 253
7 220 222 232 235 236 238 250
11 214 218 219 230 233 237 239 241 246 249 255
6 222 223 232 235 250 261
14 215 218 219 221 223 226 229 230 231 237 239 240 245 258
11 218 219 223 225 237 239 249 251 256 258 261
4 213 220 235 242
3 220 229 257
7 213 235 239 240 242 246 254
9 213 218 219 228 229 254 257 260 262
12 221 222 226 229 239 248 249 252 255 258 259 260
8 216 221 222 224 226 232 235 244
16 213 223 229 230 233 237 238 239 243 245 248 249 252 256 258 259
8 221 223 225 226 229 238 241 255
5 213 220 235 242 246
5 219 228 235 237 241
9 214 226 232 233 239 242 243 248 257
9 216 232 233 235 239 244 249 252 256
13 215 217 218 227 229 231 234 239 240 241 251 259 262
22 213 214 216 217 218 228 230 231 232 235 237 239 244 245 247 248 249 254 256 257 258 259
7 220 222 224 232 244 250 261
11 213 216 224 227 233 237 241 242 249 255 262
10 215 216 217 231 232 235 246 247 253 262
11 214 216 219 230 233 235 238 240 245 248 259
10 216 220 228 234 243 246 249 255 256 262
8 214 221 226 232 239 242 243 257
6 220 223 224 235 244 261
12 214 218 222 224 226 239 241 245 246 255 256 261
29 214 215 217 218 219 220 221 223 226 228 230 231 232 234 235 236 238 240 243 246 247 248 250 251 252 256 257 258 261
13 215 218 219 221 226 232 234 235 240 250 253 255 257
9 222 223 234 243 246 249 255 256 257
11 217 220 225 229 236 238 243 245 251 257 261
13 213 214 218 219 221 223 224 230 235 239 240 248 254
15 215 217 219 224 229 232 235 239 245 247 252 253 254 258 259
6 221 226 241 244 250 257
17 213 219 220 223 225 229 231 232 236 238 240 248 250 254 257 258 262
12 213 214 218 228 230 238 247 251 253 254 257 260
9 216 221 222 226 232 234 235 244 258
12 213 217 222 224 231 232 243 247 255 256 258 262
7 222 226 228 230 237 246 251
5 223 225 234 238 250
11 214 219 225 237 239 245 249 251 255 256 261
8 219 227 233 237 246 252 253 256
10 223 226 233 234 235 237 246 250 251 252
16 217 218 221 223 226 227 229 230 232 238 242 244 251 252 257 259
11 227 229 232 233 236 240 247 256 258 260 262
10 219 220 221 226 236 244 256 257 260 261
18 214 215 219 220 225 234 240 241 246 248 249 250 253 254 255 256 261 262
14 219 221 224 225 228 229 235 239 245 247 252 254 258 259
8 220 224 229 232 246 247 248 255
24 214 215 216 219 223 225 226 227 228 229 230 235 236 237 238 239 241 250 251 252 253 257 259 261
12 215 220 221 222 223 227 234 240 246 248 255 259
12 219 232 240 241 242 245 247 254 255 256 260 261
8 213 228 230 239 241 243 248 258
14 218 219 220 224 228 229 232 243 246 247 255 256 259 261
26 213 214 215 216 217 218 219 222 230 231 232 233 234 235 237 240 244 245 247 248 249 254 256 257 258 259
15 217 219 223 227 229 231 232 234 236 238 248 250 251 258 262
6 214 221 241 246 250 255
11 220 226 236 240 244 247 249 256 257 260 262
7 213 217 227 230 231 239 242
12 213 218 222 223 225 229 232 235 245 249 255 259
15 216 219 224 225 231 232 238 239 240 242 245 247 253 256 260
6 217 221 242 246 248 252
11 226 228 229 232 233 240 244 249 256 258 262
15 216 222 223 227 228 229 230 235 236 244 247 252 259 260 262
7 220 222 230 231 233 235 245
23 214 216 217 221 222 224 227 230 232 233 239 243 244 246 247 249 250 254 255 257 259 260 261
2 253 259
9 226 228 234 235 237 246 250 252 259
17 214 217 221 225 227 232 240 242 243 244 247 249 251 252 255 259 260
25 213 216 217 218 220 225 226 227 228 231 236 239 241 243 244 245 253 254 255 256 258 259 260 261 262
21 214 217 219 220 221 224 225 229 230 232 238 241 243 244 246 250 251 256 259 261 262
15 213 219 221 225 230 234 235 240 244 245 246 248 249 252 256
22 213 217 219 221 223 224 225 226 229 233 235 237 239 244 246 247 248 249 250 257 260 262
16 215 216 220 224 227 231 236 237 244 245 246 248 249 250 251 254
24 218 219 221 222 224 227 229 230 231 234 235 238 239 247 249 250 251 252 254 255 257 258 259 262
28 213 215 217 218 219 221 222 224 225 227 230 233 236 237 241 242 243 245 248 251 253 254 256 257 258 259 260 262
30 213 214 215 216 219 221 224 225 226 227 228 229 230 231 233 234 235 238 239 241 242 244 248 250 251 252 253 254 258 261
28 214 215 216 217 219 220 224 225 227 231 232 233 234 237 239 240 242 246 247 248 250 252 253 255 256 258 260 261
22 213 215 219 221 223 226 227 229 230 232 233 235 237 240 243 246 252 253 254 256 257 261
17 216 222 224 225 226 231 236 237 241 242 244 246 248 250 252 256 259
28 213 214 217 221 223 224 226 228 229 230 233 234 235 236 237 238 243 246 247 249 250 252 255 258 259 260 261 262
16 215 221 223 227 228 232 233 237 239 240 241 251 253 256 258 261
18 213 216 221 222 224 225 226 234 236 239 241 246 248 250 251 252 254 258
30 215 217 219 220 221 222 224 226 228 230 232 233 235 236 237 238 239 240 241 243 244 245 248 250 251 252 255 259 260 262
26 214 217 221 222 223 224 226 227 228 230 231 233 234 237 240 243 246 248 249 251 252 253 254 257 259 261
25 213 214 218 219 220 222 224 227 229 231 232 233 236 237 239 242 244 245 246 249 250 252 257 258 259
20 214 229 230 233 234 236 237 239 240 241 242 245 246 249 250 256 257 259 261 262
27 215 216 218 219 220 228 229 230 231 232 234 235 236 242 243 244 245 247 250 253 254 255 256 257 258 259 261
20 215 223 224 226 227 228 230 232 234 236 240 243 248 250 252 253 255 256 261 262
30 213 217 218 220 221 224 226 228 230 232 233 235 236 237 238 239 240 241 242 243 246 249 251 252 254 255 256 259 261 262
17 215 223 228 229 231 233 236 238 240 242 247 251 254 255 258 260 261
24 215 216 219 223 225 226 228 229 230 232 234 236 237 238 240 242 243 245 246 255 256 257 259 261
23 214 215 218 221 222 223 226 233 234 236 238 240 241 243 244 245 250 252 253 256 257 258 261
23 216 220 221 223 225 228 229 230 231 233 235 237 240 241 242 249 251 252 253 256 257 258 262
18 219 220 224 228 234 235 237 239 240 241 245 247 248 252 254 256 261 262
31 215 217 222 223 224 226 229 230 232 233 234 236 238 239 240 241 242 243 244 245 246 247 248 249 250 251 253 254 259 260 262
33 214 215 217 218 220 221 222 223 224 225 226 227 228 229 231 232 235 236 237 238 239 241 242 245 246 247 249 250 256 257 259 260 262
28 213 214 215 218 221 222 224 226 228 229 230 233 234 235 237 238 239 243 247 248 250 251 252 254 255 256 259 260
19 213 216 217 222 223 227 228 229 230 233 236 237 240 246 257 259 260 261 262
19 216 217 219 222 223 225 226 230 233 234 235 236 239 242 248 250 255 260 261
24 216 218 221 222 224 227 233 234 238 239 240 241 242 243 245 248 249 250 254 255 256 257 259 262
24 213 214 215 216 217 218 220 222 224 226 228 231 232 237 239 241 244 245 247 248 253 257 258 261
26 213 214 215 216 220 221 222 224 227 228 235 236 237 242 243 244 246 247 248 251 252 253 257 259 261 262
17 213 214 215 216 220 226 227 231 236 242 244 247 249 252 254 256 257
21 217 218 219 223 224 226 229 230 231 234 238 242 245 246 247 248 250 253 254 260 262
30 213 214 215 216 220 224 226 228 233 234 236 238 240 241 242 243 244 246 247 249 250 252 253 255 256 257 259 260 261 262
16 214 219 220 221 222 224 225 226 232 238 245 247 250 254 256 259
30 214 215 217 218 220 221 222 223 224 225 227 230 232 233 234 235 236 237 238 240 243 245 246 247 248 249 255 256 257 259
31 213 214 215 221 222 223 224 227 228 230 231 232 233 235 236 239 240 242 244 245 246 248 249 250 251 253 255 256 257 261 262
32 215 217 218 219 220 221 222 224 225 226 227 229 230 231 234 237 240 241 242 243 244 245 246 248 251 253 254 255 256 258 260 262
28 213 215 217 218 219 220 222 223 224 225 227 228 234 237 239 240 241 245 249 251 252 255 256 257 258 259 261 262
19 214 215 216 217 220 225 229 234 235 236 237 240 243 245 246 251 258 260 262
18 213 216 217 221 223 225 226 227 228 235 236 241 243 249 250 254 255 257
34 213 214 216 217 218 220 222 224 226 227 228 229 230 232 235 236 237 239 243 245 246 247 248 249 250 252 254 255 256 257 258 259 260 262
20 213 216 217 220 221 222 225 226 228 229 231 236 238 240 243 250 254 256 258 259
21 214 218 219 220 223 224 230 233 240 242 243 245 246 247 249 251 252 254 257 258 260
18 213 214 221 223 226 230 231 234 238 239 240 243 246 247 253 254 255 256
15 221 224 230 237 243 245 247 251 252 254 255 256 258 259 260
16 213 214 223 224 226 229 234 235 241 242 243 252 253 256 257 258
34 213 215 216 219 220 222 224 225 226 227 229 230 231 234 235 236 237 239 243 245 246 247 248 249 250 251 252 253 256 257 259 260 261 262
29 217 218 220 221 222 223 224 226 227 228 229 230 231 235 236 237 238 239 240 242 244 246 247 250 251 252 257 259 262
25 213 214 217 218 220 221 222 223 224 226 227 233 234 236 238 242 244 245 247 249 251 252 254 255 257
18 216 217 218 219 220 223 224 227 231 233 240 242 251 252 256 257 259 261
28 214 215 218 219 220 223 225 226 228 229 231 232 233 234 236 237 240 242 244 247 248 249 250 251 253 254 257 258
18 216 221 223 227 230 231 236 238 241 242 244 245 250 251 255 257 259 260
24 216 221 222 223 227 228 229 231 235 237 238 241 242 244 245 246 247 248 250 254 255 257 260 261
16 216 221 223 224 226 228 231 233 238 240 247 252 253 259 260 261
27 214 216 219 220 221 223 224 226 227 228 230 232 234 237 238 241 242 243 244 245 246 249 251 252 254 259 260
16 220 223 225 226 230 233 234 238 241 243 244 245 246 253 257 259
34 213 214 216 218 219 223 224 225 226 227 228 229 230 233 235 236 238 239 240 241 242 244 245 246 247 249 250 252 254 256 257 259 261 262
19 219 221 223 226 229 234 235 242 244 245 249 253 254 255 257 259 260 261 262
21 214 222 224 226 229 230 235 238 239 241 242 244 248 250 252 253 254 256 258 260 261
23 214 215 218 220 222 224 225 227 228 229 231 234 239 240 242 243 245 247 248 249 255 256 259
16 213 216 219 224 225 234 237 238 240 247 248 249 250 251 253 260
20 214 216 220 221 222 224 225 227 228 231 236 240 248 249 250 254 256 257 259 260
29 214 215 217 218 219 221 222 223 225 227 228 230 231 232 233 235 236 237 241 242 243 247 248 251 252 254 257 259 260
21 213 214 215 218 220 221 229 230 232 234 235 239 241 243 244 245 247 250 252 257 261
34 213 214 215 219 220 221 223 224 225 226 227 228 232 234 236 238 239 240 241 243 244 246 247 248 251 252 253 254 256 257 258 259 260 262
29 214 217 218 220 221 226 227 231 232 233 235 236 237 240 242 243 244 246 247 248 249 250 251 252 253 254 255 256 257
33 213 214 215 216 218 219 221 225 226 227 228 230 231 232 233 234 235 236 240 241 243 245 247 249 250 252 253 254 255 256 259 261 262
21 213 218 221 226 227 230 232 234 236 237 239 243 247 250 251 252 253 255 256 260 262
15 222 224 226 227 229 230 232 234 236 248 249 253 258 261 262
17 214 215 217 218 227 228 229 231 233 237 241 242 243 249 256 257 261
30 213 217 218 221 222 223 225 227 229 231 234 235 236 239 240 242 243 245 249 250 251 252 253 254 255 256 257 258 261 262
33 213 215 216 217 218 219 220 221 222 223 224 225 226 227 228 230 231 232 233 234 235 237 243 244 245 247 250 251 252 253 256 257 261
34 214 216 218 219 221 222 224 225 226 229 230 231 232 234 236 237 238 239 240 241 242 244 246 247 249 250 252 253 254 256 258 259 260 261
27 215 217 219 220 221 224 226 227 228 235 238 239 240 242 243 244 246 247 251 253 254 255 256 258 260 261 262
29 213 214 215 216 218 219 223 224 225 226 228 229 230 231 232 233 234 237 238 240 245 246 249 250 251 252 254 258 262
17 213 214 215 217 221 222 231 233 237 239 243 245 249 252 254 256 258
18 222 223 226 227 229 230 232 233 234 237 241 242 243 246 247 255 258 261
18 214 215 216 221 222 224 225 230 232 236 237 238 241 242 248 251 257 262
15 216 217 220 222 226 231 236 239 240 246 247 248 250 260 262
17 213 214 215 217 218 223 224 229 231 232 236 240 243 244 247 249 250
29 214 218 219 220 221 223 226 227 229 231 233 234 235 236 239 241 242 244 246 247 248 251 253 254 257 259 260 261 262
16 218 219 222 225 232 234 236 238 240 243 248 249 254 256 258 261
18 217 218 223 224 226 236 238 240 241 242 250 251 253 255 256 257 259 262
30 213 215 216 217 218 220 221 222 223 224 225 229 230 234 235 237 241 244 247 248 249 250 251 252 253 254 257 258 259 261
24 213 214 215 216 217 218 222 227 228 229 230 232 236 238 242 243 245 246 247 248 252 256 260 262
17 215 217 218 219 220 228 231 234 237 241 244 245 249 251 258 259 262
27 213 215 217 219 220 223 224 225 227 228 231 232 235 238 239 240 241 244 246 247 248 250 251 253 256 257 262
16 213 223 226 227 228 231 233 236 243 246 249 250 251 252 254 257
20 214 215 216 218 220 224 225 226 230 234 236 237 238 241 242 244 251 253 260 261
18 214 221 223 224 225 226 229 230 237 238 242 243 245 248 253 258 260 262
16 216 217 219 221 222 224 227 229 233 237 239 240 253 254 256 261
16 213 214 217 218 223 226 229 234 238 243 244 247 249 250 251 254
17 217 221 226 227 228 229 231 235 236 237 239 240 249 252 258 259 262
30 213 216 217 218 221 225 226 227 229 230 234 235 237 238 239 241 242 243 244 246 247 248 251 254 256 257 258 259 260 262
16 215 219 225 226 227 233 234 236 240 241 244 248 250 251 260 261
25 215 217 224 226 229 230 232 235 236 237 238 239 240 241 243 244 245 250 251 253 255 257 258 259 260
21 214 215 216 218 219 220 222 224 228 229 234 235 237 239 240 244 247 254 255 257 261
28 213 214 216 220 222 223 224 226 228 229 231 232 234 235 236 240 241 242 243 245 246 249 253 254 255 258 259 260
18 214 216 218 221 224 225 226 227 228 230 231 236 246 248 251 256 259 261
15 214 215 220 226 230 231 232 238 244 245 246 247 248 251 261
33 213 217 218 220 221 223 225 226 227 228 230 231 232 233 234 235 236 237 238 240 241 242 243 244 247 248 249 250 251 254 257 259 262
20 214 216 217 218 219 222 224 226 229 233 235 241 244 245 248 250 255 256 258 261
30 216 217 218 219 220 221 223 225 226 227 228 229 232 233 234 236 237 239 241 244 247 248 251 252 253 254 258 259 260 261
23 214 215 216 221 222 224 225 227 230 231 234 236 239 240 244 245 246 247 250 251 257 259 260
22 213 214 215 219 220 221 228 229 232 236 239 247 249 250 251 253 255 256 257 258 260 262
33 214 215 216 218 219 221 222 224 225 226 227 228 229 231 232 233 236 237 239 240 241 242 247 248 249 251 253 254 255 257 259 261 262
22 213 214 215 217 218 221 224 225 229 233 237 240 241 242 244 246 248 251 253 255 258 259
16 213 215 221 224 228 230 232 234 237 239 240 245 248 259 261 262
34 213 214 216 217 219 221 222 223 224 226 227 229 231 232 233 235 237 239 241 242 245 246 247 248 249 250 251 255 256 257 258 260 261 262
25 213 215 216 218 220 222 223 224 226 229 230 231 232 237 238 239 240 244 245 248 253 254 257 259 261
28 213 214 217 221 222 224 225 226 227 230 231 232 234 235 236 237 239 243 244 245 246 247 250 252 255 260 261 262
23 214 215 216 218 219 222 223 226 230 234 235 239 241 245 247 250 251 252 253 255 257 259 261
18 213 214 217 228 230 231 232 234 236 237 240 243 245 246 250 255 259 261
15 216 220 222 223 228 229 231 234 243 248 249 253 254 258 262
27 213 214 215 217 219 222 225 226 228 232 233 239 240 243 244 245 249 250 251 252 253 255 256 257 259 260 261
33 213 214 215 216 217 219 221 222 225 226 230 231 232 233 236 237 238 241 242 243 244 246 248 250 252 254 255 256 257 259 260 261 262
31 214 215 217 218 221 223 224 225 230 231 232 233 234 236 237 238 239 241 242 244 246 248 249 250 252 253 254 256 257 258 260
28 215 216 218 220 222 223 224 226 229 230 232 234 235 236 240 241 243 244 245 247 249 252 253 254 258 259 260 262
29 213 216 218 219 220 221 222 225 227 228 230 232 233 234 237 238 239 244 245 249 250 251 252 255 256 257 258 259 262
22 213 214 215 217 222 223 224 228 229 235 239 240 241 242 243 245 247 253 254 255 260 261
29 213 214 216 217 219 221 222 223 225 228 229 232 234 236 237 240 242 243 248 252 253 254 256 257 258 259 260 261 262
22 218 219 224 225 226 227 234 235 237 238 242 243 244 245 246 249 250 252 255 257 260 262
27 213 214 216 217 219 220 223 224 225 226 227 228 230 231 234 238 239 242 243 244 247 248 249 251 254 260 261
17 222 223 226 227 230 234 240 248 249 250 252 253 256 257 258 259 260
17 217 219 222 223 227 232 236 237 239 243 247 250 251 253 254 256 261
20 214 216 217 221 222 224 227 230 233 234 235 238 239 240 244 246 249 251 254 258
21 215 217 218 220 221 222 232 233 235 237 238 239 241 242 243 248 251 255 258 259 260
32 213 215 216 218 221 223 226 229 230 231 233 234 235 236 237 239 240 241 242 243 245 246 247 250 251 252 253 255 257 258 260 262
19 216 217 225 227 228 230 233 238 239 240 244 245 246 247 248 249 252 258 261
31 213 214 215 216 218 219 220 221 222 223 224 226 228 229 230 231 232 233 234 235 236 239 246 247 248 249 250 253 254 259 261
25 215 217 219 220 221 224 231 232 233 235 236 237 240 241 247 248 250 251 254 256 257 258 259 260 261
29 214 215 218 219 221 222 225 226 227 228 230 231 232 233 234 235 236 237 238 239 243 246 247 249 250 254 258 259 262
29 213 214 216 217 218 222 223 226 229 230 231 232 234 235 236 238 240 242 243 244 247 249 253 255 256 257 258 259 260
26 214 219 223 224 225 226 227 229 230 231 233 234 236 238 239 241 242 244 245 246 247 249 254 257 259 261
16 215 219 224 226 228 233 236 240 243 246 248 249 250 252 255 259
20 216 220 224 225 226 227 232 233 235 237 244 247 248 249 250 253 257 259 261 262
20 213 215 217 222 224 225 226 227 228 229 230 233 234 244 245 251 253 255 261 262
15 228 230 231 234 236 237 240 241 245 246 250 254 255 256 261
30 214 217 218 219 220 222 224 225 228 229 230 232 234 235 237 238 239 241 243 245 246 247 248 249 250 256 257 258 260 261
34 215 217 218 219 220 221 223 224 227 228 229 230 233 234 235 236 238 240 242 243 244 245 246 247 248 249 250 251 253 254 255 256 258 261
15 216 219 220 223 224 225 227 228 230 231 246 250 253 254 260
18 213 216 217 222 227 228 232 233 235 236 240 242 244 248 250 251 256 259
30 215 217 218 220 221 222 227 228 230 231 232 233 235 236 238 240 241 242 245 246 247 248 249 251 252 253 255 257 260 262
22 213 216 218 221 223 224 229 230 231 234 238 239 240 243 244 245 246 249 251 253 255 262
15 216 224 229 230 231 238 239 240 242 243 244 249 253 255 262
22 214 216 220 221 222 224 225 230 231 234 236 238 239 242 245 250 252 254 256 258 259 261
16 217 223 226 230 232 233 234 235 247 248 251 252 255 258 259 262
27 217 218 219 221 222 223 225 227 229 232 234 235 238 239 240 241 245 246 249 250 251 252 254 255 256 259 260
29 213 215 216 218 219 222 223 225 230 231 233 234 235 236 238 240 241 242 243 245 247 250 252 253 257 258 260 261 262
26 214 215 220 222 227 229 234 235 236 237 239 240 241 243 245 246 247 249 250 251 252 254 255 258 259 262
15 215 216 217 219 222 229 232 237 239 242 245 247 251 258 259
30 214 216 217 218 219 220 222 223 227 228 229 230 233 234 235 237 240 242 243 245 246 247 249 251 252 253 255 256 259 260
34 215 216 217 218 221 222 224 225 227 228 231 232 234 237 238 239 240 241 242 243 245 246 247 248 250 251 252 253 254 255 256 257 258 262
18 217 223 224 226 229 231 234 235 237 239 240 241 242 244 245 251 255 259
19 213 214 219 220 222 223 224 226 227 228 229 247 249 252 253 254 256 258 261
28 213 215 216 217 219 222 224 228 230 231 232 233 234 236 237 238 239 242 244 247 248 252 253 254 256 259 260 261
26 214 219 220 222 224 226 227 229 230 234 235 236 238 241 242 247 248 249 251 254 256 257 258 259 261 262
16 213 215 220 221 223 225 229 233 236 241 242 243 246 252 255 262
19 214 219 220 223 224 226 228 232 234 236 238 246 251 252 253 257 259 260 261
31 213 214 217 219 220 221 223 225 226 228 229 231 233 234 235 236 238 239 241 242 243 244 246 247 249 251 252 255 258 259 261
18 220 223 224 226 227 228 232 237 238 242 243 245 251 252 254 256 259 261
23 213 217 218 219 220 221 226 227 230 235 239 241 243 244 245 249 251 252 253 254 258 259 261
19 216 220 222 223 227 229 230 232 233 236 243 246 248 249 250 254 255 261 262
25 214 216 218 219 221 222 223 227 228 235 236 237 239 240 242 246 247 249 250 254 256 258 259 260 262
24 214 216 218 219 220 221 222 224 226 231 232 233 237 238 240 242 243 244 245 250 251 254 259 262
27 214 216 217 218 219 221 223 225 228 229 230 236 237 238 240 241 245 248 249 251 252 253 254 256 257 260 261
16 221 223 227 228 229 234 237 238 241 245 248 251 253 256 260 262
26 213 214 216 217 219 220 223 224 226 230 231 232 234 235 237 238 239 242 243 245 247 254 255 259 260 262
15 215 216 225 226 229 231 232 235 240 250 256 259 260 261 262
20 214 215 217 224 225 226 229 230 231 233 236 238 240 241 246 247 248 249 254 256
27 213 214 215 218 219 222 226 229 230 233 234 235 236 237 239 240 242 243 245 246 252 253 254 255 256 258 262
21 213 218 221 224 228 231 234 235 242 244 245 246 249 250 252 253 255 256 257 258 260
15 213 219 223 224 229 232 233 235 236 239 240 246 256 258 262
24 213 214 215 216 217 219 224 225 228 230 232 234 236 238 240 241 243 244 245 250 254 255 259 260
22 214 215 219 230 233 236 238 241 242 243 245 246 247 248 250 251 252 253 257 260 261 262
32 214 217 218 219 220 221 223 224 227 228 230 232 233 234 236 237 238 239 240 242 244 245 247 252 253 255 256 257 258 259 260 262
15 217 226 227 230 235 239 242 250 252 253 254 257 258 259 262
16 217 221 227 230 231 232 234 240 242 244 245 250 253 255 256 260
33 214 215 216 217 218 219 222 225 228 229 231 234 236 238 240 242 243 244 246 247 248 249 250 251 252 253 254 255 257 258 259 261 262
16 216 224 225 226 227 229 232 240 243 244 246 248 253 254 257 259
