144 1214
24 1 2 3 4 5 6 7 8 9 10 11 12 13 14 15 16 17 18 19 20 21 22 23 24
18 1 3 4 5 6 9 12 13 14 15 16 18 19 20 21 22 23 24
15 3 6 7 9 10 11 12 13 15 16 18 20 21 23 24
15 1 3 4 5 6 7 8 9 10 11 17 18 19 21 23
17 2 3 4 6 7 9 12 13 14 15 16 17 18 19 20 22 24
16 1 2 5 7 8 9 11 12 13 14 16 17 18 19 22 23
8 5 7 8 10 15 16 17 18
15 1 3 5 6 9 12 13 14 15 17 20 21 22 23 24
14 1 4 5 6 7 10 11 17 18 20 21 22 23 24
16 2 3 5 6 9 10 12 14 15 17 18 19 20 22 23 24
9 5 6 7 8 9 11 14 16 17
11 3 7 9 12 16 17 18 19 21 23 24
12 1 2 10 11 12 13 15 16 17 18 21 24
18 1 2 3 4 5 6 7 8 9 10 12 14 15 16 19 20 21 23
10 7 8 9 14 16 17 19 20 23 24
9 6 8 9 10 11 15 21 23 24
8 1 8 12 17 19 21 22 24
17 1 2 3 4 5 6 8 9 11 12 15 17 18 19 21 23 24
7 1 2 10 16 19 21 23
14 2 3 6 8 9 13 14 16 17 18 19 21 22 24
17 1 2 3 4 6 10 11 12 14 15 16 17 19 21 22 23 24
8 2 4 11 12 14 15 17 21
16 2 3 4 6 7 8 10 11 12 13 14 16 21 22 23 24
10 1 3 4 5 6 7 9 17 19 22
9 1 2 13 16 17 18 19 22 24
8 1 3 11 14 15 16 21 24
18 1 2 4 6 8 9 10 11 12 13 16 17 18 20 21 22 23 24
17 2 3 4 5 6 10 11 14 15 16 17 18 19 20 22 23 24
18 1 2 3 4 7 9 10 11 12 13 14 17 18 19 20 21 23 24
11 2 6 7 8 9 10 11 14 22 23 24
11 3 6 9 11 12 16 17 20 22 23 24
15 3 4 6 7 8 11 12 13 14 15 17 19 22 23 24
13 1 2 8 9 10 14 16 18 19 20 22 23 24
13 6 7 9 11 12 13 14 15 17 21 22 23 24
16 1 3 4 5 6 8 11 12 13 14 16 17 18 19 21 24
14 1 2 3 5 6 7 10 12 15 16 17 18 19 20
16 2 6 7 9 10 11 12 13 14 15 16 17 18 20 21 22
7 4 6 10 13 20 21 22
12 2 6 9 11 14 15 18 19 20 21 23 24
15 1 3 4 5 6 7 9 10 11 15 16 18 19 22 23
9 4 6 11 12 14 17 19 22 23
7 2 13 14 16 18 23 24
12 2 3 4 5 9 11 12 13 15 17 20 23
13 1 4 5 6 7 9 11 12 15 16 18 19 20
8 1 7 8 12 15 16 17 22
56 25 26 27 28 29 30 31 32 33 34 35 36 37 38 39 40 41 42 43 44 45 46 47 48 49 50 51 52 53 54 55 56 57 58 59 60 61 62 63 64 65 66 67 68 69 70 71 72 73 74 75 76 77 78 79 80
31 28 29 32 33 34 36 37 38 40 44 46 47 50 51 52 53 54 57 58 59 60 61 62 66 69 72 73 75 77 79 80
27 25 27 28 29 30 31 36 37 38 41 45 47 49 51 52 54 58 59 62 63 64 66 68 70 71 72 75
27 25 28 31 32 34 36 37 38 40 41 47 48 50 55 56 57 58 59 60 63 65 67 70 74 76 78 79
32 25 27 28 29 31 32 34 35 37 38 41 42 43 44 45 47 48 51 52 54 56 57 59 67 69 71 72 73 74 75 77 80
41 25 27 29 30 31 32 33 34 36 37 38 40 42 43 44 45 47 48 49 50 51 53 54 55 57 58 59 60 61 62 63 66 67 68 70 71 73 77 78 79 80
33 27 31 32 33 34 35 36 37 40 42 44 46 48 51 52 53 54 56 57 58 62 63 64 66 67 68 71 74 76 77 78 79 80
40 25 27 28 29 30 31 32 33 34 35 37 39 40 42 43 44 45 47 48 49 50 52 53 54 55 56 57 59 61 63 64 66 67 69 70 72 73 74 75 80
27 27 31 33 34 36 37 40 41 42 44 45 46 48 50 54 56 58 60 63 66 68 69 73 74 75 78 80
41 25 26 27 29 30 34 35 37 38 39 40 41 42 43 44 46 47 48 49 50 52 53 54 56 57 58 59 61 62 63 64 65 66 68 70 71 73 74 76 78 79
38 25 26 27 29 30 32 34 36 37 38 39 40 41 42 43 44 45 49 50 54 55 57 58 59 60 62 64 65 66 67 68 70 72 73 74 76 77 80
31 25 32 34 38 39 41 42 44 46 48 50 52 55 56 58 59 60 63 65 66 69 70 72 73 74 75 76 77 78 79 80
40 25 26 27 28 29 30 31 32 33 35 36 37 38 40 41 42 43 44 45 47 48 49 50 55 57 58 61 63 64 65 68 69 70 71 72 73 75 78 79 80
20 26 27 29 33 36 37 41 42 48 49 52 59 60 69 71 73 77 78 79 80
42 25 26 27 28 29 30 31 33 36 37 38 39 40 42 44 45 46 49 51 52 53 54 55 56 57 58 60 61 62 64 66 68 69 71 72 73 74 75 77 78 79 80
17 26 27 29 30 33 38 46 47 48 49 50 51 63 75 78 79 80
17 27 29 30 33 35 36 38 39 43 52 54 60 61 62 64 72 77
25 25 29 30 32 33 37 38 39 42 45 48 49 52 56 57 60 63 64 65 66 71 72 74 77 78
37 26 27 29 30 32 33 36 38 41 42 43 44 46 47 48 50 51 53 55 56 58 60 61 62 64 66 68 70 71 72 73 75 76 77 78 79 80
32 27 32 33 34 35 36 37 40 41 42 44 46 49 50 52 53 54 56 58 60 62 64 66 68 69 70 71 73 74 77 78 79
26 25 26 27 29 31 36 37 39 42 49 50 51 52 54 56 61 65 67 68 71 74 75 77 78 79 80
35 25 26 27 28 29 30 33 34 35 37 38 39 44 47 49 50 53 54 55 60 62 63 64 66 69 70 71 72 73 74 75 77 78 79 80
22 26 27 29 31 32 33 35 37 40 41 47 55 56 60 63 65 66 68 70 71 73 75
41 25 26 28 29 30 31 32 34 35 37 39 42 46 47 48 49 50 51 52 53 54 55 56 57 58 59 60 62 63 64 67 68 69 71 73 75 76 77 78 79 80
22 31 33 35 36 38 40 43 44 46 50 54 58 60 61 63 66 67 68 70 71 73 76
21 26 30 47 50 51 52 53 54 56 57 59 60 61 62 64 68 69 70 72 77 80
17 25 28 30 32 36 42 44 46 48 53 55 59 65 66 68 70 73
22 26 27 29 35 37 38 42 43 46 48 53 54 57 60 67 68 69 72 74 75 76 79
34 25 27 31 32 33 34 35 36 37 38 41 43 45 48 51 52 54 55 57 61 63 64 66 68 69 70 71 72 74 76 77 78 79 80
36 27 28 30 31 33 34 35 36 37 39 41 42 45 46 50 51 53 54 56 58 61 62 63 64 65 67 68 69 71 72 73 74 75 76 78 79
18 27 28 30 32 35 38 40 41 44 50 55 56 65 66 75 76 78 80
35 27 31 32 33 34 35 36 38 39 41 44 46 47 49 50 51 52 53 54 55 56 58 59 61 62 63 64 65 71 74 76 77 78 79 80
27 25 27 28 30 32 33 35 40 43 44 45 50 51 55 56 57 59 60 63 64 65 66 73 74 75 76 77
35 26 28 29 30 31 32 33 37 38 39 40 41 42 44 48 49 51 52 54 56 57 58 60 61 62 63 65 66 67 68 69 71 73 74 78
38 26 27 29 30 32 33 34 35 36 37 38 39 40 42 43 45 46 48 49 50 51 52 53 54 55 57 58 60 61 62 63 65 69 71 73 76 78 79
27 25 28 29 30 31 34 36 39 40 41 42 43 44 48 50 52 54 55 58 59 60 63 64 71 72 77 78
33 29 30 31 32 33 35 36 37 38 39 41 43 46 47 48 51 53 55 56 57 58 60 63 66 67 69 70 74 76 77 78 79 80
18 27 28 29 32 35 41 46 47 50 53 58 59 63 64 67 73 74 76
22 26 27 28 31 34 35 37 40 41 42 50 51 52 53 55 58 62 63 64 66 68 73
40 26 27 28 29 30 32 34 35 36 37 38 39 40 42 43 44 45 46 49 52 54 55 58 59 60 61 62 63 66 67 68 69 71 72 75 76 77 78 79 80
41 27 28 29 30 31 32 33 34 35 36 37 38 40 41 43 44 45 46 47 48 49 52 53 55 56 58 59 60 64 66 67 68 69 70 71 74 75 76 78 79 80
33 25 26 30 31 32 34 35 37 39 43 45 46 47 52 53 54 58 59 60 61 62 63 64 66 67 70 72 73 74 75 76 77 80
26 26 27 29 31 32 35 36 37 38 39 42 46 47 49 56 57 58 60 65 66 67 69 70 71 78 80
23 28 31 36 39 40 41 44 46 49 50 51 52 54 56 58 62 63 64 68 69 71 74 77
35 25 26 28 29 30 31 32 33 34 36 38 42 46 47 48 49 51 53 54 57 59 62 63 65 66 68 69 70 71 73 74 75 76 77 79
27 25 28 32 33 35 36 37 38 43 44 46 48 57 60 62 63 64 65 70 71 72 73 75 76 77 78 79
32 26 27 29 30 31 32 33 34 35 36 38 40 44 46 49 51 54 55 58 62 63 64 65 67 69 70 72 73 74 77 78 80
42 25 26 27 29 32 33 34 35 36 37 38 39 41 42 44 45 46 47 48 52 53 54 55 56 57 59 60 62 63 64 65 66 67 68 69 70 71 72 77 78 79 80
19 29 31 32 33 34 35 37 39 41 53 56 58 66 68 69 71 73 75 77
44 25 26 27 28 29 30 31 32 33 35 36 37 38 39 41 42 44 46 49 50 51 52 53 54 58 59 60 61 62 63 64 65 66 67 68 69 71 72 74 75 76 77 78 80
38 25 28 29 31 32 33 34 36 38 40 41 42 43 46 48 50 51 53 56 57 58 59 60 61 62 63 66 68 69 70 71 72 73 74 75 76 78 80
43 25 27 29 30 31 32 36 37 38 40 41 42 44 45 46 47 48 52 53 54 55 56 58 59 60 61 62 63 64 65 66 67 69 70 71 72 73 74 75 76 77 78 79
18 25 26 27 31 33 35 37 42 45 51 57 59 62 70 74 75 76 80
43 26 27 28 29 30 32 33 34 35 36 37 39 40 41 42 44 45 46 47 48 49 50 51 52 54 55 57 59 61 63 64 67 69 70 71 72 73 74 75 77 78 79 80
42 26 27 28 29 30 32 33 36 37 38 39 40 41 44 45 46 47 48 49 50 51 52 53 54 56 57 58 62 63 65 66 67 68 69 70 71 74 75 76 77 79 80
31 25 26 27 29 30 31 35 36 38 39 41 42 43 46 48 50 51 52 53 55 56 59 63 64 67 68 71 75 76 77 80
38 25 26 27 29 30 31 35 36 37 38 39 41 43 44 45 46 49 50 51 52 53 54 55 57 58 59 61 62 63 64 66 68 69 70 74 76 77 78
42 25 26 27 28 29 30 32 33 34 35 36 37 39 41 42 44 46 47 49 52 53 54 55 57 58 59 60 61 63 66 68 69 70 71 72 73 74 75 76 77 78 80
43 26 27 28 29 30 31 32 33 34 36 37 38 42 43 44 45 47 48 49 50 52 53 54 55 57 58 60 61 62 64 66 68 69 70 72 73 74 75 76 77 78 79 80
29 26 27 28 30 36 37 40 42 43 44 49 50 51 53 56 57 61 62 63 64 66 68 70 72 73 74 77 79 80
22 29 32 38 39 40 41 42 43 44 46 48 53 58 59 61 63 68 69 70 74 75 77
43 25 26 27 28 29 31 33 34 35 36 37 38 39 40 41 42 43 44 45 46 47 48 49 50 51 52 53 55 57 58 59 60 62 63 64 66 68 69 70 75 77 78 79
41 27 29 31 33 34 35 36 37 38 39 40 41 42 43 44 45 46 49 50 51 52 53 54 55 56 58 60 61 62 63 64 66 67 69 70 71 73 74 75 76 79
38 25 26 27 29 31 32 33 34 35 36 38 40 41 42 44 46 49 50 53 54 55 57 58 59 60 61 64 65 67 68 69 71 73 74 75 76 78 79
21 27 30 33 35 36 41 42 46 50 54 55 56 60 61 65 68 70 71 72 76 77
25 28 29 30 32 34 35 36 40 41 42 43 51 53 54 55 58 59 60 63 72 73 75 77 79 80
44 25 27 28 29 30 31 32 33 34 36 37 38 39 40 41 43 44 45 46 47 50 51 53 54 55 56 58 59 60 61 62 64 66 67 69 70 71 72 74 75 76 77 78 80
39 26 30 31 33 34 36 37 39 41 42 43 45 46 47 48 49 50 51 52 53 54 55 57 58 60 61 62 64 65 67 68 69 70 71 72 74 77 79 80
30 25 26 27 28 29 33 34 36 38 42 43 45 51 54 55 56 57 59 60 63 64 65 68 70 73 74 77 78 79 80
19 29 31 33 40 43 44 45 46 55 59 60 65 66 67 69 72 73 75 80
43 25 27 28 30 31 32 34 35 36 37 39 40 41 42 44 45 46 47 48 49 50 51 52 54 56 57 58 60 61 64 65 66 67 68 69 70 71 72 74 75 76 79 80
17 29 33 37 42 46 48 49 51 53 56 57 60 61 72 74 77 78
36 25 26 27 29 32 33 34 35 38 39 40 42 44 49 52 54 55 56 57 58 59 61 62 63 65 66 67 68 69 70 71 72 73 75 78 79
40 25 26 27 28 29 30 33 35 36 38 39 41 42 44 46 47 49 50 51 52 53 56 57 60 61 62 63 64 65 67 68 70 72 73 75 76 77 78 79 80
28 25 28 29 35 36 37 38 40 43 45 46 48 51 53 55 57 58 61 65 66 67 69 70 72 73 75 78 79
29 25 27 28 29 30 35 37 38 42 44 45 48 52 53 54 55 58 59 60 63 66 67 69 70 72 76 77 78 79
31 25 27 31 32 33 35 36 37 39 40 43 44 47 49 50 51 52 54 57 59 64 66 67 69 70 71 72 75 77 78 79
24 25 28 34 39 40 42 46 49 50 51 52 53 57 61 63 64 67 70 71 72 74 75 78 79
31 25 28 30 31 32 33 35 36 37 39 41 45 47 48 50 55 57 58 59 60 62 63 64 65 66 67 69 72 73 77 79
29 25 28 29 30 34 35 38 46 47 48 49 51 52 53 56 57 59 60 63 64 65 66 71 72 73 76 77 78 80
21 25 28 33 34 35 38 41 45 47 50 52 53 58 63 65 68 72 74 75 76 78
40 27 29 30 31 32 33 35 37 38 39 40 41 42 43 45 47 48 49 50 52 53 55 56 57 58 59 60 61 62 63 65 68 70 71 72 73 74 75 76 80
6 81 83 90 94 95 109
10 86 89 92 93 95 99 104 105 107 108
11 81 83 84 87 95 96 97 100 103 105 111
2 96 104
7 82 83 85 90 98 101 105
11 85 86 88 89 92 94 99 103 107 108 109
10 81 87 89 97 98 103 105 106 107 108
5 88 89 91 94 100
23 81 82 83 84 85 86 87 88 89 90 92 94 97 98 100 101 102 105 106 107 108 109 110
10 84 85 86 87 88 89 91 98 99 101
16 83 84 87 88 90 93 95 96 97 98 100 103 104 105 107 110
15 81 82 85 86 89 91 92 94 99 101 102 106 108 109 111
19 82 83 84 86 87 88 89 90 92 93 94 95 96 99 100 101 102 104 111
11 85 89 90 92 96 98 99 101 103 106 108
12 81 83 85 87 95 99 103 104 105 106 107 109
7 84 87 91 92 93 106 111
6 81 82 102 107 109 110
10 84 85 89 91 93 99 101 102 105 111
8 83 84 88 92 94 99 104 111
16 82 84 86 88 89 91 94 96 97 98 99 102 104 105 106 111
15 82 84 85 86 87 90 97 100 102 104 106 107 108 109 111
18 81 82 83 84 85 86 87 90 92 97 99 101 103 105 106 107 108 111
15 85 86 88 90 91 93 94 95 96 99 100 102 104 109 111
11 84 91 92 93 94 95 96 97 99 104 105
12 81 82 84 85 86 88 92 93 100 101 102 103
9 82 83 86 92 97 98 103 104 109
8 91 93 95 96 99 103 104 111
15 81 82 83 84 86 87 89 91 95 100 101 103 108 109 111
9 81 82 83 87 90 91 95 97 98
7 87 91 93 94 96 97 100
16 85 88 90 92 93 94 96 97 98 99 102 104 105 106 107 110
20 82 85 86 88 89 90 91 92 93 94 98 99 101 102 104 106 107 108 109 110
13 83 86 87 89 94 95 96 99 103 104 105 108 111
4 81 97 107 110
6 93 102 103 105 106 107
9 83 87 88 98 101 102 104 108 110
20 84 85 86 87 88 91 93 94 95 96 98 99 100 101 102 104 105 106 107 111
14 81 85 89 90 91 92 93 94 95 97 99 106 107 109
10 88 90 91 92 93 97 98 100 101 106
9 81 88 89 90 102 107 109 110 111
15 83 85 87 89 93 95 96 99 100 103 104 107 109 110 111
16 81 83 88 89 91 92 93 94 95 96 98 99 101 103 105 110
6 82 83 84 92 101 110
7 81 86 88 102 106 109 111
19 81 82 83 84 85 87 89 90 91 94 95 96 102 104 105 107 108 110 111
19 82 84 86 88 89 90 91 92 93 94 96 97 98 100 101 102 108 110 111
20 81 82 83 85 88 89 90 94 96 97 98 99 100 101 102 103 107 108 109 110
6 82 91 93 97 101 102
11 84 93 96 100 101 102 104 105 106 110 111
2 84 85
10 82 84 87 90 96 101 102 103 110 111
10 84 89 92 95 99 103 104 107 108 110
16 81 82 84 86 88 90 91 92 94 97 98 101 102 105 106 108
11 82 83 85 86 87 98 100 101 103 106 108
12 81 87 88 90 94 95 96 100 106 107 108 110
6 93 95 98 102 109 110
7 86 89 96 98 105 106 109
8 85 91 98 103 105 106 108 109
20 81 82 83 84 86 87 88 91 93 94 95 97 100 102 104 105 107 109 110 111
12 86 88 92 93 97 98 99 100 101 103 106 109
15 81 83 85 87 90 92 93 95 100 101 103 107 108 109 110
8 82 84 86 96 100 103 105 111
11 81 83 85 88 91 94 97 98 100 106 109
11 81 82 83 89 90 92 97 103 108 109 110
4 86 95 104 105
9 82 92 96 97 100 104 108 110 111
19 83 87 89 90 91 94 95 96 97 98 99 104 105 106 107 108 109 110 111
10 81 85 87 90 95 100 103 107 108 110
11 82 84 85 87 90 100 104 106 108 109 111
6 81 87 97 103 105 106
8 82 84 87 90 101 102 103 110
4 82 83 90 105
7 83 85 88 91 94 97 109
6 85 91 103 105 106 109
4 82 83 101 110
7 82 86 92 98 103 104 109
3 81 94 95
5 93 95 99 104 111
9 88 93 96 97 98 100 101 110 111
3 91 94 97
6 81 97 103 106 107 108
1 85
5 85 92 94 99 103
5 92 93 99 104 108
5 93 95 98 109 110
7 81 87 88 94 95 100 106
4 91 94 96 100
14 87 89 90 91 94 97 98 99 105 106 107 108 109 111
14 84 85 86 87 88 91 96 98 99 104 105 106 107 111
10 82 84 88 90 92 97 101 102 105 108
5 85 89 96 98 99
7 82 96 97 100 108 110 111
17 82 83 84 86 88 89 90 92 94 95 96 99 100 101 102 104 111
5 88 102 107 109 111
11 84 86 88 91 93 94 96 102 106 107 111
7 82 83 86 92 97 98 104
16 81 82 83 84 85 86 87 90 92 97 99 105 106 107 108 111
10 82 83 87 93 94 97 100 104 105 107
11 81 82 85 86 89 91 94 101 102 106 111
15 90 91 94 95 96 97 98 99 104 105 106 107 108 110 111
11 81 82 85 86 89 91 92 94 101 108 111
6 85 89 96 99 101 108
10 81 82 84 85 89 102 104 105 107 110
5 81 89 97 106 107
10 82 86 88 92 93 96 100 102 108 110
7 82 92 100 104 108 110 111
4 82 93 97 101
5 81 82 91 95 97
5 84 85 102 105 111
11 83 84 90 92 97 101 103 105 106 107 111
6 83 87 94 99 104 105
9 93 96 101 102 104 105 106 110 111
5 81 102 106 109 111
4 95 96 99 111
8 83 89 94 96 99 103 104 111
7 81 87 90 100 103 108 110
3 91 101 102
6 82 85 98 100 101 108
5 82 86 100 103 111
12 81 89 91 92 93 94 95 96 98 101 105 110
8 83 89 95 96 99 100 107 111
3 86 89 105
7 85 90 91 99 100 109 111
4 82 107 109 110
7 81 82 89 97 108 109 110
4 88 89 94 100
11 83 89 91 92 93 94 95 96 98 99 105
6 88 89 90 102 110 111
10 81 89 90 91 92 94 95 99 106 107
10 85 86 88 90 91 93 96 99 102 109
5 81 84 96 100 111
4 82 84 86 103
5 86 88 102 106 109
14 82 88 89 91 92 93 99 101 102 104 106 107 109 110
19 81 82 83 86 88 89 92 94 97 98 100 101 102 105 106 107 108 109 110
13 82 83 85 89 90 94 97 98 99 101 103 107 110
8 86 88 92 97 100 103 106 109
8 84 89 95 99 103 104 107 110
4 83 86 92 98
6 84 86 96 100 103 111
13 81 82 84 86 90 91 92 94 97 98 102 105 108
5 89 99 105 107 108
6 81 84 88 101 102 103
3 93 102 105
4 82 91 97 102
6 84 92 94 99 104 111
4 103 105 106 107
4 82 96 103 105
9 83 84 88 90 93 96 97 107 110
10 81 83 88 89 91 92 95 96 103 105
6 85 89 90 99 103 108
6 84 85 91 101 105 111
11 81 82 86 87 92 101 103 105 106 107 111
3 83 90 94
8 87 93 95 100 101 103 107 108
8 82 83 86 92 97 98 103 104
11 83 85 87 93 95 96 99 100 107 109 111
7 85 87 95 100 103 107 110
10 82 84 85 86 92 93 100 101 102 103
11 81 88 90 91 92 94 97 98 101 106 108
4 90 94 95 109
3 102 107 109
9 83 85 87 89 99 100 109 110 111
9 81 83 89 90 97 103 108 109 110
9 81 83 85 87 90 95 107 108 109
12 85 86 88 90 91 93 94 96 99 104 109 111
12 82 84 85 90 97 100 102 106 107 108 109 111
13 81 82 83 84 86 89 91 95 100 103 108 109 111
6 93 96 100 101 106 111
4 82 92 101 110
15 83 89 90 91 95 97 98 99 104 105 106 107 108 109 111
9 84 87 88 90 98 100 103 105 110
7 83 85 87 95 106 107 109
14 81 83 88 92 93 94 95 96 98 99 101 103 105 110
5 97 98 103 105 106
9 81 89 90 91 92 93 94 99 109
5 81 88 89 102 110
3 95 102 109
10 81 82 84 86 90 91 92 94 106 108
3 81 94 109
7 81 87 90 100 103 108 110
4 93 102 109 110
8 81 89 97 98 105 106 107 108
8 81 82 88 92 93 100 102 103
6 83 87 98 101 102 104
5 90 91 95 97 98
5 82 91 93 97 101
2 95 105
6 90 91 92 97 98 106
2 107 110
5 81 84 95 100 111
8 83 87 98 101 102 104 108 110
13 82 84 86 87 88 90 93 94 96 99 100 101 102
4 81 88 102 111
4 81 82 109 110
6 81 87 95 100 107 110
13 81 82 83 84 86 87 89 95 100 101 103 109 111
14 81 82 84 86 91 92 94 97 98 101 102 105 106 108
12 81 82 86 88 92 94 97 98 101 102 105 106
11 85 87 89 93 95 96 103 104 107 109 111
11 87 89 90 91 94 96 98 104 105 107 109
5 82 83 92 97 110
10 82 84 85 86 88 92 93 100 101 102
5 85 91 103 108 109
5 91 93 94 97 100
9 81 89 90 92 97 103 108 109 110
10 82 90 97 100 102 104 107 108 109 111
8 82 83 85 86 87 98 101 106
5 82 87 96 101 111
14 82 89 91 92 94 98 101 102 104 106 107 108 109 110
7 83 85 93 99 109 110 111
13 85 86 88 90 91 92 93 94 98 101 106 109 110
5 81 100 103 107 110
8 84 93 96 101 102 104 106 110
9 90 95 96 97 100 103 105 107 110
11 81 82 83 84 85 86 90 92 101 105 107
10 82 83 86 89 91 95 101 103 109 111
16 81 82 83 85 86 88 90 94 97 100 101 102 105 106 109 110
9 81 82 84 85 86 92 101 102 103
16 88 89 90 91 92 93 94 98 99 101 102 106 107 108 109 110
4 81 102 109 110
13 82 83 84 86 87 89 91 95 100 103 108 109 111
6 83 87 95 96 97 111
7 83 84 88 92 94 104 111
9 85 86 88 93 94 96 99 100 109
4 81 83 90 94
4 87 93 106 111
5 88 92 93 97 98
9 81 83 89 90 97 103 108 109 110
6 82 92 97 98 103 109
9 82 83 87 98 100 101 103 106 108
6 84 86 96 103 105 111
14 83 84 87 90 93 95 96 97 98 100 103 104 105 110
9 90 92 96 98 99 101 103 106 108
6 96 100 102 104 106 110
14 81 83 85 89 90 98 100 102 105 106 107 108 109 110
7 84 91 92 93 95 96 104
13 84 85 86 87 88 95 98 99 100 101 105 106 111
1 104
8 85 89 90 92 96 103 106 108
6 81 89 90 92 108 110
12 82 84 86 88 90 94 97 98 102 105 106 108
2 97 107
2 95 104
9 81 85 90 93 95 100 101 103 108
10 81 85 89 90 91 93 94 95 106 107
6 87 91 92 93 106 111
3 88 89 100
5 81 88 102 106 111
11 90 93 94 96 97 98 99 102 104 106 107
13 82 83 86 87 92 93 94 96 99 101 102 104 111
16 87 89 90 91 94 95 96 97 99 104 105 107 108 109 110 111
4 90 94 95 109
10 84 87 88 93 97 100 104 105 107 110
2 95 104
11 81 82 84 88 90 91 92 94 97 98 101
11 82 83 86 87 88 94 97 102 104 107 110
4 84 86 96 111
10 86 88 97 98 99 100 101 103 106 109
6 82 83 98 103 104 109
4 93 103 105 106
7 84 87 88 89 98 99 101
6 90 92 93 97 98 101
9 81 88 90 94 95 96 106 107 108
6 81 84 87 95 96 97
10 81 87 94 95 96 100 106 107 108 110
7 89 90 93 94 99 107 109
7 82 83 85 86 98 106 108
4 86 88 106 109
13 82 83 86 87 89 90 93 94 95 99 100 102 104
8 82 86 88 93 100 101 102 103
6 92 99 104 105 107 108
12 85 86 90 91 93 94 95 96 99 102 109 111
3 102 109 110
3 81 97 110
5 81 82 102 107 109
6 86 92 95 99 104 108
10 85 91 94 95 96 103 104 106 107 108
19 81 83 84 87 89 92 93 95 96 100 101 102 103 105 106 107 108 109 111
10 84 90 91 94 96 100 102 105 107 111
21 82 89 90 91 92 93 95 96 98 99 100 101 102 103 104 105 107 108 109 110 111
11 82 85 86 87 94 99 101 103 107 108 111
16 83 87 92 93 94 95 96 97 98 99 100 101 102 103 104 105
11 83 88 92 93 94 96 99 100 101 108 110
13 81 82 89 91 95 96 98 100 102 103 105 108 109
20 81 83 84 85 88 89 90 91 92 95 98 99 101 105 106 107 108 109 110 111
18 81 83 84 86 87 88 90 91 93 94 95 96 97 99 104 105 106 108
13 81 84 88 93 95 98 100 102 104 106 107 109 111
19 81 83 84 85 86 87 88 89 91 92 93 94 98 99 100 102 104 106 108
16 81 83 85 86 89 90 94 99 101 102 104 105 106 108 109 111
15 84 86 87 88 90 93 94 96 101 102 103 104 105 106 111
20 81 82 84 85 86 87 90 94 96 97 99 100 101 103 104 106 107 108 109 110
21 81 82 83 84 86 87 89 90 91 93 94 95 96 101 102 103 105 106 107 109 111
11 92 96 97 98 99 100 102 104 106 109 110
16 84 85 87 88 90 92 96 97 99 100 101 102 104 107 109 111
16 84 86 87 88 90 92 94 95 96 98 99 101 105 106 108 110
12 85 86 88 90 92 93 97 98 104 106 109 110
17 85 89 91 92 93 97 98 99 102 103 104 106 107 108 109 110 111
21 82 84 86 87 88 89 90 93 96 97 98 99 101 103 104 106 107 108 109 110 111
14 82 83 85 86 88 89 90 92 93 97 99 102 103 111
18 82 83 90 91 93 94 97 98 99 100 101 102 103 104 105 106 107 108
13 81 82 84 85 88 89 92 95 98 99 100 106 110
12 81 83 85 88 89 92 97 99 100 104 109 110
15 81 84 85 87 89 91 92 94 95 96 97 99 105 106 107
18 82 83 86 90 93 94 95 96 98 100 102 103 105 106 107 108 109 110
21 82 83 84 85 86 87 88 89 90 93 96 98 99 102 104 105 106 108 109 110 111
20 83 84 85 86 88 89 90 91 92 93 94 96 97 98 102 103 106 107 110 111
17 81 84 85 86 91 93 94 97 98 99 101 102 104 105 106 108 110
17 81 82 83 87 89 90 91 92 95 96 97 98 99 100 101 105 111
21 81 82 83 84 87 91 92 94 95 96 99 100 102 103 104 105 107 108 109 110 111
18 81 82 87 88 90 91 93 95 97 98 99 100 101 104 105 106 109 111
17 82 85 86 87 89 93 97 98 100 101 102 104 105 107 108 109 111
18 81 82 83 85 88 90 92 94 95 97 100 101 102 106 108 109 110 111
16 81 82 83 85 89 90 91 93 95 101 102 103 106 107 110 111
13 81 82 83 86 87 88 91 97 99 101 102 108 111
9 87 89 93 94 95 102 107 108 111
11 83 86 89 92 97 99 102 106 107 109 111
16 81 82 83 85 87 88 89 90 92 94 97 98 101 104 105 111
15 81 82 84 85 86 89 92 93 95 97 103 104 105 106 108
19 81 82 83 84 86 87 89 90 95 96 97 102 103 104 105 106 108 110 111
10 84 89 90 94 95 96 99 101 105 107
10 83 84 86 91 92 96 98 101 105 108
12 84 85 87 88 90 93 95 97 99 102 109 110
17 82 83 84 89 91 92 93 95 99 100 102 103 104 105 108 110 111
17 81 83 88 89 90 91 92 93 98 99 101 103 104 105 106 107 110
14 83 88 90 91 92 93 94 96 98 99 100 102 103 107
18 81 82 83 85 89 90 93 94 96 97 98 99 101 104 106 107 108 109
17 83 85 86 90 92 93 95 96 97 98 99 104 105 107 109 110 111
15 81 86 87 88 89 94 95 97 99 100 101 103 104 105 107
16 81 84 87 88 89 90 91 92 94 96 98 99 101 102 108 110
13 83 84 91 94 96 97 99 100 102 104 105 109 110
12 82 86 88 91 92 93 94 95 96 99 108 110
14 82 84 85 87 93 98 99 100 102 104 105 107 109 110
15 81 83 85 87 93 94 95 97 98 99 102 106 109 110 111
18 81 82 83 84 85 89 91 94 97 98 101 103 104 105 107 108 109 110
21 82 84 85 86 87 88 89 90 91 92 94 95 98 100 101 103 104 105 106 107 111
18 83 85 87 89 90 91 93 94 95 97 98 100 101 102 103 104 108 109
11 83 84 85 86 92 96 98 99 101 104 109
10 83 84 85 88 92 93 94 100 110 111
10 82 89 90 94 96 101 102 105 106 108
11 81 82 83 84 90 95 96 98 100 110 111
19 81 83 84 85 87 88 89 90 93 94 98 100 101 103 104 106 107 109 111
16 81 83 84 87 92 93 95 98 99 100 101 102 103 104 107 111
17 81 83 84 89 90 92 93 94 96 97 98 99 101 102 104 108 109
18 81 82 84 88 89 90 94 96 97 98 100 101 102 103 104 105 106 108
12 82 85 89 92 98 101 102 103 104 106 107 111
15 84 85 86 87 88 92 93 94 95 97 99 100 101 104 106
15 82 85 86 90 92 93 95 98 100 101 103 104 105 106 109
13 81 83 90 92 94 97 98 99 100 102 106 107 111
11 83 85 90 91 94 97 101 103 106 108 109
14 84 85 88 90 93 94 95 97 99 102 104 105 106 108
21 81 82 85 86 88 89 90 91 92 94 95 96 99 100 101 102 103 105 106 108 109
18 82 84 85 86 89 90 92 93 95 96 98 99 103 104 106 107 108 110
16 81 82 84 85 86 88 94 95 97 98 100 101 104 105 109 111
9 82 88 89 90 91 94 106 107 110
11 81 82 85 87 91 94 97 102 105 108 111
21 81 82 83 84 85 86 88 89 92 96 99 100 101 102 104 105 106 108 109 110 111
11 81 85 87 88 92 96 100 104 105 109 110
15 84 87 91 92 94 95 96 97 99 100 102 103 106 108 110
21 81 82 84 87 88 90 91 93 94 96 97 98 99 100 101 104 105 106 108 109 111
21 83 85 87 89 91 92 93 94 95 96 97 98 100 102 103 104 106 108 109 110 111
18 81 82 85 86 87 88 92 94 96 98 100 102 104 105 107 108 109 110
19 82 85 86 88 89 90 92 93 95 96 100 102 104 105 106 107 108 109 110
14 82 83 84 90 92 93 97 98 101 102 105 106 108 111
15 85 86 87 88 91 92 93 95 96 97 102 103 104 105 106
13 87 90 92 97 98 99 102 104 105 106 108 109 110
14 85 87 89 90 92 93 96 99 100 102 103 104 105 111
16 82 83 84 85 86 89 91 92 94 96 98 99 102 103 105 109
18 81 82 83 84 86 89 90 91 92 93 94 96 99 104 106 107 108 110
20 81 83 84 85 86 89 92 93 94 95 96 97 98 100 102 103 105 107 109 110
12 82 85 90 92 94 96 102 103 106 107 110 111
12 81 84 85 87 89 90 92 93 98 101 106 108
13 84 87 89 93 96 99 101 103 104 105 106 108 110
18 81 82 83 85 87 89 90 92 94 95 96 97 99 100 101 104 106 108
12 81 87 91 93 94 100 101 102 103 108 109 111
9 82 83 84 88 89 94 96 104 105
17 81 83 84 85 89 90 91 95 96 101 103 104 106 107 109 110 111
13 82 85 89 91 94 95 98 99 101 105 107 108 111
14 82 83 85 88 92 96 98 100 102 103 107 109 110 111
20 82 83 86 87 91 92 93 95 96 98 101 102 104 105 106 107 108 109 110 111
13 81 84 86 89 91 92 93 94 100 105 106 110 111
15 82 83 84 85 86 87 90 92 93 94 96 99 100 104 107
16 81 83 86 87 88 89 90 91 94 96 102 105 106 107 108 111
14 81 83 87 88 89 90 91 92 100 101 102 103 108 109
11 82 85 86 93 94 95 98 101 103 104 110
21 83 84 85 86 88 89 90 91 92 94 98 100 101 102 103 104 105 106 108 109 111
14 82 83 84 86 94 100 101 102 103 106 107 108 110 111
11 81 84 85 91 92 98 99 103 107 108 109
11 81 83 86 88 90 97 98 99 105 108 109
18 82 83 85 86 88 89 90 91 93 95 96 99 100 101 104 105 106 107
13 82 83 87 91 92 95 96 99 101 104 105 106 107
10 82 84 87 91 96 101 105 106 108 109
21 81 82 83 84 86 88 90 92 94 95 96 98 99 100 101 103 105 106 108 110 111
9 84 92 95 96 98 103 104 108 109
12 83 87 89 91 93 98 101 102 107 108 109 110
12 83 85 87 92 93 99 103 105 106 109 110 111
12 82 84 85 87 90 91 95 96 97 103 110 111
12 82 91 92 93 94 97 98 100 104 105 109 111
13 82 84 85 88 89 91 96 98 100 101 102 103 105
10 86 89 92 93 96 97 105 106 108 111
14 81 82 83 85 86 89 92 96 98 104 105 106 109 111
14 81 85 87 88 89 91 94 95 96 97 108 109 110 111
10 84 86 87 89 90 92 93 96 98 103
18 86 87 89 91 94 95 96 97 99 101 103 104 105 107 108 109 110 111
19 81 82 83 84 85 89 90 91 95 97 99 100 101 103 105 106 107 109 111
17 81 82 83 85 88 90 91 93 95 99 100 101 104 105 108 109 110
16 82 83 84 87 91 93 94 95 98 100 101 107 108 109 110 111
20 81 83 84 85 86 88 90 92 93 94 95 97 98 99 101 102 103 104 108 111
17 81 82 83 84 86 87 88 89 92 94 98 102 105 107 108 110 111
16 82 84 85 86 88 91 92 93 97 98 100 101 104 106 108 111
20 81 82 84 86 87 88 89 90 91 93 95 97 99 100 105 106 107 108 109 110
9 85 90 93 94 98 103 104 106 107
12 81 85 86 87 96 99 100 101 105 107 110 111
18 82 84 86 87 88 89 90 91 94 96 98 100 105 106 107 109 110 111
12 81 83 84 86 92 93 95 96 98 100 103 109
16 81 82 84 88 89 92 96 97 99 100 101 105 108 109 110 111
12 81 82 85 86 88 89 92 96 98 101 104 105
18 84 85 86 87 93 95 96 97 98 99 101 102 104 105 106 107 108 109
14 81 83 84 85 89 90 92 94 100 101 102 103 108 111
13 82 85 88 90 92 97 98 99 101 107 109 110 111
18 82 84 85 86 88 89 90 93 94 97 98 101 102 106 107 108 110 111
11 85 89 90 91 92 93 101 102 104 105 109
12 81 83 87 89 91 99 100 102 103 105 106 111
15 82 83 85 89 91 93 96 97 98 99 100 102 105 110 111
17 81 82 83 84 85 90 92 94 95 96 98 99 100 102 103 108 110
15 84 85 89 92 95 96 99 100 101 102 103 105 108 109 111
16 85 88 92 94 95 97 99 100 101 102 104 105 106 107 110 111
21 82 83 85 86 88 89 90 91 92 94 96 98 99 100 102 103 104 106 107 109 111
14 85 86 89 94 96 97 98 99 101 102 103 104 109 110
18 83 86 89 93 94 95 97 98 99 100 102 103 104 105 106 107 110 111
9 88 90 91 94 95 98 101 103 107
15 81 83 84 89 91 95 96 97 99 101 102 105 107 108 111
10 81 85 86 90 91 94 96 97 102 107
15 81 87 88 89 91 95 98 99 101 102 104 106 108 110 111
18 83 86 91 92 93 95 96 97 98 99 103 104 105 106 108 109 110 111
10 81 82 83 91 93 94 96 99 101 105
20 81 82 83 84 87 88 92 93 94 95 96 97 98 99 100 101 104 105 108 109
17 81 83 84 86 87 88 89 92 94 95 97 98 100 101 105 109 110
11 81 82 83 85 94 101 103 105 106 108 110
17 83 84 85 91 94 96 97 98 99 100 101 102 103 107 108 110 111
11 83 87 88 90 91 93 94 99 105 110 111
18 83 84 86 87 88 89 91 93 96 97 98 102 103 104 105 106 107 111
20 83 85 86 87 89 90 91 92 94 95 96 97 98 100 102 105 107 108 109 110
15 82 86 87 90 93 95 96 99 101 104 106 107 109 110 111
19 81 83 84 87 88 89 91 92 93 95 96 97 98 101 102 103 107 109 110
20 81 82 83 85 86 87 88 90 91 95 96 97 98 99 104 106 107 109 110 111
19 81 82 84 87 88 89 90 93 94 95 96 97 99 100 102 104 105 108 111
14 82 85 86 89 96 97 99 101 105 106 107 108 110 111
18 82 83 84 88 89 91 92 94 95 97 99 100 102 103 104 108 109 111
9 82 86 87 88 92 95 102 103 107
12 81 83 85 87 90 92 97 99 103 105 109 110
13 81 84 86 91 92 93 96 97 98 100 108 110 111
18 81 82 86 87 88 90 91 93 94 95 96 99 100 101 103 107 110 111
10 81 86 88 90 91 93 98 100 102 106
13 83 86 92 93 94 95 98 100 103 105 106 109 110
15 81 83 84 86 87 93 94 95 96 97 100 102 103 104 106
19 84 85 86 87 88 89 90 94 95 96 98 99 100 101 103 104 106 109 110
17 82 83 84 85 86 88 92 93 94 96 97 98 99 101 104 105 110
10 90 91 97 98 99 101 102 104 107 109
14 83 85 90 94 96 97 99 100 101 105 106 108 110 111
18 81 82 84 85 88 89 90 91 93 95 96 98 104 105 107 108 109 110
12 83 84 89 90 91 93 94 101 105 106 107 108
15 84 85 86 89 90 91 93 94 96 99 102 105 107 109 110
10 84 90 91 92 95 99 106 107 110 111
15 82 83 84 88 90 92 93 95 96 99 102 103 104 105 110
10 83 85 91 93 95 96 97 100 101 106
13 84 85 87 88 89 97 100 101 102 104 106 107 109
18 81 82 85 89 91 94 95 96 98 99 100 101 102 104 105 107 109 110
16 85 87 89 90 91 92 99 100 102 103 104 105 106 107 108 111
10 84 90 91 92 97 98 106 107 108 111
16 81 83 84 87 88 89 95 96 98 100 101 102 103 104 107 108
17 82 83 84 85 86 88 91 92 94 95 96 100 102 105 107 109 111
17 85 87 88 89 90 93 94 95 96 99 100 101 103 104 106 107 110
9 90 91 92 95 96 98 99 102 105
21 82 83 84 85 86 87 88 90 91 92 93 96 98 99 100 101 102 104 105 107 111
20 82 86 87 88 92 93 95 97 98 100 101 102 103 104 106 107 108 109 110 111
17 82 87 88 91 93 94 95 96 97 99 100 101 103 104 106 107 108
14 82 83 87 90 92 94 99 100 103 105 106 109 110 111
20 83 86 87 88 89 90 92 93 96 97 99 100 101 102 103 104 105 108 109 110
20 81 82 83 84 85 87 88 93 94 95 96 97 100 101 103 104 105 107 108 109
12 82 83 84 94 95 96 97 98 103 108 110 111
13 81 82 83 92 93 95 103 104 105 106 107 109 110
21 82 83 84 85 86 87 93 94 95 96 97 98 100 102 103 104 105 106 108 109 110
18 81 84 86 87 88 91 95 96 98 99 101 102 104 105 106 107 109 111
19 81 82 84 85 86 87 88 90 91 92 99 100 102 103 104 105 106 107 108
13 83 84 85 92 93 94 95 97 98 99 102 107 108
19 81 82 83 86 87 89 90 93 94 95 97 100 102 106 107 108 109 110 111
8 115 120 123 125 134 136 138 141
18 114 115 116 118 119 121 122 123 125 127 130 132 133 135 136 137 139 144
20 112 115 116 117 120 122 123 125 126 127 128 129 132 135 136 138 139 140 141 144
21 113 114 117 118 119 120 121 125 126 128 130 131 132 133 136 137 138 139 141 143 144
6 113 115 126 137 142 143
6 113 121 122 124 130 141
20 112 113 114 115 116 118 120 121 122 128 129 131 133 134 135 136 137 138 140 143
7 114 128 132 133 136 137 144
4 117 124 125 137
11 112 113 116 126 127 128 129 136 137 139 143
8 113 116 119 120 124 135 141 142
9 112 123 124 125 126 132 136 141 144
8 112 120 122 123 126 132 135 136
13 113 116 118 120 128 129 131 133 134 135 138 140 143
18 112 115 117 122 125 126 127 129 131 132 134 136 138 139 140 141 142 143
8 114 118 123 127 133 139 140 142
21 112 115 117 118 119 120 125 126 130 131 133 135 136 137 138 139 140 141 142 143 144
11 112 114 115 116 117 123 124 128 129 137 144
10 114 118 128 130 132 137 139 140 142 143
9 113 117 124 125 130 134 136 140 141
3 114 121 123
15 113 114 116 118 119 120 121 123 124 128 130 133 135 137 144
20 112 115 119 122 124 125 126 127 129 130 131 132 133 134 136 137 138 140 142 144
11 114 117 118 121 122 126 128 129 130 134 143
8 115 122 125 129 131 134 135 139
7 114 117 119 120 123 132 135
5 123 127 129 134 140
6 121 127 129 141 142 143
3 118 138 144
9 115 117 119 124 127 132 133 136 141
7 113 117 119 120 133 140 142
9 116 122 127 128 131 135 137 139 143
14 116 118 121 128 129 130 131 133 134 140 141 142 143 144
13 113 114 118 119 121 124 130 131 133 134 137 142 143
15 112 113 117 120 124 126 128 129 131 134 138 140 141 142 143
13 117 119 123 124 125 126 127 130 132 139 141 142 144
14 112 116 121 122 124 127 128 131 132 133 135 138 140 141
13 112 117 118 121 122 123 124 125 126 129 135 138 143
11 116 118 120 123 126 131 134 138 139 140 142
7 113 114 115 119 127 138 139
9 113 119 123 125 137 138 139 140 141
10 115 131 133 134 136 137 139 141 142 144
8 112 114 117 118 129 133 136 138
13 113 114 116 117 118 120 121 123 128 135 139 141 143
4 121 135 141 143
10 112 114 119 123 126 129 132 133 138 142
8 114 116 118 126 128 129 134 143
16 114 116 118 120 122 124 126 127 130 134 135 136 138 141 142 143
11 112 115 119 121 123 128 131 132 133 139 144
6 113 117 125 129 137 140
8 114 119 121 123 124 131 135 138
12 115 116 119 126 128 129 131 132 134 135 137 144
8 112 117 120 122 130 133 135 136
8 113 116 119 128 137 142 143 144
11 114 115 117 119 121 122 127 130 137 139 142
17 112 113 115 116 122 124 125 128 130 131 133 134 136 138 139 140 144
10 113 114 116 119 120 127 128 130 132 140
10 122 123 125 128 134 137 139 140 143 144
15 112 113 116 117 119 121 122 124 126 127 129 131 133 135 144
13 112 113 115 117 119 121 122 124 125 127 129 130 143
7 112 117 120 125 136 138 143
13 112 115 116 120 124 127 131 132 133 135 136 142 144
2 135 141
7 113 125 126 131 132 133 134
19 113 114 117 119 120 121 123 124 126 127 129 130 134 136 137 139 141 142 144
15 112 114 116 121 123 124 126 127 128 130 132 136 137 141 143
7 121 123 130 131 137 140 144
8 114 115 118 121 124 125 126 138
14 112 115 116 118 122 125 128 131 132 133 135 138 140 143
3 118 126 137
9 112 113 120 122 125 135 138 139 142
9 113 116 122 124 127 128 129 132 134
14 115 117 118 120 122 125 130 132 133 134 140 141 142 144
13 114 117 118 119 120 123 125 129 130 134 136 139 144
5 115 118 120 121 144
7 112 115 116 122 124 135 142
9 123 127 129 131 132 134 139 140 141
7 115 121 126 127 130 131 132
11 118 119 120 122 127 130 136 138 139 140 142
4 121 130 140 144
6 114 116 126 128 129 134
6 115 122 125 129 131 135
6 117 120 122 133 135 136
9 114 116 118 120 121 128 135 141 143
4 118 123 127 133
1 118
9 129 130 131 133 134 140 141 142 144
7 112 121 123 128 133 139 144
3 115 137 142
5 112 114 123 138 142
6 120 122 127 130 136 140
4 114 117 119 120
7 118 122 127 136 139 140 142
13 112 113 115 124 130 131 133 134 136 138 139 140 144
6 123 134 137 140 143 144
10 117 120 122 125 130 132 134 141 142 144
4 123 132 135 136
5 115 121 127 130 131
9 113 114 116 117 118 120 135 139 141
11 117 123 125 126 127 130 132 139 141 142 144
7 112 114 126 132 133 138 142
11 114 118 120 122 124 126 130 134 136 138 142
4 118 133 136 138
4 125 126 131 133
10 114 118 119 124 130 131 133 134 142 143
16 112 117 120 122 123 125 126 127 128 135 136 138 139 140 141 144
10 116 118 119 120 124 128 130 133 135 144
4 112 125 136 143
1 141
4 122 129 134 135
8 115 119 121 123 132 133 139 144
8 113 114 116 117 120 121 139 141
7 116 122 127 128 131 135 137
7 118 122 127 130 138 140 142
12 116 118 121 128 129 131 133 140 141 142 143 144
6 113 114 116 128 130 132
2 118 138
5 120 123 125 134 141
15 112 113 115 116 118 120 121 122 128 129 131 133 136 138 143
13 114 116 118 122 124 126 130 135 136 138 141 142 143
5 121 126 127 130 131
16 112 116 120 122 123 125 126 128 129 135 136 138 139 140 141 144
4 114 117 120 132
4 114 118 126 143
4 123 129 134 140
10 112 117 121 122 124 125 126 129 135 138
8 113 116 117 122 124 131 133 135
9 115 116 124 127 131 132 133 136 142
9 112 122 124 127 128 131 132 133 140
10 117 118 120 122 125 130 132 134 140 141
8 117 123 124 125 127 139 141 142
9 114 119 121 123 125 127 132 133 135
4 113 116 124 134
6 113 117 124 130 134 140
4 121 127 142 143
4 114 128 129 143
13 115 117 118 119 126 130 133 137 138 140 141 143 144
8 117 119 123 126 130 139 142 144
9 118 120 128 129 131 133 134 135 138
6 112 113 120 135 138 139
4 113 125 132 133
5 113 116 119 128 137
10 119 130 131 132 134 136 137 138 142 144
4 113 126 137 143
6 114 115 124 125 126 138
7 116 117 123 128 129 137 144
2 126 137
5 113 115 119 127 138
1 144
6 114 115 118 124 126 138
5 115 123 125 138 141
5 112 120 122 130 135
1 138
4 113 121 124 141
10 119 125 127 129 133 136 137 138 142 144
7 123 124 125 126 132 136 144
8 112 114 115 117 124 128 129 137
6 113 119 123 137 138 141
4 117 120 125 138
6 118 119 127 138 139 140
4 114 116 118 143
4 112 120 130 135
4 119 137 142 143
5 112 117 120 125 143
5 115 120 123 125 138
6 122 127 131 137 139 143
4 123 127 131 139
8 114 118 130 132 137 139 142 143
18 113 114 117 119 120 121 125 126 128 130 131 132 136 137 138 141 143 144
4 113 121 130 141
8 115 117 119 124 127 133 136 141
8 113 114 117 121 123 128 139 141
4 126 131 133 134
6 112 120 122 130 133 135
10 114 115 116 118 122 123 125 127 136 139
5 114 121 125 126 138
10 112 113 117 122 126 127 131 133 135 144
6 113 114 115 119 138 139
12 115 117 118 122 125 130 132 133 134 140 141 144
5 115 116 122 124 142
16 113 114 117 120 121 123 124 126 127 129 134 136 137 139 142 144
7 114 128 132 139 140 142 143
7 112 116 126 127 128 139 143
6 114 117 121 128 129 130
3 115 122 124
6 123 124 126 136 141 144
7 116 127 128 131 135 137 143
8 119 121 123 128 131 132 133 144
9 113 116 124 130 133 134 136 139 144
7 113 123 125 137 139 140 141
5 112 114 117 118 138
15 112 113 115 116 122 124 128 130 131 133 134 136 138 140 144
10 113 114 118 119 121 130 131 133 137 142
12 113 114 117 120 124 126 127 129 134 136 137 141
8 116 118 121 128 130 131 133 134
7 117 119 124 127 132 133 141
5 113 120 135 138 139
5 115 133 137 141 142
6 116 124 128 129 132 134
1 135
5 113 117 125 137 140
12 113 114 118 119 120 121 123 124 128 130 137 144
4 119 123 125 141
13 112 119 120 125 131 133 136 137 139 141 142 143 144
11 112 113 116 119 121 124 127 129 133 135 144
9 113 120 128 129 133 134 138 140 143
6 112 122 125 126 129 135
1 126
5 112 119 121 132 144
6 125 126 132 139 141 142
2 126 137
8 112 114 115 116 117 123 128 137
2 114 121
8 112 122 131 132 133 135 138 140
9 112 115 119 121 128 131 132 133 144
6 116 120 124 135 141 142
4 123 129 134 140
8 112 115 119 121 128 131 133 139
6 114 118 123 127 133 142
8 119 124 126 127 130 132 139 142
5 113 122 124 127 134
12 112 116 117 122 125 126 127 128 136 138 141 144
4 113 127 138 139
3 117 119 142
14 112 115 116 120 122 127 128 129 132 135 136 138 140 144
5 115 126 137 142 143
7 114 123 126 129 132 133 138
12 115 117 118 120 122 130 132 133 134 140 142 144
4 117 120 133 140
11 116 118 121 128 129 134 140 141 142 143 144
8 119 123 126 129 132 133 138 142
8 115 119 124 127 132 133 136 141
6 112 122 126 132 135 136
6 113 124 125 130 136 141
2 126 137
4 125 138 139 141
9 113 116 120 128 129 133 134 135 138
4 113 124 135 142
2 123 140
3 113 117 137
1 114
4 116 122 137 139
3 125 126 131
11 112 113 122 125 130 133 134 136 138 139 144
2 121 141
6 114 118 126 128 129 143
4 128 132 133 137
1 135
2 114 123
8 112 114 119 123 129 133 138 142
5 121 127 141 142 143
5 117 119 120 132 135
6 116 126 128 129 134 143
7 112 114 123 129 132 138 142
5 112 124 126 136 141
5 112 126 127 128 129
12 112 117 119 120 125 126 130 133 138 140 141 142
5 120 123 125 138 141
7 113 116 126 127 128 129 143
9 114 116 117 120 128 135 139 141 143
9 117 119 123 125 132 139 141 142 144
2 117 125
8 114 117 118 122 126 128 130 143
13 112 114 115 116 118 121 122 129 131 137 138 140 143
4 113 119 135 141
3 115 121 144
5 113 114 127 138 139
5 112 117 122 130 133
5 115 125 129 135 139
6 113 117 130 134 136 141
6 123 127 129 131 132 134
11 112 120 124 126 128 131 138 140 141 142 143
7 114 116 118 120 123 139 143
7 113 116 119 120 130 132 140
5 120 122 127 139 140
8 118 120 124 126 127 136 141 142
5 112 120 122 123 132
12 112 115 116 122 128 129 131 133 136 137 138 140
6 115 119 124 133 136 141
5 116 127 131 135 137
6 117 122 130 133 135 136
11 113 114 116 118 119 120 123 128 133 135 144
10 114 118 119 121 130 131 133 137 142 143
5 123 129 134 139 140
4 121 129 141 142
6 115 119 127 132 133 141
7 115 118 120 122 130 132 144
9 112 114 115 116 124 128 129 137 144
14 113 114 120 121 123 126 129 130 134 136 137 139 141 144
7 113 119 123 125 137 140 141
10 113 117 119 123 124 127 137 139 141 144
9 118 119 120 122 127 136 139 140 142
6 114 132 133 136 137 144
2 118 144
4 115 125 134 135
4 113 126 142 143
4 115 124 135 142
12 115 117 122 125 126 127 129 131 132 139 141 142
5 119 124 132 133 141
5 116 119 120 127 140
12 112 117 125 126 127 129 131 134 136 138 139 142
9 118 121 128 129 130 131 133 142 144
4 115 123 134 141
7 117 125 130 134 136 140 141
6 113 120 122 125 138 139
6 115 129 131 134 135 139
9 115 116 119 130 132 136 137 139 144
3 113 124 141
4 120 122 133 135
15 118 119 126 130 131 133 135 136 137 139 140 141 142 143 144
7 112 113 120 122 125 135 138
6 114 118 123 127 139 140
3 121 141 143
16 112 113 114 115 116 120 121 128 131 133 134 135 136 137 140 143
9 113 114 116 117 118 120 123 128 141
12 112 113 116 117 119 121 124 127 129 131 133 135
9 112 121 127 128 131 135 138 140 141
12 112 115 116 122 130 131 133 134 136 138 139 140
1 144
10 113 117 120 124 126 129 140 141 142 143
5 114 128 132 136 137
7 123 129 131 132 134 140 141
10 119 124 126 127 130 131 132 138 142 144
7 113 114 131 133 134 137 142
14 112 115 117 118 119 120 130 131 133 137 139 140 141 143
5 115 116 122 124 142
11 113 118 121 125 130 131 132 133 136 139 143
7 114 115 117 119 122 127 139
10 113 115 116 122 128 130 136 138 139 140
7 113 114 116 120 127 128 132
3 125 129 140
9 113 118 119 121 130 131 133 137 143
7 118 120 121 123 128 139 143
8 112 116 117 121 122 124 126 135
12 114 116 118 122 124 126 127 130 135 136 138 143
3 121 135 141
4 117 119 136 141
9 115 116 120 124 131 133 136 142 144
8 116 117 121 123 128 135 139 143
19 113 114 115 117 118 119 120 121 122 123 128 129 131 133 135 137 138 139 144
22 113 114 115 116 119 120 122 123 124 126 127 128 132 133 134 135 136 137 139 140 141 144
11 113 116 125 126 127 131 135 136 138 140 144
13 115 117 122 123 124 127 128 129 132 136 139 140 141
18 112 113 114 115 117 118 120 124 125 126 127 130 132 133 134 135 137 141
22 113 114 116 117 118 120 121 124 125 126 127 128 131 132 134 135 138 139 140 142 143 144
14 115 116 117 119 121 123 124 125 128 129 130 131 134 144
21 114 115 117 118 120 121 123 125 126 128 129 131 132 133 135 136 138 140 142 143 144
14 112 113 115 117 123 130 132 133 135 138 140 141 143 144
17 112 113 115 118 120 122 124 130 131 132 134 135 137 138 139 142 144
10 112 122 123 125 126 130 133 135 140 141
15 113 115 123 125 126 127 128 129 130 134 135 136 137 138 141
21 112 114 115 118 119 121 122 123 124 127 130 131 132 133 134 137 138 139 140 142 143
15 118 119 120 123 126 127 129 130 131 132 135 137 139 141 143
22 112 113 114 117 120 121 123 124 125 126 127 130 131 132 135 136 137 138 139 140 142 143
12 113 114 118 124 126 128 129 131 133 135 143 144
10 114 115 121 122 123 124 125 129 140 143
15 112 115 116 122 123 124 125 126 127 133 135 137 138 139 144
22 112 114 116 117 119 120 122 123 124 125 127 128 129 133 134 135 136 137 138 141 143 144
19 112 117 118 119 120 121 124 125 126 127 132 133 134 135 136 139 141 142 144
17 112 114 115 116 117 121 122 125 127 129 130 131 132 134 137 142 143
16 113 118 121 122 123 125 128 130 131 132 133 134 136 141 142 144
20 112 114 115 116 120 121 122 123 124 125 127 129 130 132 135 139 140 141 142 144
12 112 113 114 117 121 123 125 127 128 133 140 142
20 113 114 116 117 120 122 123 124 126 128 129 130 131 132 133 135 140 141 142 143
10 113 118 121 124 130 134 136 138 140 141
11 112 113 114 119 123 126 131 133 134 138 140
22 112 113 114 117 118 119 120 121 122 123 124 127 128 129 130 132 136 137 139 141 143 144
19 115 116 117 118 121 124 125 126 127 130 131 132 134 135 136 140 141 143 144
18 112 113 116 117 118 119 120 121 122 123 126 129 132 137 139 140 142 144
17 112 113 114 115 120 122 123 124 125 126 127 129 131 134 136 138 140
16 114 116 121 124 125 126 130 133 134 136 137 138 139 140 142 143
13 112 115 118 120 122 123 124 126 130 131 140 141 142
12 113 114 121 123 124 128 130 131 137 139 140 143
20 112 113 117 120 122 126 127 128 129 132 133 134 135 136 138 139 140 141 142 143
18 112 113 114 115 116 118 120 121 124 125 128 131 133 135 136 137 141 144
17 112 113 114 115 120 123 125 126 128 130 132 135 139 140 142 143 144
15 112 113 114 116 117 120 123 124 128 129 131 133 138 140 141
20 112 115 116 119 120 122 123 124 126 128 130 131 133 135 136 138 139 140 141 144
21 112 113 114 115 117 119 121 123 125 127 128 129 132 133 137 138 140 141 142 143 144
19 117 118 119 121 123 124 125 126 128 130 131 132 134 135 138 140 142 143 144
22 112 113 114 115 119 120 122 123 124 125 126 127 130 131 133 134 136 137 138 141 143 144
21 112 114 115 116 119 120 121 123 124 125 126 129 130 131 134 135 136 137 141 143 144
21 112 113 120 121 123 125 126 127 128 130 131 133 134 136 137 138 140 141 142 143 144
9 113 119 126 128 130 132 136 141 142
18 112 114 115 117 119 121 122 123 125 131 134 135 138 139 140 142 143 144
11 118 119 120 125 126 127 128 130 132 139 140
16 115 116 117 118 120 121 122 126 127 128 132 133 135 137 141 143
18 112 115 118 119 120 121 123 125 127 131 132 133 134 137 138 141 142 144
12 113 114 115 129 132 134 136 137 138 140 141 142
17 112 113 115 117 119 120 124 125 128 131 133 134 136 139 140 142 144
20 112 114 115 117 119 120 121 122 125 127 129 130 131 133 135 136 137 138 139 144
21 113 115 119 120 121 122 123 126 127 128 132 133 135 136 138 139 140 141 142 143 144
14 118 119 121 123 126 128 130 131 133 136 139 140 142 143
18 113 115 117 121 122 123 124 126 129 131 134 135 136 139 141 142 143 144
19 112 113 116 117 118 119 120 121 122 123 126 128 129 132 134 137 138 142 144
22 112 113 115 116 117 118 121 122 124 125 126 128 129 131 133 134 135 136 138 139 143 144
21 112 113 114 115 116 117 118 119 121 123 124 126 128 131 135 137 138 140 141 142 143
20 112 113 114 118 119 123 124 127 130 131 132 134 135 136 138 140 141 142 143 144
16 113 115 116 118 119 120 123 126 130 131 133 134 138 140 141 143
15 114 116 117 118 119 120 122 123 125 129 132 134 135 136 141
20 112 113 115 118 119 121 124 127 128 129 130 131 132 133 134 135 136 139 141 143
11 115 119 124 125 126 130 132 133 136 137 142
13 112 113 120 124 125 130 131 132 133 135 140 141 144
18 114 115 116 117 118 119 120 121 124 125 128 129 130 131 134 137 141 144
16 113 115 119 121 124 126 128 129 131 133 134 137 138 140 143 144
10 116 119 120 125 127 128 129 134 139 144
18 112 113 114 117 118 123 128 129 132 133 134 136 137 138 139 141 142 143
15 113 114 115 116 118 119 122 123 127 129 131 132 133 141 142
12 114 116 119 120 124 125 126 130 132 133 140 142
17 112 113 114 117 118 119 121 124 130 134 136 137 139 140 141 142 144
14 114 115 116 119 121 125 127 132 133 134 135 138 139 142
21 112 113 114 115 119 120 122 124 127 129 130 132 133 134 137 138 139 140 141 143 144
11 116 120 121 122 124 129 135 138 139 141 144
23 114 115 116 117 119 120 121 122 128 129 130 131 132 133 134 135 136 138 139 140 141 143 144
14 114 116 117 126 130 132 133 134 135 136 138 139 141 144
21 113 115 116 117 118 120 122 123 125 126 127 128 130 133 135 138 139 141 142 143 144
10 114 115 124 126 128 129 130 133 134 135
19 114 116 118 120 121 123 125 126 127 128 129 130 131 132 133 138 139 142 144
21 112 113 114 115 116 118 119 121 123 124 126 127 129 130 131 134 135 136 140 141 142
11 114 116 117 126 129 130 131 132 134 138 140
17 112 114 117 124 128 129 132 133 134 135 137 139 140 141 142 143 144
16 113 116 118 120 121 124 125 129 131 132 133 135 137 138 139 141
11 112 119 121 125 128 129 130 135 136 142 143
15 115 119 120 123 124 125 128 129 130 133 134 137 139 141 142
17 113 114 115 116 117 118 119 121 123 131 133 137 138 139 141 142 143
13 112 113 118 120 123 126 129 131 132 138 139 142 144
12 112 114 118 120 122 124 127 130 135 136 140 142
10 116 121 122 123 124 128 133 134 136 144
15 113 114 117 118 122 124 125 130 132 133 137 139 141 143 144
17 113 114 118 120 121 123 124 125 126 128 131 132 134 135 136 137 140
21 112 113 114 115 117 118 122 124 125 126 127 129 130 131 134 136 139 140 142 143 144
15 115 116 119 122 123 126 128 131 134 135 139 140 141 142 143
16 115 116 117 119 120 122 123 128 130 131 132 136 137 139 141 143
20 112 114 115 116 117 119 122 123 124 126 127 131 134 135 136 137 138 139 141 142
14 112 113 117 118 122 125 128 130 131 133 136 140 141 142
23 112 113 115 117 119 120 122 124 125 126 127 128 129 130 132 133 136 137 139 140 141 142 143
18 113 115 117 118 120 124 125 128 129 130 131 132 133 135 136 140 141 142
19 113 114 115 118 119 123 125 126 128 129 132 133 134 135 137 139 141 143 144
22 112 113 116 118 119 120 121 122 124 126 128 129 131 132 133 134 135 137 138 140 141 143
19 113 114 115 117 118 121 124 125 126 132 134 136 138 139 140 141 142 143 144
11 112 114 118 120 128 135 137 139 140 142 144
13 113 114 115 118 121 124 125 127 128 132 135 139 140
14 113 115 118 119 120 122 126 127 129 131 135 136 140 144
19 113 115 116 118 119 121 122 123 126 128 129 130 131 133 135 138 139 141 144
17 112 113 115 116 117 119 120 121 123 128 131 132 134 136 140 142 144
22 114 115 117 118 120 121 122 123 125 127 128 129 130 131 132 133 135 137 139 141 142 144
14 112 116 119 121 128 129 131 132 134 136 137 138 140 142
19 114 115 116 117 118 119 121 122 125 126 128 131 133 134 135 137 140 141 143
22 112 113 115 117 118 120 121 122 123 125 126 127 128 132 133 134 135 136 139 142 143 144
13 112 113 114 116 118 120 121 124 132 133 135 143 144
20 112 113 116 117 118 120 121 122 125 127 128 129 130 131 132 133 134 136 137 143
22 113 116 117 118 121 123 126 128 129 130 131 132 133 134 135 138 139 140 141 142 143 144
21 113 114 115 119 122 123 125 127 128 129 130 133 134 135 136 137 138 139 141 142 143
11 112 116 117 120 132 133 135 139 140 141 142
22 112 113 114 115 118 120 121 122 123 125 126 128 129 130 131 132 134 135 137 139 140 141
10 116 120 121 122 130 131 134 135 136 144
10 113 119 121 122 129 131 135 137 143 144
16 112 113 115 116 119 120 121 123 126 127 128 132 135 136 139 143
16 113 114 115 122 123 124 127 129 130 134 139 140 141 142 143 144
11 114 115 118 121 122 124 128 133 134 138 142
13 113 119 125 126 127 129 132 133 135 137 139 140 141
10 114 117 118 127 131 133 134 136 137 140
21 112 115 116 117 118 119 123 124 126 127 129 130 132 133 136 138 139 140 141 142 143
21 114 116 117 118 121 122 123 124 125 126 129 130 131 132 136 138 139 140 142 143 144
18 113 114 115 116 118 120 123 126 128 130 134 135 136 140 141 142 143 144
12 112 116 119 120 125 128 131 133 134 136 142 143
19 112 114 115 116 121 122 124 125 130 131 132 134 136 137 138 141 142 143 144
16 114 117 120 121 122 127 130 133 134 135 136 137 139 140 141 144
22 112 114 116 118 119 120 123 125 126 127 128 129 130 131 132 133 134 135 136 139 140 143
13 112 114 115 117 127 129 130 132 133 137 138 142 143
14 113 116 117 119 120 122 123 126 127 132 134 137 141 142
19 113 115 116 117 119 120 121 122 123 124 126 130 131 132 133 135 138 142 144
12 114 123 126 132 133 134 138 139 141 142 143 144
19 113 115 116 118 120 121 122 127 130 131 132 133 134 136 137 138 139 142 144
21 112 113 116 118 123 124 125 126 127 128 129 130 132 133 135 136 138 140 141 142 144
12 112 113 115 116 117 119 122 125 128 130 139 140
20 113 117 118 119 124 126 127 128 131 132 134 135 136 137 138 139 140 141 143 144
13 114 118 120 121 123 124 128 133 135 136 138 141 143
11 113 114 119 124 127 130 132 133 136 137 140
19 116 118 119 120 121 123 125 126 127 129 130 132 133 134 135 136 139 140 142
9 115 119 121 127 134 136 139 141 144
16 112 115 117 118 119 125 126 127 130 133 134 135 136 137 138 142
13 117 120 121 125 126 127 129 134 136 139 141 143 144
16 113 115 116 118 119 123 126 130 131 132 134 135 136 137 138 139
17 115 116 117 118 119 122 123 126 130 131 134 137 139 141 142 143 144
16 113 117 119 121 123 124 125 126 129 131 136 138 139 142 143 144
17 112 113 114 115 121 122 125 126 127 132 135 137 138 140 142 143 144
12 113 117 119 120 124 126 127 133 134 140 141 143
22 112 113 114 115 116 117 120 121 122 125 126 127 129 131 133 134 135 136 139 140 143 144
18 112 114 116 117 118 119 120 125 126 127 128 131 132 133 135 138 141 144
19 115 116 117 119 120 121 122 123 127 131 133 134 135 137 138 139 141 142 144
12 116 118 119 121 123 125 126 128 132 137 138 140
15 113 114 117 118 120 121 123 126 127 131 132 136 141 142 143
21 112 114 115 116 117 120 121 123 124 125 126 127 129 132 133 134 137 138 140 141 142
14 115 118 121 126 128 129 132 134 135 136 137 140 141 143
18 113 114 116 117 119 120 125 126 128 130 131 132 133 134 135 137 142 144
17 112 113 116 119 122 124 127 128 130 131 132 133 134 135 136 137 144
23 112 113 114 115 116 117 119 121 122 123 125 126 127 128 129 130 131 133 134 138 140 142 144
12 112 117 122 123 129 130 131 132 138 140 141 144
11 118 119 121 127 128 130 131 139 141 142 144
14 113 114 115 119 120 122 125 130 131 132 135 136 139 140
14 113 115 117 120 122 124 125 128 132 134 135 137 139 141
16 112 113 116 122 124 125 127 130 131 133 134 136 137 140 142 143
16 113 114 119 120 122 126 127 128 129 130 132 133 137 138 139 142
18 112 114 117 120 121 122 124 125 126 129 130 134 135 137 138 139 141 142
10 113 114 115 117 125 133 137 141 142 144
21 112 113 114 116 117 118 119 121 124 125 126 128 129 130 131 132 135 136 138 139 140
22 112 113 114 119 120 122 124 126 128 129 131 132 133 134 135 136 137 138 140 142 143 144
20 112 113 114 116 119 121 122 123 124 127 128 130 131 132 133 134 135 137 138 140
17 113 114 116 118 123 124 125 126 127 130 132 135 138 140 141 142 144
20 115 116 117 120 122 123 124 127 128 129 130 131 133 134 135 136 137 138 143 144
12 112 119 120 122 123 126 127 128 132 137 139 143
22 112 114 115 116 117 118 122 124 127 129 131 132 133 134 136 137 138 140 141 142 143 144
11 112 113 114 122 123 132 134 135 137 141 142
16 113 114 117 118 119 123 124 126 128 129 131 132 137 140 141 142
15 113 114 115 116 117 120 122 123 124 129 132 133 134 139 142
17 112 115 116 118 121 122 123 128 131 132 133 134 135 137 138 142 144
19 114 115 116 117 119 121 122 123 125 127 129 131 132 133 134 137 139 143 144
10 117 122 123 125 130 134 135 139 140 141
21 112 113 116 117 119 120 123 124 129 131 132 134 135 136 137 139 140 141 142 143 144
21 112 113 116 117 120 121 122 124 125 126 128 129 131 133 134 136 138 140 142 143 144
19 112 113 116 117 118 119 120 121 123 126 127 128 132 135 136 138 139 140 143
15 112 113 114 117 118 120 121 126 127 128 130 132 134 138 142
21 112 114 115 118 119 120 121 122 125 126 127 129 130 131 132 133 136 139 141 142 143
21 114 115 116 118 119 121 122 123 124 125 128 129 130 135 136 137 139 141 142 143 144
14 112 113 116 117 119 121 126 133 134 136 137 138 139 140
17 112 113 115 116 120 124 125 128 129 130 131 133 134 135 137 143 144
18 112 117 118 119 120 124 125 126 127 128 130 132 133 135 139 141 143 144
14 112 113 114 117 119 121 122 123 126 133 134 137 139 141
17 112 113 114 116 118 119 120 124 126 128 129 133 135 137 139 140 143
14 112 113 116 117 118 120 121 127 129 132 134 135 141 142
18 115 119 120 124 125 126 130 131 132 135 136 137 138 139 141 142 143 144
12 115 116 117 121 122 127 129 130 137 139 141 144
12 114 117 118 119 120 124 129 130 134 139 141 142
15 116 117 118 119 121 125 126 128 133 134 135 137 139 141 142
12 112 113 120 121 126 127 128 130 131 132 139 143
21 114 116 118 119 120 121 122 123 125 126 127 128 130 132 135 137 139 140 141 143 144
21 116 117 118 120 121 123 124 125 126 128 129 130 131 134 136 137 138 139 141 142 144
12 112 115 118 119 120 121 122 123 133 134 141 144
22 114 115 116 117 119 120 121 122 124 125 126 127 129 130 131 132 134 135 136 137 139 144
18 113 115 116 117 121 125 127 129 130 132 133 135 136 137 139 140 141 144
10 113 116 120 123 124 125 132 135 139 142
21 112 114 116 118 122 123 124 126 128 129 131 132 133 134 136 137 139 140 141 142 144
15 112 115 116 117 119 121 127 128 133 134 135 138 140 142 143
11 114 120 123 126 127 129 130 132 133 135 137
21 112 113 114 118 120 121 122 123 124 125 126 129 130 131 133 134 137 138 139 140 141
10 112 117 125 131 132 133 134 140 141 144
18 112 113 114 118 119 122 123 124 125 126 128 130 131 132 139 140 141 142
19 112 113 114 117 119 120 121 123 124 125 127 129 130 131 132 136 137 141 143
12 115 117 118 121 122 123 126 132 135 136 141 142
20 113 114 115 117 118 120 121 123 124 126 127 128 130 132 134 136 137 138 140 144
18 113 114 118 119 120 122 124 125 126 128 131 134 135 138 139 141 142 143
20 116 117 118 119 121 123 124 125 126 128 130 132 133 135 136 138 141 142 143 144
21 112 113 115 119 122 123 124 125 126 127 128 129 130 131 134 135 137 138 139 142 144
22 113 114 117 118 119 121 123 124 125 126 127 128 129 130 134 135 136 138 139 141 142 143
22 114 115 116 117 119 121 122 123 124 125 127 128 130 132 133 136 137 138 140 141 142 144
12 112 114 116 119 122 130 135 136 137 138 141 142
18 112 113 114 115 117 119 121 122 123 126 127 128 129 131 139 140 142 144
13 112 114 115 116 117 121 122 123 128 134 137 140 143
17 117 119 121 122 124 125 126 127 128 130 131 132 134 136 137 139 140
19 113 118 120 121 122 124 125 126 128 130 131 132 134 135 136 137 141 142 143
21 112 113 114 115 116 117 118 119 121 126 127 128 129 130 132 136 138 140 141 142 144
20 113 114 115 116 118 121 125 126 127 128 129 131 135 136 138 139 140 141 142 143
19 112 116 117 118 119 120 123 124 128 130 131 132 133 134 136 139 140 141 142
12 114 115 118 128 129 130 134 135 137 141 143 144
20 113 114 116 117 118 119 120 121 124 126 128 129 130 131 132 133 136 137 140 141
12 112 113 115 117 121 122 123 124 128 132 141 144
12 115 120 121 123 125 129 130 133 134 139 141 143
12 114 115 116 117 118 119 120 121 131 133 135 143
14 112 114 118 122 124 130 132 133 135 137 138 140 142 144
18 112 114 116 120 121 122 125 126 127 130 131 132 138 140 141 142 143 144
17 113 114 117 119 121 122 126 127 129 130 131 132 133 135 136 137 140
22 112 113 114 115 116 117 118 120 123 124 126 127 130 133 135 136 137 138 141 142 143 144
9 119 120 126 128 131 138 141 143 144
15 113 116 117 119 121 122 123 124 126 129 130 132 133 136 144
19 116 117 120 122 123 126 127 128 129 131 132 133 135 137 138 140 142 143 144
13 113 116 119 120 123 129 132 133 136 138 141 142 143
10 112 114 120 122 129 135 136 140 141 143
13 112 113 114 116 119 120 121 122 124 130 131 132 140
19 112 114 116 117 118 119 120 121 122 124 131 132 134 136 139 140 142 143 144
20 112 114 115 116 117 119 121 123 124 125 126 127 130 131 133 136 138 142 143 144
21 114 116 117 118 121 123 124 127 128 129 130 132 133 134 136 137 138 139 140 141 143
12 112 113 122 123 129 133 134 139 140 141 142 143
19 112 114 116 118 122 123 124 127 128 131 133 134 136 137 138 140 141 142 143
20 113 114 115 116 121 125 126 127 128 129 131 132 133 134 135 138 139 140 143 144
17 112 113 115 116 118 119 120 124 126 128 130 132 134 135 136 139 143
21 112 113 114 115 117 118 119 121 122 123 128 129 130 133 135 136 138 140 141 143 144
15 113 115 118 121 122 127 130 132 134 136 137 138 141 142 143
11 114 115 116 121 126 129 130 131 132 136 142
15 113 115 117 118 119 120 121 122 123 128 129 130 132 135 144
17 112 113 114 116 118 120 121 126 127 129 131 132 137 138 139 140 142
13 112 114 115 120 121 126 127 128 131 133 140 141 142
22 112 113 114 116 118 119 121 124 125 126 127 128 131 132 133 135 136 137 138 141 142 144
17 114 115 117 118 120 121 123 124 127 128 130 131 132 138 139 143 144
21 112 113 114 117 119 120 121 123 129 130 131 132 133 134 135 136 137 138 139 141 143
17 112 116 117 118 121 123 126 127 129 130 131 132 133 134 139 140 143
16 112 113 114 115 116 117 119 130 133 135 136 138 139 140 141 142
20 112 113 116 117 123 125 127 128 131 132 133 134 135 137 138 139 140 141 142 143
13 120 123 125 126 128 129 132 135 136 138 139 140 144
21 113 115 118 119 120 121 122 123 124 126 127 128 129 130 134 135 136 137 139 141 144
