170 1289
44 1 2 3 4 5 6 7 8 9 10 11 12 13 14 15 16 17 18 19 20 21 22 23 24 25 26 27 28 29 30 31 32 33 34 35 36 37 38 39 40 41 42 43 44
23 7 10 12 15 17 19 20 21 22 24 27 28 29 30 31 32 33 36 38 39 41 42 43
16 8 10 12 15 16 18 19 20 21 30 31 32 34 36 37 38
15 2 4 5 8 15 16 19 22 25 28 33 34 35 39 42
26 1 2 3 5 6 10 11 12 13 14 15 17 21 23 24 25 26 27 29 32 34 40 41 42 43 44
14 1 7 15 18 19 20 22 23 24 30 36 38 41 43
26 3 5 6 7 9 10 11 13 14 15 16 17 18 20 22 23 24 25 26 30 31 33 40 41 42 43
25 4 6 7 9 10 11 13 15 20 21 22 24 26 27 28 29 30 32 33 34 37 39 40 41 44
17 1 7 8 9 10 13 15 16 17 19 23 31 32 36 37 39 42
34 1 4 5 6 8 9 10 11 12 13 14 15 16 17 19 20 22 23 24 25 26 27 28 31 32 34 36 37 38 39 40 41 43 44
23 1 3 4 5 8 10 11 13 15 17 20 24 28 29 31 34 38 39 40 41 42 43 44
19 2 3 5 9 10 15 17 19 21 22 23 24 25 33 34 39 40 42 44
18 2 4 7 10 11 12 16 18 19 21 23 24 26 27 37 38 42 44
20 3 6 8 11 14 15 16 17 22 24 26 27 28 29 31 33 35 37 39 44
15 2 3 4 6 9 20 22 23 25 26 34 36 37 39 40
28 1 4 7 8 9 10 11 12 15 16 17 18 20 21 22 23 24 25 26 30 31 32 36 39 40 41 42 44
22 1 3 6 8 9 10 11 12 13 14 17 22 23 25 30 34 35 37 38 42 43 44
24 1 3 4 5 8 9 10 11 13 14 15 16 17 20 26 28 29 32 33 36 37 39 42 43
14 1 2 4 6 7 12 13 17 23 26 28 33 35 43
19 3 5 6 7 8 10 11 12 13 14 15 16 19 20 24 28 35 37 43
35 4 5 6 7 8 9 10 11 12 13 14 15 16 17 18 19 20 21 22 23 25 28 29 31 32 33 34 35 36 38 39 40 41 42 43
14 9 10 12 16 17 19 20 21 23 24 26 29 36 42
15 5 6 9 13 15 17 18 21 26 29 32 33 34 36 37
18 3 5 7 8 12 13 14 15 16 19 21 22 23 24 28 32 34 43
23 1 4 6 7 8 9 12 13 14 18 20 21 27 28 33 34 35 36 39 40 41 42 43
22 1 2 3 5 6 10 13 14 17 19 23 24 27 30 32 34 35 37 38 41 43 44
21 1 5 7 8 10 11 13 14 15 16 17 20 21 23 26 28 31 34 41 42 44
31 1 2 3 4 7 8 9 10 13 14 15 16 17 18 21 22 23 24 25 30 31 32 33 34 35 36 37 38 41 43 44
23 1 2 5 6 7 9 12 14 16 17 19 23 24 25 27 29 30 32 34 35 36 38 43
20 6 7 9 10 16 17 18 19 20 21 26 28 32 33 35 36 37 40 41 42
15 2 4 6 8 9 10 11 17 18 21 23 25 40 43 44
30 1 3 4 5 6 7 8 10 12 13 14 15 17 18 19 21 22 23 24 26 29 31 34 36 37 38 39 40 42 43
30 3 4 5 6 7 8 9 10 11 13 15 16 19 20 21 22 23 24 25 28 31 33 34 37 38 39 40 42 43 44
32 1 2 5 6 10 12 13 14 15 16 17 18 19 21 22 23 24 25 26 27 28 29 31 33 34 35 36 37 38 40 42 43
32 1 5 7 8 10 12 13 14 15 16 17 19 20 21 23 24 25 26 29 31 32 34 35 36 37 38 39 40 41 42 43 44
15 3 5 10 12 14 16 21 27 28 30 32 38 41 42 43
27 1 2 4 5 6 10 12 13 14 18 19 21 22 24 25 27 28 29 31 34 35 36 37 38 39 41 44
24 1 4 6 8 9 10 11 12 19 21 22 23 24 30 33 34 36 37 38 39 40 42 43 44
29 2 3 4 7 9 10 12 13 14 15 16 17 18 23 24 25 26 27 28 29 31 34 35 36 37 39 40 42 44
30 1 3 4 6 8 9 11 12 13 14 18 19 20 21 22 23 24 25 26 28 29 30 31 33 34 35 38 39 43 44
29 1 2 3 6 7 8 9 11 12 13 14 15 18 19 20 24 25 26 27 28 31 32 33 34 35 36 37 38 42
14 4 13 18 19 21 25 32 36 37 38 40 41 42 43
26 1 2 3 4 5 7 9 13 14 17 20 21 22 24 25 26 27 28 29 31 32 34 35 36 37 38
34 1 3 4 5 6 7 8 9 10 12 13 14 16 17 18 19 20 21 22 24 25 26 28 29 30 31 32 33 34 35 38 40 41 44
14 2 9 11 12 15 19 20 21 23 27 28 29 36 43
30 1 2 3 4 6 7 8 12 15 16 18 20 21 22 23 25 26 27 28 30 33 34 35 36 37 39 40 41 43 44
21 2 3 4 5 8 17 18 20 22 23 24 25 26 27 28 33 35 36 41 43 44
26 1 2 3 4 5 11 12 13 14 15 16 19 22 23 24 26 27 28 30 31 34 36 37 38 41 44
17 4 6 8 11 12 13 15 19 21 24 28 31 33 36 39 40 44
35 1 2 3 5 6 7 8 9 10 11 12 13 14 15 17 18 19 20 21 22 24 25 26 27 28 29 31 32 34 36 37 38 39 40 43
20 6 7 10 16 17 19 20 21 22 23 24 33 34 35 37 39 40 41 42 43
19 1 5 11 12 16 17 18 19 20 22 23 29 30 33 36 38 39 40 42
34 2 4 5 6 7 8 9 10 11 12 13 16 17 19 20 21 22 23 24 25 27 28 29 30 31 32 34 35 36 37 39 41 42 43
18 9 10 13 14 16 17 18 22 26 28 31 34 36 37 39 41 42 43
18 1 2 4 7 8 15 16 20 25 27 28 33 34 36 38 41 42 44
24 3 5 8 9 10 13 14 15 18 19 22 26 27 29 30 31 33 36 37 38 40 41 42 43
29 1 2 3 5 6 7 8 9 11 12 13 14 15 16 17 18 23 24 25 27 29 30 32 34 36 37 38 39 43
33 1 2 3 4 5 6 7 8 10 11 12 13 14 17 18 21 22 23 24 25 26 28 29 32 35 36 37 38 39 40 42 43 44
31 1 2 3 4 6 7 9 12 13 15 16 17 19 20 21 22 23 24 26 27 28 31 32 35 37 38 39 40 41 42 43
27 1 3 4 6 7 10 13 14 15 16 17 18 20 21 23 25 26 28 30 32 33 35 36 40 41 42 43
15 7 10 14 16 17 21 22 23 26 27 28 29 37 38 42
29 2 4 5 6 7 9 11 14 17 18 20 21 22 23 25 26 27 29 30 31 32 34 35 37 38 40 41 42 44
29 1 2 4 5 6 7 8 10 15 16 17 18 19 20 22 23 26 27 29 31 33 35 36 37 38 40 42 43 44
17 4 6 7 8 11 13 18 23 24 26 31 32 34 38 40 43 44
30 3 4 6 7 8 10 11 16 17 19 21 22 24 25 27 28 29 30 31 32 33 35 36 37 38 39 40 41 42 44
16 1 3 5 10 12 14 15 16 18 19 27 30 32 38 41 42
20 1 2 3 7 15 16 18 21 22 23 26 27 31 32 37 38 39 40 41 42
29 1 3 7 8 9 10 11 12 14 15 16 17 18 19 20 22 23 26 27 29 30 31 34 37 38 40 41 43 44
33 2 3 4 6 11 12 15 16 18 19 20 21 22 23 24 25 26 27 28 30 31 32 33 34 35 36 37 38 40 41 42 43 44
35 45 46 47 48 49 50 51 52 53 54 55 56 57 58 59 60 61 62 63 64 65 66 67 68 69 70 71 72 73 74 75 76 77 78 79
25 45 46 48 49 50 52 53 54 55 56 57 58 60 61 63 68 69 70 72 73 75 76 77 78 79
13 45 47 48 49 52 60 64 65 66 71 72 73 79
11 53 56 64 66 67 69 71 72 75 76 78
20 46 47 50 51 53 54 58 60 62 65 67 68 69 70 71 73 74 76 78 79
21 45 46 50 55 56 57 58 59 60 61 62 63 64 69 70 72 74 75 76 78 79
22 45 46 47 48 50 51 53 56 58 59 60 61 62 63 65 66 67 68 69 74 75 77
15 46 49 52 54 55 62 63 65 69 71 72 74 76 77 78
13 47 49 52 53 54 61 64 66 67 68 71 73 75
12 45 51 52 59 63 64 65 69 72 74 76 77
18 45 47 49 51 53 56 60 61 62 63 66 67 70 71 74 75 78 79
16 50 51 52 54 57 61 62 63 64 67 68 69 72 73 77 78
22 46 47 48 50 53 54 55 56 58 59 61 62 63 64 65 66 67 68 69 72 73 75
12 46 47 50 53 55 57 59 67 71 72 74 76
23 45 46 48 53 54 56 57 58 59 61 62 64 65 66 68 69 70 71 73 74 76 77 78
10 46 47 48 52 53 54 55 60 67 74
18 45 47 48 50 51 57 58 59 60 62 66 67 70 74 76 77 78 79
16 47 50 51 54 55 59 60 65 66 67 69 70 76 77 78 79
20 47 48 49 52 55 58 59 60 62 63 65 67 68 69 70 74 75 77 78 79
20 45 46 47 50 51 53 56 58 60 61 62 63 64 68 71 73 74 75 76 78
16 47 48 51 54 57 61 62 63 64 69 72 73 74 76 77 78
26 46 47 48 50 53 54 55 58 60 61 62 63 64 65 67 68 69 70 71 73 74 75 76 77 78 79
25 46 48 49 50 52 53 54 57 59 60 61 62 64 66 67 68 69 70 71 72 75 76 77 78 79
11 46 49 56 57 58 61 65 66 68 72 75
18 47 48 50 52 53 54 57 58 60 61 64 65 68 69 71 74 75 78
21 45 46 47 48 50 51 53 55 57 58 59 61 62 63 65 67 70 71 73 75 76
14 47 49 50 52 53 55 56 57 62 66 71 72 73 77
19 47 51 53 56 59 60 62 64 65 66 68 69 70 71 72 74 76 77 79
27 45 47 48 50 51 52 53 54 57 58 59 60 61 63 64 65 66 67 68 69 70 72 73 74 75 77 79
19 46 48 50 51 52 53 56 58 63 65 66 67 68 69 71 72 76 78 79
16 47 49 51 53 56 57 61 62 63 67 72 73 74 75 76 77
13 46 54 55 60 61 62 64 65 69 71 74 76 78
20 47 50 51 52 53 57 58 61 62 63 64 65 66 67 68 70 71 72 74 76
11 45 47 50 51 55 64 68 69 73 74 79
22 46 48 49 52 53 54 55 56 57 59 60 61 62 63 64 65 68 72 73 74 77 79
11 46 48 53 58 61 62 65 67 70 77 79
12 46 48 49 50 51 59 63 64 67 68 71 77
26 45 46 47 50 51 52 53 54 56 58 59 60 61 62 63 64 65 66 67 68 70 72 74 75 78 79
27 46 49 50 51 53 54 55 56 57 59 61 62 63 64 65 66 67 68 69 70 71 72 74 75 76 77 78
27 45 47 48 49 50 52 53 54 58 59 60 62 64 65 66 67 68 69 70 71 72 73 75 76 77 78 79
25 45 46 47 48 49 50 52 53 54 55 56 61 63 64 66 67 69 70 71 72 73 74 76 77 79
33 80 81 82 83 84 85 86 87 88 89 90 91 92 93 94 95 96 97 98 99 100 101 102 103 104 105 106 107 108 109 110 111 112
14 81 82 84 86 90 94 95 97 98 101 102 103 105 106
10 80 83 87 91 97 105 107 108 109 112
23 80 81 83 85 86 87 88 89 90 91 92 93 94 95 96 99 101 104 106 107 108 109 111
10 86 87 88 90 91 92 99 101 106 111
17 84 85 88 90 91 92 93 95 97 100 102 104 105 106 108 109 111
19 80 81 82 83 85 86 89 90 95 97 99 100 103 104 105 106 108 109 111
18 80 82 83 86 92 94 97 98 99 100 101 102 103 104 105 108 109 111
16 80 84 85 87 88 89 90 94 96 97 99 100 103 105 107 109
12 80 84 88 92 95 98 100 102 106 107 108 109
25 80 81 82 83 84 85 86 88 89 90 91 92 93 97 98 101 102 103 104 105 107 108 109 110 112
22 80 81 83 85 86 87 88 89 91 94 95 96 98 100 101 102 103 105 106 108 109 112
12 83 86 87 88 91 93 95 96 99 101 102 108
11 80 83 84 86 89 92 95 98 101 102 110
26 80 81 82 83 85 86 87 89 90 92 93 94 95 96 97 98 100 102 103 104 105 106 107 108 109 112
23 81 82 84 85 86 88 89 91 92 93 96 98 99 101 103 104 105 106 108 109 110 111 112
17 81 83 84 85 86 89 90 94 96 98 99 102 105 106 108 109 110
15 80 81 83 84 89 93 96 101 102 103 104 106 107 109 110
15 80 86 90 93 95 98 99 100 102 104 106 107 108 109 111
23 80 81 82 83 84 85 90 91 92 94 96 97 98 99 100 102 103 104 105 106 107 109 111
10 83 88 92 95 100 103 104 106 108 111
16 80 81 82 84 92 95 97 99 100 101 102 103 104 105 110 111
11 84 85 87 91 92 95 100 103 105 108 110
23 80 81 84 86 87 88 90 91 93 94 95 96 97 98 99 100 101 103 105 106 108 109 112
17 80 82 89 91 92 93 95 96 97 98 102 104 106 107 108 109 110
23 80 81 82 83 84 86 88 89 90 92 94 96 97 99 101 102 103 104 106 108 109 110 111
10 82 83 85 86 92 99 103 106 108 109
25 82 83 84 86 87 88 89 90 93 94 95 96 97 98 99 100 101 102 103 104 105 108 110 111 112
15 113 114 119 123 124 125 127 128 131 138 139 140 141 142 144
15 114 115 117 118 119 120 121 122 125 128 129 130 134 137 138
9 113 114 115 124 127 128 136 137 143
9 115 120 122 123 124 125 127 129 140
12 115 117 118 121 129 130 132 133 134 135 136 143
6 117 120 124 132 137 144
9 116 119 128 130 131 134 138 140 141
5 116 120 122 126 137
10 115 116 118 122 123 133 134 139 140 143
20 113 114 115 117 119 120 121 124 126 128 129 132 133 138 139 140 141 142 143 144
12 113 115 116 121 122 125 126 128 131 132 135 141
10 117 120 121 124 127 129 134 138 143 144
10 114 122 123 125 128 130 133 134 135 141
11 114 116 118 119 127 128 131 134 138 140 141
4 113 118 128 136
14 114 118 119 120 121 125 126 127 129 133 134 136 143 144
14 114 119 120 124 126 127 129 130 131 135 137 138 141 144
6 119 122 126 133 139 144
11 118 121 126 128 131 132 133 135 136 139 142
6 123 126 131 135 136 143
8 116 119 122 123 133 138 139 141
15 113 114 115 117 118 119 120 121 122 127 134 136 137 139 140
13 114 116 119 120 124 129 133 136 137 138 140 142 143
10 117 123 128 131 133 139 140 141 143 144
7 117 118 121 125 126 135 142
14 115 116 120 121 127 128 129 130 133 138 140 141 142 144
19 113 117 118 119 120 121 122 123 124 125 126 127 133 136 137 138 142 143 144
17 116 123 124 125 126 128 129 130 131 132 133 135 138 141 142 143 144
5 118 120 128 132 136
10 114 115 116 127 129 130 134 135 138 143
18 114 115 116 117 118 119 121 122 125 129 131 132 133 136 139 140 142 144
11 115 116 121 124 125 127 130 134 136 137 142
4 120 124 130 139
6 115 122 123 131 134 143
1 126
13 113 115 116 117 123 124 128 131 135 138 139 140 142
11 114 115 116 119 123 126 132 137 139 140 141
5 113 114 134 138 144
13 114 115 116 128 129 130 131 132 134 135 139 140 141
9 115 117 119 123 128 130 134 137 141
11 113 115 121 122 124 126 129 132 135 142 143
14 116 118 120 121 122 125 127 132 135 136 138 139 142 144
17 113 116 123 124 126 127 131 132 133 135 136 139 140 141 142 143 144
19 113 115 117 118 121 122 123 125 126 127 128 130 131 132 134 135 139 141 144
18 113 114 117 118 119 122 123 124 125 126 131 132 134 135 136 137 139 143
10 117 120 123 125 130 133 136 137 139 144
9 113 114 124 126 129 131 133 140 143
20 114 117 118 119 120 123 124 127 129 130 133 134 136 137 138 139 140 142 143 144
11 114 115 116 125 127 128 136 138 140 143 144
8 113 117 121 125 128 132 136 142
22 113 115 116 117 118 119 120 121 124 126 127 129 131 132 136 137 138 139 140 142 143 144
23 113 114 115 117 118 120 121 122 123 124 125 126 127 129 132 133 135 136 137 139 142 143 144
14 113 117 118 124 126 129 130 131 133 134 135 137 139 141
7 122 125 130 131 133 135 142
12 114 118 119 124 126 129 130 135 137 139 141 142
5 122 130 132 137 141
14 113 116 117 120 121 125 127 128 132 133 136 138 140 144
5 115 116 131 132 140
7 116 117 119 130 137 141 143
11 114 115 116 118 119 129 130 133 138 139 141
9 113 121 122 125 127 128 134 140 142
13 113 120 123 124 127 128 130 134 135 137 138 141 143
7 119 120 121 122 123 132 142
16 113 114 119 120 123 124 125 128 129 130 131 135 137 138 141 142
6 117 119 127 134 135 142
17 113 114 118 121 122 123 125 126 128 129 133 136 137 138 141 143 144
8 120 129 130 131 132 134 140 144
16 115 116 117 118 121 122 126 127 132 133 134 136 139 140 143 144
12 116 118 122 123 125 127 130 131 134 135 136 137
11 113 117 121 123 124 125 131 137 140 141 142
11 113 114 118 119 120 122 126 129 132 135 138
7 115 121 127 128 133 138 142
12 113 114 115 118 120 125 126 127 129 137 139 142
5 116 118 123 133 140
7 116 123 126 132 137 139 141
11 116 123 125 128 129 130 132 133 138 143 144
9 114 116 120 124 133 137 140 142 143
10 114 119 121 126 127 129 134 136 143 144
8 113 123 124 126 127 132 135 143
6 118 121 129 130 133 134
12 113 114 117 124 126 128 129 133 139 140 141 144
4 117 119 127 134
9 113 115 116 123 124 128 138 139 142
14 113 117 118 119 122 123 125 126 127 136 137 138 143 144
15 116 123 125 126 128 129 130 131 133 135 138 141 142 143 144
5 117 123 133 139 144
8 114 115 116 127 129 135 138 143
8 121 127 128 133 138 140 142 144
6 128 131 133 140 141 143
8 117 120 121 124 129 134 138 144
2 132 141
7 120 123 124 125 127 129 140
12 113 114 118 119 122 123 124 126 134 136 139 143
8 114 116 119 126 137 139 140 141
10 113 116 121 125 128 132 133 136 138 144
7 113 114 115 124 127 128 137
2 124 130
9 114 125 127 128 136 138 140 143 144
5 115 120 122 123 140
10 120 123 124 130 134 135 137 138 141 143
12 113 116 117 120 121 125 127 132 133 138 140 144
4 118 128 132 136
11 113 114 119 120 123 128 129 130 138 141 142
7 121 126 128 131 132 135 139
10 124 127 128 130 134 135 137 138 141 143
7 113 114 115 127 128 136 137
8 113 124 129 131 133 134 135 141
7 113 114 115 124 136 137 143
15 120 123 127 129 130 133 134 136 137 138 139 140 142 143 144
5 117 118 126 135 142
4 114 134 138 144
13 114 116 117 118 119 121 125 129 131 132 136 140 144
3 125 133 135
6 117 119 128 130 137 141
7 116 128 130 134 138 140 141
9 118 120 122 125 127 132 136 138 144
7 113 121 122 125 128 140 142
13 114 117 120 121 124 126 129 132 133 138 140 141 144
11 114 117 118 123 124 127 133 134 136 139 144
12 115 120 121 127 128 129 130 133 138 140 142 144
10 113 114 119 123 124 128 135 138 141 142
9 116 121 124 127 130 134 136 137 142
11 113 116 117 123 124 131 135 138 139 140 142
7 123 124 130 135 137 138 143
4 113 114 134 138
9 113 117 122 123 124 126 131 136 137
8 114 115 117 120 125 128 137 138
5 123 126 131 135 136
5 117 124 131 140 142
10 115 116 120 127 130 133 138 140 141 142
3 118 120 132
9 120 123 124 127 130 134 135 141 143
7 117 118 129 130 133 135 143
7 114 116 119 127 128 134 140
7 114 119 120 129 138 140 143
9 116 120 121 127 128 133 136 138 140
7 118 122 123 125 130 135 137
8 113 114 117 122 127 136 137 140
3 120 132 136
8 117 123 131 133 140 141 143 144
8 113 121 123 124 125 131 137 142
2 122 137
3 122 130 141
8 115 117 121 130 132 133 134 135
7 120 123 125 130 137 139 144
3 122 132 137
16 113 116 117 119 120 121 124 126 131 132 137 138 139 142 143 144
12 114 120 123 124 129 130 131 135 137 138 141 142
7 114 119 125 129 134 136 144
6 116 117 119 130 141 143
3 113 114 144
10 114 116 119 124 129 133 136 137 138 142
10 114 118 119 120 121 128 129 134 137 138
11 115 116 117 123 124 131 135 138 139 140 142
2 118 128
5 125 128 130 134 141
10 116 118 120 122 125 132 135 138 142 144
6 118 119 126 129 135 138
19 113 115 116 117 118 119 121 124 126 127 129 131 132 136 138 139 140 143 144
7 119 123 132 137 139 140 141
5 117 131 139 143 144
9 113 121 123 124 125 131 137 141 142
5 119 123 130 137 141
12 113 114 124 125 127 128 131 138 139 140 141 144
8 114 118 119 120 129 134 143 144
14 113 115 117 118 122 126 127 130 131 132 135 139 141 144
4 116 117 119 137
11 113 120 124 127 128 134 135 137 138 141 143
10 113 117 118 124 129 130 131 133 134 141
3 119 135 142
11 115 116 117 124 128 131 135 138 139 140 142
3 123 135 143
5 128 133 139 140 144
14 114 115 117 118 119 121 122 129 131 133 136 140 142 144
12 114 117 118 119 120 121 122 127 134 136 139 140
12 114 117 118 119 124 131 132 134 135 136 137 139
3 117 119 141
5 120 129 132 134 144
6 116 119 126 137 140 141
10 115 117 118 119 122 125 128 129 130 134
10 115 116 128 129 130 131 134 139 140 141
5 115 120 123 124 125
11 116 118 120 122 132 135 136 138 139 142 144
9 115 117 118 121 130 132 133 134 136
8 114 119 125 127 128 131 139 141
14 113 114 120 121 124 126 128 132 133 139 140 141 142 144
8 118 120 125 127 132 136 138 139
2 116 132
5 121 124 129 143 144
10 117 123 124 126 136 137 138 142 143 144
5 120 121 123 132 142
12 113 116 123 126 127 132 133 135 136 139 140 141
3 124 132 137
8 115 116 122 123 133 139 140 143
18 113 115 116 117 118 119 120 121 124 126 129 131 132 136 137 138 143 144
9 113 117 121 124 125 137 140 141 142
11 115 117 118 121 124 126 129 136 138 139 142
7 115 118 121 133 134 136 143
4 121 122 125 142
4 118 126 135 142
9 114 118 119 124 129 135 137 139 142
2 120 139
8 118 121 126 128 132 133 139 142
4 117 124 137 144
11 114 116 119 120 129 133 136 137 138 140 142
12 114 118 119 120 125 126 129 133 134 136 143 144
4 116 119 139 141
4 115 128 130 137
11 115 120 121 127 128 129 133 140 141 142 144
10 118 119 120 125 126 127 129 133 134 143
9 114 119 120 129 130 131 135 138 141
6 118 119 126 130 137 141
4 119 134 135 142
8 114 115 118 119 129 133 139 141
8 114 119 120 124 127 130 138 141
3 121 122 132
8 115 116 127 129 130 134 138 143
4 120 124 132 137
5 128 131 134 138 141
11 119 120 121 125 126 127 129 133 136 143 144
10 115 116 118 121 134 136 139 140 143 144
10 115 117 119 120 121 122 129 130 134 138
6 121 125 127 128 140 142
12 114 117 118 119 122 125 129 132 133 136 140 144
11 113 117 118 126 130 131 133 134 135 137 141
4 123 126 131 136
6 113 117 123 131 140 141
7 115 116 118 123 139 140 143
6 121 124 125 130 134 142
5 116 128 130 131 138
13 113 119 120 123 124 125 128 130 131 135 137 141 142
9 116 118 121 125 132 136 138 139 144
7 113 120 125 127 136 138 144
7 113 121 122 125 128 134 142
13 114 117 118 119 120 121 122 125 128 129 130 134 138
6 122 125 127 128 134 140
3 117 137 143
3 116 130 143
8 117 123 131 133 140 141 143 144
17 114 117 118 119 120 124 127 129 130 133 134 137 138 139 142 143 144
12 113 114 115 117 118 120 122 127 134 136 139 140
7 115 119 123 128 130 134 137
4 121 125 128 132
7 121 122 125 127 128 140 142
6 115 121 122 129 135 142
6 116 119 123 126 132 141
11 116 117 122 126 127 133 134 136 140 143 144
7 123 128 130 133 134 135 141
5 113 117 121 132 142
3 131 135 136
6 114 115 127 129 130 143
8 117 124 131 134 135 137 139 141
14 114 120 122 123 124 125 129 132 133 135 136 139 142 143
8 113 117 121 124 125 137 140 142
4 117 121 132 136
4 130 131 135 142
12 114 115 117 119 120 121 125 128 129 130 137 138
11 114 115 116 128 129 130 132 134 135 140 141
4 119 122 126 139
12 113 117 120 121 122 123 124 125 126 127 136 137
7 116 122 123 133 134 139 143
10 116 126 127 133 135 136 139 141 142 144
6 113 117 123 131 137 141
7 113 117 123 125 131 140 142
7 116 122 123 127 130 136 137
15 117 118 120 121 122 123 124 125 126 127 133 137 142 143 144
2 120 122
5 117 120 124 132 144
5 119 122 123 132 142
6 113 117 121 125 132 136
7 114 116 119 129 130 138 141
6 130 131 132 134 140 144
5 120 121 138 143 144
14 113 114 115 121 122 123 130 132 133 134 136 139 140 144
10 117 118 123 128 132 133 137 138 139 144
14 113 116 118 120 121 125 126 129 131 135 136 138 140 142
9 114 116 122 123 132 135 136 143 144
19 114 115 116 117 118 120 121 125 126 127 131 132 135 136 138 139 141 143 144
18 113 114 120 121 122 123 126 127 129 130 131 133 136 138 139 140 141 144
9 114 121 122 123 131 136 137 139 141
19 113 114 118 119 120 122 124 125 126 128 129 132 133 134 136 138 140 141 142
13 115 118 119 122 124 125 126 130 135 139 141 142 143
20 114 115 116 117 118 119 121 122 123 124 125 126 127 128 129 130 133 136 141 144
17 114 116 118 119 121 122 123 129 130 131 132 135 136 138 139 140 141
20 113 114 116 117 118 120 121 122 124 125 126 128 129 130 132 133 135 136 141 143
9 113 117 119 127 128 130 132 134 142
13 113 120 124 126 127 131 132 133 135 136 139 141 143
14 118 119 120 124 126 129 131 133 136 138 139 141 142 144
11 117 121 122 123 130 131 132 138 139 141 142
19 113 114 115 116 117 118 119 120 122 126 130 131 133 134 136 137 138 142 144
22 113 114 115 116 118 119 120 121 122 123 127 128 129 130 132 133 135 136 137 138 141 142
11 119 120 121 122 124 127 133 134 138 139 142
16 113 116 117 120 121 123 127 128 129 131 133 136 139 140 141 144
15 116 119 120 121 122 123 125 127 128 131 133 135 138 139 141
19 114 115 116 117 118 119 120 123 124 127 132 133 134 137 138 140 141 143 144
15 113 114 115 116 117 120 121 124 126 130 133 136 138 143 144
10 117 122 126 129 132 134 136 140 141 144
12 115 117 123 125 126 127 128 129 131 136 138 141
13 113 115 124 127 128 132 133 136 137 138 139 142 143
14 115 118 119 121 123 124 125 126 129 133 135 136 141 143
11 113 115 116 117 118 123 129 131 134 137 143
18 113 114 118 121 122 123 126 127 128 129 130 133 134 137 139 140 141 143
14 118 119 121 122 123 126 127 128 129 132 133 138 140 144
15 113 118 119 121 122 123 124 125 126 129 133 134 138 141 143
9 113 116 118 119 122 123 124 136 138
20 113 115 117 119 120 122 123 124 127 129 130 131 132 133 135 136 137 139 140 144
20 113 115 116 118 120 122 125 127 129 131 132 134 135 136 137 138 140 141 143 144
17 114 117 118 120 122 124 126 132 134 135 136 137 138 140 141 143 144
11 116 119 127 128 129 131 134 135 139 141 144
13 113 116 118 120 122 124 128 130 136 137 139 140 144
15 116 119 121 123 127 128 129 130 132 133 135 136 141 143 144
12 115 116 117 118 123 128 129 130 132 133 140 144
18 115 116 117 118 120 123 124 126 129 133 134 136 137 138 139 141 142 143
16 113 115 117 118 121 124 127 129 134 135 136 139 140 141 143 144
21 114 115 116 117 119 121 123 124 125 126 129 130 131 133 135 136 139 141 142 143 144
16 113 114 115 116 119 121 124 127 128 131 132 134 136 140 141 144
20 113 115 116 118 123 124 125 126 130 131 132 133 134 135 136 138 139 141 143 144
16 113 117 118 119 122 123 125 127 135 136 137 138 140 142 143 144
15 113 118 119 121 122 123 127 129 130 133 135 138 141 142 144
16 115 120 121 122 123 125 126 127 129 130 131 134 136 138 142 144
19 114 115 116 117 119 121 122 124 126 127 129 130 131 134 136 140 141 142 143
20 113 114 115 116 121 122 124 125 126 127 130 131 134 136 137 139 141 142 143 144
17 113 115 116 117 119 121 122 123 126 129 131 134 135 136 142 143 144
14 115 116 117 119 121 122 123 126 127 131 134 136 139 140
11 117 126 127 128 129 135 137 138 139 143 144
20 113 114 116 117 118 120 121 122 123 126 128 129 130 132 133 134 139 140 141 144
21 114 116 117 118 119 120 121 122 123 126 127 129 130 131 133 138 139 140 141 143 144
19 114 116 117 118 119 120 121 122 123 124 126 130 132 137 138 140 142 143 144
21 113 114 115 116 117 118 121 123 124 125 127 130 132 133 134 136 137 138 139 143 144
17 115 116 118 119 121 122 124 126 128 130 131 132 134 135 138 140 143
19 113 114 119 120 123 124 125 126 129 131 132 133 135 138 139 140 142 143 144
11 116 124 125 127 130 132 133 134 135 142 144
21 113 114 118 119 120 121 123 124 125 128 130 131 132 134 136 137 138 139 142 143 144
22 113 115 116 117 118 119 120 122 123 124 125 126 127 129 130 132 134 136 138 139 142 143
17 116 120 121 122 123 125 126 131 132 134 135 136 138 140 141 142 144
19 114 115 117 120 121 122 123 126 129 131 132 133 134 136 137 138 139 140 144
10 119 121 122 126 130 131 134 135 136 142
10 115 118 122 127 134 135 139 141 143 144
13 117 118 123 126 128 129 130 134 135 136 140 142 144
16 114 115 118 119 120 122 127 130 132 134 136 137 139 142 143 144
21 114 116 117 119 120 121 122 123 124 125 126 127 128 129 135 136 137 138 139 142 143
12 114 115 116 118 120 122 127 128 129 132 140 143
21 116 117 118 120 121 123 125 126 127 128 129 130 131 133 134 135 136 141 142 143 144
15 113 114 115 116 119 120 125 126 127 128 129 133 140 141 142
16 113 115 117 121 122 124 125 127 134 136 138 139 140 141 142 144
15 113 114 115 116 121 122 123 127 129 130 132 133 136 140 141
22 114 115 117 119 120 121 123 127 128 129 130 131 133 134 135 137 138 140 141 142 143 144
19 113 114 115 117 118 119 122 124 125 126 128 130 131 134 138 139 140 141 143
18 118 119 120 121 123 124 125 126 127 129 131 133 134 135 137 138 141 143
20 113 114 117 119 120 121 122 124 125 127 129 132 134 135 137 138 139 142 143 144
19 114 115 116 117 118 119 120 121 127 128 129 133 134 135 137 138 139 143 144
16 113 114 115 116 117 118 119 122 123 124 125 127 128 134 135 141
18 113 114 115 116 117 118 122 123 127 128 130 132 133 136 138 140 142 143
15 113 115 121 124 125 127 128 129 131 134 135 136 139 140 142
20 113 115 116 117 118 119 121 123 124 125 128 129 130 131 132 135 139 141 142 144
18 114 115 116 118 119 120 121 122 125 128 129 132 137 138 139 141 142 144
17 113 114 115 117 123 125 127 128 129 131 132 133 136 137 140 141 143
11 113 114 124 127 130 131 135 139 140 141 143
13 114 115 122 123 124 125 127 128 134 137 138 140 142
22 113 115 117 118 120 121 124 125 129 130 131 132 133 134 135 136 137 139 140 141 143 144
19 113 115 117 119 124 125 127 128 130 132 134 135 136 137 138 139 140 141 142
18 113 116 117 118 119 120 121 122 123 125 126 128 129 133 136 137 138 139
13 113 115 117 118 119 128 130 131 132 133 138 139 142
13 116 117 118 120 121 122 126 127 128 130 138 141 143
11 114 116 119 129 131 132 136 138 141 143 144
18 114 115 117 118 119 127 129 131 132 133 134 136 137 138 139 141 142 143
14 113 115 116 117 118 119 124 128 129 132 134 136 140 144
15 114 118 119 121 122 126 127 128 130 133 134 136 138 142 144
17 116 119 120 121 124 125 126 127 128 129 131 132 133 138 139 140 143
19 113 114 115 116 117 118 119 120 122 123 124 125 128 130 131 133 134 141 142
12 115 116 119 124 129 130 134 138 139 140 141 143
15 113 115 119 120 121 122 124 130 132 133 134 135 137 139 140
18 113 114 115 116 117 124 128 129 132 134 136 137 138 139 140 141 142 144
21 113 114 115 117 118 119 120 122 123 124 125 127 128 130 131 132 133 135 140 142 143
11 114 115 121 122 126 127 129 130 135 137 138
9 113 125 126 127 129 130 131 137 138
11 115 122 123 124 125 131 132 135 136 137 144
19 116 118 119 120 122 123 124 125 126 127 128 129 133 135 137 141 142 143 144
15 113 115 118 119 122 123 126 129 130 133 134 138 139 141 143
13 113 115 122 123 129 133 134 135 136 140 142 143 144
12 114 115 116 117 120 122 129 133 139 140 142 143
12 113 115 119 120 123 130 131 132 136 137 140 143
19 113 117 118 120 121 122 123 124 126 128 130 131 132 134 135 137 138 142 144
15 113 115 116 117 118 119 120 121 126 127 133 137 139 140 144
21 113 114 116 117 118 120 122 124 125 126 130 132 133 134 135 136 137 139 141 143 144
18 113 114 118 119 122 123 125 126 127 128 130 133 134 135 139 141 142 143
11 114 116 123 124 126 128 132 138 142 143 144
13 114 115 120 122 125 127 128 129 138 139 141 143 144
21 114 116 117 118 119 120 121 122 126 128 129 130 134 135 136 137 139 141 142 143 144
21 113 114 118 119 120 121 123 124 125 126 127 129 130 131 133 135 138 139 140 141 144
16 113 116 117 118 119 123 125 126 127 128 131 135 137 140 142 143
12 113 115 117 123 124 125 127 131 133 136 138 141
15 114 118 120 123 125 126 128 131 132 133 134 135 139 142 144
10 117 118 119 126 128 129 130 131 132 144
10 120 125 126 130 136 137 139 141 142 143
10 118 121 125 128 130 131 134 135 139 144
16 115 116 117 118 123 125 126 128 132 133 135 136 137 138 140 142
14 113 117 118 119 120 126 129 130 131 133 136 138 141 144
17 113 114 115 118 121 122 123 125 127 128 129 131 132 134 135 138 143
14 118 120 121 123 126 128 131 132 134 137 138 139 142 143
12 118 120 121 123 124 125 126 127 128 133 137 138
13 113 114 118 119 124 126 128 133 134 138 139 140 141
12 115 118 125 131 133 134 135 136 137 138 140 144
9 116 118 120 122 124 132 133 142 144
16 113 114 115 116 119 120 123 124 126 127 129 131 132 139 141 142
21 113 114 115 116 117 119 120 121 122 123 127 128 129 130 132 135 138 139 141 142 143
20 116 117 118 119 120 122 123 124 125 130 132 133 134 135 136 138 139 140 141 142
10 114 116 117 118 122 128 132 138 142 144
18 113 114 115 116 118 120 121 123 124 130 132 134 135 136 138 139 142 143
17 113 115 116 119 120 121 122 126 130 131 132 135 137 138 141 142 143
13 116 117 119 120 121 127 130 134 137 138 140 142 144
18 114 115 117 118 121 124 125 127 128 131 133 135 136 137 140 142 143 144
16 113 114 115 117 119 122 124 125 128 130 131 135 136 138 140 141
16 114 116 117 118 119 120 122 123 125 133 136 137 141 142 143 144
10 113 115 120 123 129 135 140 141 143 144
10 119 123 126 127 133 136 137 140 142 144
11 113 114 117 125 129 130 132 134 135 138 140
19 113 114 115 116 117 118 119 122 124 131 133 134 136 137 138 139 140 143 144
21 113 114 116 117 118 120 121 122 124 125 127 129 130 131 133 134 136 137 139 142 143
16 113 115 116 118 119 121 122 123 127 131 132 134 137 139 142 144
17 115 116 117 119 122 124 126 127 130 131 132 134 135 138 141 142 143
12 115 118 122 123 130 131 133 135 136 138 139 142
11 116 118 119 120 126 128 130 139 142 143 144
18 114 115 116 118 122 123 125 126 128 129 130 132 133 134 139 141 142 143
21 113 115 117 118 121 122 123 124 125 128 129 130 131 132 133 134 136 137 138 139 143
15 114 115 116 118 119 121 122 123 124 126 128 134 136 137 138
13 115 118 122 125 126 127 128 130 138 141 142 143 144
13 113 116 118 119 127 128 129 130 131 132 135 138 142
15 113 114 115 117 118 122 124 127 128 132 135 138 142 143 144
18 114 115 117 120 122 123 125 127 128 129 132 134 136 137 139 142 143 144
22 113 114 115 117 118 120 121 123 126 127 128 129 130 131 134 136 137 138 139 141 142 144
21 113 114 115 117 118 119 120 121 128 129 130 131 132 133 134 136 137 140 141 142 143
15 114 115 118 122 123 125 127 128 129 131 132 134 135 136 143
14 114 120 121 122 123 126 130 131 132 133 135 140 142 144
15 113 117 118 121 123 124 125 126 128 129 137 138 141 143 144
15 114 115 116 117 122 123 128 132 134 136 138 139 140 141 144
12 113 115 116 118 121 126 128 137 138 139 141 143
21 113 115 116 118 119 120 121 123 125 126 127 128 130 131 133 135 136 140 141 142 143
13 113 114 115 125 126 130 131 134 135 138 139 141 142
15 114 117 118 121 123 127 131 135 137 138 139 140 142 143 144
16 116 117 119 121 122 125 126 127 129 130 131 134 137 140 142 144
20 115 116 117 118 119 120 121 126 128 129 132 133 134 135 136 137 138 139 140 141
16 113 116 118 119 120 122 124 128 130 131 132 134 136 137 140 141
16 113 115 116 117 118 123 126 127 128 129 131 132 134 140 142 143
18 113 115 116 118 119 120 121 122 125 128 129 130 131 134 135 137 140 142
19 113 115 116 118 120 122 123 124 125 126 128 129 130 132 134 138 139 140 143
16 113 114 119 121 123 127 128 130 131 132 134 135 136 138 139 143
19 114 115 119 120 121 122 123 125 127 129 130 131 132 134 136 139 140 143 144
19 115 118 119 121 122 123 124 127 129 131 133 134 135 136 139 140 141 143 144
17 113 114 116 118 120 121 124 130 131 133 134 135 137 138 141 142 144
18 114 115 118 119 122 124 125 127 129 131 132 133 134 137 140 141 142 143
11 120 121 124 125 131 134 135 138 139 140 144
14 114 120 122 125 126 130 132 134 135 137 139 141 143 144
17 114 115 119 121 124 127 128 132 133 134 135 136 137 138 139 140 141
16 115 119 120 121 122 124 125 127 129 130 132 135 137 139 142 144
17 114 115 116 117 119 123 125 127 129 131 135 136 137 138 139 142 143
20 114 115 117 118 120 121 122 126 127 129 130 131 133 134 135 136 141 142 143 144
21 113 116 117 118 119 120 122 123 124 127 128 134 135 136 137 138 139 140 141 142 143
13 114 119 120 122 127 129 131 134 138 139 142 143 144
15 113 116 118 121 123 124 126 127 129 131 132 137 138 142 143
15 115 116 120 123 125 126 128 131 132 134 135 136 137 140 141
17 113 114 117 118 119 124 125 127 128 130 131 132 135 138 139 143 144
10 114 116 117 124 131 134 135 136 141 143
13 117 118 120 121 124 128 129 130 131 135 136 137 144
22 115 116 118 119 120 122 124 126 127 129 130 131 132 133 134 135 136 138 139 141 143 144
19 113 114 115 116 117 118 119 120 121 122 123 125 126 130 135 136 140 142 143
11 119 124 126 128 130 134 135 137 138 139 141
12 118 120 123 124 125 126 132 133 134 135 138 141
19 114 116 117 118 120 121 122 124 126 128 129 131 133 134 135 137 139 140 141
13 113 114 116 117 120 122 129 130 133 139 140 143 144
18 114 117 118 119 120 122 124 125 126 128 130 131 132 135 136 139 141 142
21 113 114 115 116 117 122 123 124 125 126 128 129 130 131 133 134 135 136 137 141 144
10 113 115 117 118 120 121 130 131 139 142
22 114 115 117 118 120 122 123 125 126 127 128 129 131 132 133 134 136 137 138 141 143 144
14 113 114 115 119 120 123 125 128 129 131 136 137 139 142
21 114 116 117 119 120 122 123 124 125 126 127 128 129 131 132 134 137 138 141 142 143
20 113 114 116 119 121 122 123 124 127 130 131 132 135 136 139 140 141 142 143 144
12 113 117 118 119 122 124 126 127 138 141 142 143
11 113 115 117 119 123 128 130 131 137 141 142
17 113 117 120 122 123 125 128 129 130 131 134 135 137 139 140 142 143
9 118 119 120 121 122 125 129 132 139
13 147 151 152 153 154 156 158 161 162 163 165 166 170
8 146 147 151 159 165 166 168 170
4 147 158 160 161
7 157 158 162 163 165 166 169
4 156 159 161 165
12 145 146 150 152 154 155 156 160 162 166 167 170
11 148 151 152 153 158 159 160 162 165 166 167
9 148 152 154 156 158 159 163 164 165
8 149 151 152 154 155 168 169 170
6 146 147 155 156 161 170
4 149 152 159 168
8 148 152 153 155 158 160 163 164
8 149 151 153 157 165 167 168 170
15 145 146 148 150 151 153 154 157 158 162 164 166 167 169 170
6 145 148 150 152 153 170
7 147 155 156 160 161 163 165
11 145 146 148 149 150 152 154 164 166 169 170
7 146 149 155 157 160 163 169
6 147 151 152 158 161 169
10 145 149 150 154 156 157 161 162 167 169
6 147 153 157 159 169 170
4 146 148 159 167
6 146 150 152 154 156 159
14 145 147 148 149 151 153 155 158 159 160 162 163 165 166
22 146 147 148 149 152 153 154 155 157 158 159 160 161 162 163 164 165 166 167 168 169 170
15 147 151 153 155 156 157 158 159 160 161 162 163 165 167 168
10 145 148 151 152 153 154 165 167 168 169
7 147 150 152 154 155 156 166
9 148 152 154 155 160 165 168 169 170
5 145 152 160 161 164
4 145 150 151 156
8 145 146 151 153 157 159 161 166
10 145 147 148 151 152 154 156 159 167 169
10 147 150 151 153 157 161 162 167 168 169
7 148 150 158 162 166 167 170
5 151 154 161 164 168
13 146 147 148 150 152 154 155 158 162 164 165 166 169
3 147 157 162
4 149 162 163 166
9 147 151 153 154 156 159 161 164 165
19 145 147 149 151 152 153 154 155 158 159 160 161 163 164 165 166 168 169 170
9 145 146 148 153 157 158 159 168 169
10 148 150 153 154 158 159 165 167 168 170
7 145 146 149 155 160 166 170
11 146 147 149 151 155 156 157 162 163 166 169
14 145 147 150 153 156 157 158 160 161 162 163 164 165 166
15 145 146 147 149 150 154 155 156 157 161 163 164 168 169 170
6 150 157 158 159 160 164
8 145 148 155 162 163 164 166 169
11 145 147 148 149 150 153 155 158 163 168 169
13 145 149 151 153 156 157 159 160 161 163 167 168 170
9 147 149 150 156 158 162 163 164 167
9 146 150 154 156 157 164 167 168 169
14 147 148 149 151 153 157 158 159 161 163 164 165 168 169
3 152 161 170
8 146 147 149 155 156 159 160 167
11 145 146 150 154 157 158 162 163 164 165 166
9 149 151 160 161 162 163 164 165 167
8 145 146 148 155 159 164 167 169
10 145 148 151 152 156 160 161 163 167 170
3 145 152 168
8 149 150 153 154 159 164 165 168
14 146 153 155 156 157 159 160 162 164 165 166 167 168 170
16 146 149 150 153 155 157 158 160 161 162 163 164 165 166 168 170
7 146 148 150 156 157 162 167
20 145 146 148 149 150 151 152 154 155 156 158 160 161 162 163 164 165 166 167 168
5 146 155 158 166 169
11 146 151 152 154 157 160 162 164 166 167 170
15 147 148 149 151 152 153 155 156 159 160 161 167 168 169 170
1 170
6 145 148 149 150 154 163
5 149 150 157 160 168
4 145 146 167 169
7 148 152 154 156 158 164 165
6 150 154 158 162 165 166
4 149 151 153 157
8 145 147 149 150 153 155 163 168
3 150 151 156
3 147 158 160
9 146 147 150 156 157 161 164 168 169
5 147 151 152 161 169
2 156 165
10 147 149 152 155 159 161 167 168 169 170
4 150 156 157 164
3 152 160 164
6 149 151 162 163 164 167
4 147 152 158 169
6 145 155 162 163 164 169
6 146 152 155 160 166 170
3 152 160 164
3 146 149 155
4 147 153 159 170
12 145 147 151 152 153 154 158 161 163 164 166 169
7 151 161 162 163 164 165 167
2 148 167
3 146 154 156
4 147 155 156 159
4 147 151 165 170
4 152 154 156 159
3 152 159 168
5 149 155 157 163 169
4 151 152 158 169
6 151 152 154 168 169 170
5 148 152 160 163 164
7 148 152 156 160 161 163 170
2 148 159
8 145 147 150 153 155 163 168 169
8 149 150 154 156 157 163 169 170
5 148 153 158 163 164
5 146 147 151 159 166
5 146 149 159 160 167
7 146 151 154 160 162 164 170
9 150 153 155 157 161 163 165 166 170
12 146 148 151 153 157 158 162 164 166 167 169 170
13 147 148 149 151 152 153 155 156 161 167 168 169 170
7 145 147 149 155 158 162 163
5 150 154 164 165 168
11 145 147 152 153 155 158 161 163 164 165 169
3 146 156 161
5 145 151 153 157 159
6 146 147 149 156 160 167
9 149 154 155 156 161 163 164 168 170
2 149 168
7 147 148 152 154 156 167 169
2 148 167
4 150 157 160 168
4 146 154 156 159
7 146 150 154 156 167 168 169
3 146 148 150
5 146 150 156 157 164
5 147 160 161 163 165
8 146 153 156 159 160 164 166 167
5 151 157 161 168 169
8 147 148 149 153 157 159 164 169
17 145 146 148 149 150 151 152 156 158 160 161 162 163 164 165 167 168
5 148 152 154 168 170
2 156 161
8 146 147 149 151 155 156 157 169
3 146 156 162
6 145 148 153 154 168 169
5 147 157 159 169 170
4 157 162 163 165
3 158 159 160
1 152
3 145 148 150
2 145 152
2 155 166
3 146 155 158
8 145 146 149 150 152 166 169 170
8 145 148 151 152 153 154 165 167
5 146 153 157 161 166
3 153 157 159
7 150 156 157 158 160 161 163
2 145 152
5 150 159 164 165 168
9 147 153 157 158 159 163 164 165 169
2 157 160
5 148 155 164 166 169
3 150 151 156
8 145 150 154 157 158 163 164 165
2 145 156
3 151 152 161
6 145 152 165 167 168 169
4 155 160 166 170
4 150 152 154 156
7 146 149 150 164 166 169 170
6 146 153 157 158 159 169
4 148 164 166 169
5 147 153 162 167 169
4 149 153 157 165
4 147 155 161 165
7 148 152 153 155 158 160 163
11 146 147 149 150 156 157 161 164 168 169 170
7 145 146 148 150 164 169 170
5 153 157 159 169 170
11 148 149 151 152 155 156 159 160 161 167 169
5 145 147 152 154 169
4 150 164 167 168
3 149 150 168
5 157 165 167 168 170
7 148 151 158 159 160 162 166
4 147 157 159 169
6 146 149 155 157 160 163
9 147 155 159 160 161 162 163 165 167
5 147 155 160 161 163
3 154 156 159
4 150 157 162 167
2 147 162
4 145 148 159 164
4 148 150 166 167
9 145 146 150 152 155 156 160 166 167
7 145 148 152 154 159 167 169
7 151 153 157 165 167 168 170
2 162 166
5 151 159 161 164 165
9 145 147 153 156 157 160 161 162 164
5 147 150 152 155 156
3 146 148 167
6 148 152 159 160 165 166
3 147 155 161
7 146 150 157 158 162 165 166
2 161 170
6 147 150 152 154 155 166
5 146 147 159 168 170
5 147 150 154 155 156
1 170
8 146 149 150 154 157 161 163 170
6 152 154 158 163 164 165
12 145 146 147 149 150 157 161 163 164 168 169 170
4 145 160 161 164
6 147 151 153 167 168 169
6 145 146 151 157 161 166
8 148 150 153 154 158 159 165 168
4 152 153 155 158
6 150 154 157 164 167 168
7 147 151 153 154 156 159 164
10 145 147 149 150 154 157 164 168 169 170
1 152
5 149 151 157 167 170
6 148 150 154 159 168 170
3 151 161 169
3 155 166 169
5 147 150 156 158 167
11 145 146 148 149 150 155 158 160 163 165 166
6 145 148 155 159 164 169
2 151 156
15 145 147 151 152 153 155 158 159 160 161 163 164 166 169 170
8 148 149 153 158 159 161 164 169
3 145 150 151
10 145 146 148 149 150 151 152 160 166 167
7 148 152 159 160 162 165 167
6 146 147 151 159 165 170
4 152 154 155 166
4 148 152 155 158
3 150 151 156
7 148 153 159 165 167 168 170
6 148 158 162 166 167 170
3 147 158 160
1 161
5 147 157 159 169 170
12 147 153 155 156 157 159 161 162 163 165 167 168
2 147 162
11 145 146 147 149 150 155 157 161 163 164 169
11 147 148 152 153 155 159 160 161 167 168 170
7 151 153 157 165 167 168 170
5 151 152 154 155 169
5 149 154 157 162 169
13 146 149 150 153 157 158 160 161 162 164 165 166 170
5 148 155 158 160 163
6 152 153 155 158 163 164
5 155 156 160 161 163
4 151 159 165 168
4 150 153 154 159
3 146 149 160
3 148 159 167
9 145 151 153 156 161 163 167 168 170
7 152 160 162 164 166 167 170
2 152 168
2 145 152
10 147 150 156 158 160 161 162 163 165 166
3 149 152 159
7 148 154 155 160 168 169 170
3 159 161 165
4 156 158 163 164
4 146 158 159 168
6 146 150 154 156 157 164
6 148 152 158 159 162 167
6 151 159 165 166 168 170
4 148 160 168 169
9 148 151 152 153 158 159 160 162 165
6 154 158 159 165 167 168
9 145 148 149 150 152 154 164 169 170
5 148 153 159 167 168
6 148 150 153 155 158 163
6 151 153 157 159 161 166
4 149 151 161 163
2 147 157
9 147 148 149 151 153 155 160 161 169
9 147 150 153 156 160 162 163 164 166
10 147 149 151 152 153 155 159 163 164 166
4 151 165 168 170
7 145 146 154 157 162 165 166
3 156 161 165
5 151 161 162 164 167
7 145 148 151 153 154 168 169
9 151 153 156 159 160 167 168 169 170
4 146 150 154 159
5 145 155 160 166 170
4 147 151 152 158
2 160 161
5 151 152 155 168 169
3 154 156 166
9 145 146 148 149 152 154 166 169 170
4 145 155 162 166
3 145 148 153
4 147 165 166 170
5 148 155 160 165 168
5 147 152 154 155 166
3 147 153 159
3 149 157 160
2 161 168
4 146 151 166 170
12 147 148 149 151 153 158 159 161 163 164 165 168
5 149 153 154 159 164
2 145 168
8 145 149 150 156 157 161 167 169
9 146 151 154 157 160 162 164 166 170
11 145 146 147 149 154 155 156 157 161 163 170
13 145 146 148 149 150 152 155 156 158 160 163 164 168
5 146 147 155 156 170
6 148 155 163 164 166 169
6 148 152 156 158 163 164
7 148 151 152 153 159 162 166
6 148 154 165 168 169 170
6 146 147 149 155 156 167
2 149 152
7 146 148 152 154 164 169 170
5 145 148 163 164 166
4 145 146 148 159
3 145 148 152
10 147 150 153 157 158 160 161 164 165 166
1 147
12 145 147 150 153 156 158 160 161 162 163 165 166
2 150 156
5 147 155 159 160 167
6 146 147 149 155 156 160
10 145 146 152 154 155 156 160 166 167 170
2 147 162
6 149 151 153 167 168 170
7 146 147 151 159 165 166 170
7 152 157 160 162 166 167 170
4 145 148 163 169
6 145 148 162 163 164 169
5 145 148 157 159 169
2 163 166
10 146 153 155 160 164 165 166 167 168 170
5 160 161 163 164 167
5 146 151 157 162 169
10 147 156 157 158 160 161 162 163 165 166
4 148 150 166 170
11 147 149 151 153 155 156 161 167 168 169 170
1 152
5 152 153 158 163 164
6 147 155 156 161 163 165
3 146 159 167
3 145 148 153
3 147 156 161
13 151 153 156 157 158 159 160 161 162 163 165 167 168
5 147 150 152 155 156
6 146 150 154 157 164 167
7 145 147 151 152 154 156 167
4 150 152 156 159
13 146 149 150 157 158 160 161 163 164 165 166 168 170
3 149 160 168
8 151 152 154 160 162 164 166 170
5 150 154 159 164 168
6 152 154 161 162 163 170
13 147 149 151 152 153 155 158 159 161 163 164 165 168
6 148 153 159 160 162 165
4 146 147 161 170
8 148 151 152 153 165 167 168 169
7 149 152 154 155 168 169 170
11 147 148 149 153 159 161 163 164 165 168 169
8 148 149 159 160 162 163 165 166
4 146 155 159 167
8 145 156 157 159 161 163 167 170
4 150 154 155 156
3 152 154 159
13 145 148 149 150 151 153 158 163 164 165 166 167 168
8 156 157 159 160 162 164 167 168
11 145 146 149 154 156 157 161 162 163 165 169
16 147 148 150 151 152 155 156 158 159 160 162 163 164 166 168 169
14 146 147 148 149 150 151 153 160 161 165 167 168 169 170
14 145 146 151 153 155 158 159 160 161 162 163 166 168 170
15 145 148 149 150 153 154 156 157 158 161 162 163 166 168 169
15 145 149 150 151 153 154 155 156 160 162 163 165 166 169 170
11 147 148 149 150 152 153 157 163 164 167 169
8 145 151 153 155 157 159 166 168
11 146 153 155 156 158 159 160 161 162 163 167
11 146 148 149 150 152 153 155 156 158 162 167
16 145 146 149 150 153 154 158 159 160 162 163 164 166 167 168 170
16 146 148 149 150 151 152 155 156 159 160 161 163 165 167 168 169
14 145 146 147 150 152 155 159 160 161 163 165 166 168 170
15 145 146 147 148 149 150 151 154 159 162 163 165 167 168 170
16 148 150 152 154 157 158 159 161 162 163 164 165 167 168 169 170
16 146 147 149 151 152 153 155 157 158 160 161 162 165 166 169 170
8 146 147 149 151 152 157 159 169
11 148 151 154 155 156 158 161 162 163 164 165
15 147 150 151 152 154 156 157 158 159 160 161 162 163 164 166
10 147 149 150 151 152 154 156 159 162 169
12 145 146 148 151 154 155 156 157 162 165 166 170
9 148 149 150 153 160 161 166 168 170
10 147 148 150 151 155 161 162 164 167 170
16 145 147 149 150 153 154 157 160 162 163 164 165 166 168 169 170
16 145 146 147 148 149 150 151 153 156 157 161 162 163 165 168 169
13 146 147 150 151 152 154 156 158 163 167 168 169 170
8 145 150 153 157 160 162 163 165
8 147 149 155 159 160 163 164 168
14 145 146 150 152 153 154 156 157 158 160 163 167 169 170
15 146 147 148 151 152 153 154 155 156 157 158 159 161 165 167
12 145 147 148 153 155 156 159 164 165 168 169 170
17 145 146 148 149 151 152 154 158 159 161 162 165 166 167 168 169 170
15 147 149 151 153 154 155 156 157 158 159 160 162 163 164 167
8 145 148 159 162 164 165 168 169
13 146 149 151 152 154 159 160 161 162 163 164 169 170
13 145 147 148 152 155 156 158 159 160 162 163 165 169
15 148 150 151 153 154 155 157 158 159 160 161 162 166 167 170
12 146 148 151 153 154 158 159 161 163 165 166 169
17 145 146 147 149 150 151 152 153 154 156 157 160 161 162 165 166 169
17 145 146 147 149 152 153 154 156 157 160 162 165 166 167 168 169 170
17 145 147 149 150 151 152 154 155 156 158 160 162 163 164 166 167 169
15 145 147 150 151 152 153 155 156 158 159 163 164 165 167 169
10 145 146 151 153 154 157 161 163 166 167
10 145 148 149 150 151 154 158 162 163 168
10 146 149 152 153 158 161 163 166 167 169
17 145 147 148 149 151 152 153 154 158 159 160 161 164 165 166 169 170
11 145 146 149 153 162 164 166 167 168 169 170
11 145 149 151 153 154 155 159 160 165 167 168
13 147 149 151 152 155 159 163 165 166 167 168 169 170
15 146 147 151 152 156 159 160 161 163 164 165 166 168 169 170
15 145 147 151 153 154 157 158 159 160 162 163 164 166 167 170
15 145 147 150 153 154 155 156 157 158 159 160 161 162 163 169
7 147 148 149 154 155 159 168
12 146 149 152 154 156 157 158 160 163 164 167 168
8 148 149 155 159 160 163 164 170
8 146 157 158 161 163 166 167 169
9 149 152 153 154 156 163 164 165 167
17 145 146 148 149 151 152 153 155 156 157 158 161 162 163 168 169 170
11 148 150 151 152 154 157 158 163 164 167 169
17 145 147 150 151 153 155 157 159 160 162 163 164 165 166 167 168 169
14 145 147 149 150 151 152 153 154 155 160 163 165 166 169
15 145 149 152 153 154 157 159 161 162 163 164 166 168 169 170
13 145 146 148 149 150 151 155 156 157 158 162 168 169
11 148 149 150 152 155 157 159 163 166 168 170
9 145 148 150 151 153 154 159 160 161
12 149 150 152 153 156 157 162 163 164 166 167 170
8 145 148 152 158 160 168 169 170
17 146 148 149 150 153 154 155 157 158 161 162 164 165 166 167 169 170
14 146 148 149 151 152 156 157 158 159 160 163 164 165 168
17 146 148 149 150 151 152 154 155 156 157 160 161 163 164 167 169 170
11 146 147 149 150 154 155 156 159 160 162 166
8 147 151 154 157 161 162 163 165
15 149 150 152 153 155 156 157 159 161 162 163 164 166 169 170
8 145 149 151 152 163 166 167 169
8 148 149 151 152 153 159 163 169
11 146 152 155 157 159 160 161 163 166 168 170
8 154 156 158 160 161 164 166 169
9 146 148 150 154 158 160 161 162 167
13 145 148 150 152 154 156 159 161 162 165 166 167 170
9 145 146 148 149 151 155 156 160 170
13 145 146 150 158 160 161 162 163 164 167 168 169 170
15 147 150 152 153 154 155 156 157 159 161 162 164 168 169 170
17 145 147 148 149 151 153 154 155 159 160 161 162 164 166 168 169 170
8 146 148 151 155 157 160 164 168
9 145 146 148 152 157 160 161 164 168
12 149 151 153 155 156 157 160 161 162 165 168 170
12 147 154 156 158 159 163 164 166 167 168 169 170
10 147 149 150 151 153 154 155 158 160 167
14 145 148 149 150 154 156 157 160 161 164 165 167 168 170
14 145 148 150 151 154 156 157 158 160 161 167 168 169 170
11 145 146 151 154 155 156 160 162 164 169 170
17 145 146 148 150 152 153 155 156 157 159 160 161 164 165 166 169 170
12 146 149 153 157 160 161 162 163 164 165 166 167
13 148 149 150 153 154 161 162 163 165 167 168 169 170
17 145 146 147 150 153 154 155 156 157 159 160 161 162 163 164 168 170
14 146 147 149 153 155 156 158 160 161 162 164 166 167 170
13 145 147 149 152 153 155 157 159 160 162 163 165 170
8 148 150 154 157 158 163 167 168
14 148 149 153 154 156 157 159 160 161 162 165 166 167 170
17 145 147 150 151 153 155 157 158 159 160 161 162 163 164 165 166 169
15 145 148 149 150 154 156 157 159 160 163 165 166 167 168 170
17 145 146 147 148 149 150 151 154 158 159 162 163 165 166 168 169 170
9 146 152 155 156 160 164 165 168 170
10 146 147 149 154 160 161 165 166 167 170
16 145 149 150 151 154 155 157 158 159 160 163 164 165 167 168 170
16 146 147 149 150 152 155 156 157 159 160 161 163 164 165 166 170
16 146 147 148 149 151 152 156 157 158 159 160 161 162 165 166 169
13 146 147 150 152 153 154 155 158 159 160 164 165 166
14 146 147 149 150 152 153 155 159 160 161 164 166 169 170
12 146 148 149 151 153 155 157 159 162 166 167 170
13 149 152 153 155 156 157 158 161 164 165 166 168 169
11 145 146 148 151 152 155 156 163 165 167 170
9 151 153 154 157 159 160 163 164 167
11 145 147 150 151 157 158 159 162 163 168 169
9 148 149 150 152 157 158 163 164 166
13 146 147 148 149 150 153 155 156 157 159 160 166 169
17 145 146 147 148 149 151 152 154 157 158 159 160 164 166 167 168 169
8 149 151 152 155 161 164 169 170
13 146 147 149 153 154 156 158 159 161 162 165 166 168
14 146 147 148 149 152 154 156 158 159 160 162 163 165 167
16 146 147 150 153 155 156 157 158 159 160 161 164 166 168 169 170
11 146 148 150 155 156 162 164 165 167 169 170
8 150 154 155 156 157 158 165 166
15 148 149 150 151 152 153 156 157 158 160 164 165 167 168 170
13 148 149 152 153 154 155 157 158 160 161 163 166 170
8 148 149 154 155 161 163 164 166
18 145 147 148 149 150 151 152 153 154 156 157 159 161 162 165 166 167 168
17 145 146 147 149 152 153 155 156 157 159 160 161 162 163 166 168 169
16 145 146 148 149 150 152 153 156 159 160 161 162 164 167 169 170
8 150 152 154 155 162 163 166 168
8 145 148 151 155 159 163 166 169
11 145 146 147 148 149 154 162 165 166 168 169
11 147 148 151 153 158 159 160 162 166 168 169
17 145 147 148 149 150 151 152 160 161 162 163 164 165 166 167 168 170
10 147 150 152 153 155 157 160 166 168 169
14 145 146 147 149 150 153 157 158 160 162 165 166 168 170
14 148 149 152 154 155 156 157 158 159 161 162 166 167 170
10 145 148 151 153 160 162 165 166 168 170
17 146 147 148 149 150 152 153 154 156 157 159 160 162 163 164 165 168
13 147 148 150 151 152 154 155 156 158 161 165 167 168
8 147 148 157 159 160 168 169 170
12 145 146 149 151 153 155 158 161 163 165 169 170
7 146 147 160 162 164 168 169
9 148 151 152 154 158 159 163 169 170
8 146 147 149 150 151 162 166 167
11 154 156 158 159 161 162 163 165 166 168 170
9 153 154 155 157 158 165 166 168 170
12 145 146 147 150 151 152 153 157 158 160 165 166
16 147 148 151 152 153 154 157 158 159 161 164 165 167 168 169 170
10 146 148 150 153 160 161 165 168 169 170
9 145 148 150 151 153 160 161 164 166
8 145 150 153 159 161 162 166 169
9 146 148 156 157 160 161 162 163 168
12 148 150 151 152 157 159 160 163 164 168 169 170
16 145 146 147 148 151 152 154 158 159 160 161 162 164 166 167 168
8 146 150 152 155 156 162 166 167
8 145 146 150 154 159 164 166 168
11 146 148 149 150 152 155 158 160 166 167 170
15 145 148 149 150 151 152 153 155 158 159 162 164 165 167 168
16 145 146 149 151 152 153 155 156 158 159 160 162 164 166 167 170
15 145 146 147 150 152 157 158 159 160 161 165 166 168 169 170
10 145 146 155 156 159 161 162 164 165 170
11 145 147 148 150 155 156 158 161 162 165 169
13 148 151 152 153 154 158 160 161 162 166 168 169 170
17 145 146 147 148 149 150 151 153 155 156 158 160 161 165 166 167 169
9 145 147 149 150 151 152 154 163 170
13 145 146 147 150 151 154 155 156 159 161 162 167 170
18 145 146 148 149 150 151 156 158 159 160 162 163 164 165 166 168 169 170
14 147 148 149 150 151 154 155 157 160 165 166 167 168 170
15 147 148 150 151 153 155 159 160 161 163 165 166 167 169 170
16 145 146 147 148 149 151 152 153 155 156 157 159 162 165 168 169
11 147 152 155 156 158 159 161 164 165 166 167
15 147 151 155 158 159 160 161 162 163 165 166 167 168 169 170
18 145 146 147 148 150 151 153 154 155 156 157 158 159 160 161 162 163 164
15 145 147 148 150 153 154 156 158 160 161 162 164 166 167 170
7 145 152 153 154 159 163 168
8 147 150 152 154 160 162 164 165
13 146 148 150 152 153 158 159 161 162 163 164 167 170
8 149 150 154 155 157 164 166 168
17 145 146 147 148 151 152 153 154 155 157 161 162 163 164 166 167 168
9 145 151 153 154 155 156 165 167 169
11 145 148 151 153 154 159 161 162 163 168 170
8 145 152 153 156 157 161 164 170
9 148 149 152 155 162 163 166 167 169
11 145 147 149 152 153 159 161 162 163 166 170
8 147 150 151 153 155 159 165 170
15 145 146 148 149 150 152 157 158 159 160 161 162 163 164 166
16 146 148 150 151 152 153 154 156 159 160 163 165 166 167 168 170
14 145 146 148 150 154 156 157 159 160 161 162 166 167 168
11 145 147 150 151 152 155 158 161 162 163 169
10 146 152 153 154 157 159 160 164 165 168
13 145 146 148 150 151 152 154 156 158 163 164 165 169
18 145 147 149 150 151 154 155 156 159 160 161 162 163 164 167 168 169 170
11 147 150 153 155 156 159 162 163 165 168 170
14 148 149 150 152 153 156 157 162 163 164 165 166 169 170
8 153 156 159 161 162 164 166 167
14 145 147 148 150 153 156 157 159 160 161 163 165 168 169
17 145 146 148 149 150 152 154 157 158 159 160 163 164 165 167 168 170
13 145 146 147 149 150 156 157 158 163 164 168 169 170
12 146 147 148 150 152 153 154 155 163 167 168 169
15 145 146 149 150 152 153 156 159 160 161 162 164 166 168 170
14 145 147 149 150 153 154 155 156 158 161 163 164 167 168
7 153 155 158 160 164 168 169
8 145 148 152 157 159 161 162 169
12 145 147 148 149 155 156 157 159 164 165 168 169
11 145 146 148 149 151 154 156 159 164 165 167
17 146 147 149 150 151 153 154 155 156 157 159 160 161 164 166 167 169
15 147 148 150 151 153 154 156 158 160 161 163 164 166 167 168
8 152 155 156 157 160 166 169 170
8 148 150 151 153 155 160 168 169
11 146 147 150 154 157 158 160 161 163 165 166
8 145 149 151 161 163 164 165 170
13 149 150 151 153 154 155 157 158 160 162 163 167 169
8 149 151 156 157 158 160 161 167
10 145 147 152 156 158 160 161 163 164 170
17 145 146 151 152 154 156 157 158 159 160 162 163 164 167 168 169 170
10 145 148 149 159 161 163 165 166 168 170
9 145 147 148 150 151 156 158 166 167
17 146 147 148 149 153 156 157 158 159 160 163 164 165 166 167 168 170
10 149 151 155 156 157 162 164 165 166 169
13 146 148 149 150 151 154 158 159 163 165 167 168 169
13 146 150 153 155 156 157 158 159 161 164 168 169 170
12 149 152 154 156 157 158 160 164 165 167 168 169
10 145 148 151 157 159 160 161 163 166 169
17 146 147 150 151 152 153 154 156 159 161 162 163 165 166 168 169 170
8 146 150 152 155 162 165 166 168
11 146 149 151 153 154 155 158 160 163 169 170
16 146 149 154 155 156 157 158 160 161 162 164 165 166 167 168 169
12 148 149 151 152 155 157 160 163 164 165 167 168
17 145 147 149 155 156 157 159 160 161 162 163 164 165 166 167 168 170
16 145 146 147 148 150 152 153 157 158 159 160 163 165 167 168 169
12 146 148 149 150 151 153 157 158 162 165 167 168
13 146 147 148 152 155 157 159 160 166 167 168 169 170
12 145 150 151 152 153 154 155 158 160 161 162 165
10 145 148 151 152 157 161 162 163 165 167
11 145 147 150 153 155 156 157 158 160 162 165
17 145 146 149 151 152 155 156 158 159 160 162 164 166 167 168 169 170
17 145 146 147 148 149 152 153 154 158 159 160 161 162 163 167 168 170
10 145 147 151 153 158 159 162 166 167 169
8 149 153 155 156 157 160 162 163
9 147 157 160 161 163 164 166 167 169
13 146 149 150 151 154 156 160 163 164 165 166 167 168
8 145 147 154 156 161 162 164 166
15 145 146 147 148 150 152 153 155 156 157 160 161 166 167 170
16 145 147 148 149 150 154 155 157 160 162 164 165 167 168 169 170
12 146 147 150 152 153 154 160 162 165 167 168 170
13 145 148 151 152 154 155 157 160 161 162 168 169 170
16 145 146 147 148 149 150 153 156 157 159 161 162 165 166 167 170
13 147 150 151 152 154 155 156 158 159 161 164 166 170
9 145 148 150 152 160 165 166 167 169
15 145 146 149 152 153 154 155 156 157 158 162 165 166 167 170
14 149 150 151 153 157 158 159 161 164 165 167 168 169 170
10 145 146 149 153 155 157 158 160 161 162
16 147 148 149 150 152 156 157 159 160 161 162 163 164 166 167 170
11 150 151 153 156 157 158 161 164 165 167 169
13 145 148 149 150 153 156 158 161 163 164 165 166 168
14 145 146 148 151 153 154 155 156 157 162 163 165 166 170
9 145 148 151 156 157 159 165 166 168
9 154 156 158 159 160 161 162 166 167
15 145 146 148 149 150 151 153 154 156 159 162 164 165 166 170
7 147 149 150 152 154 166 170
9 146 147 154 155 157 160 163 165 170
9 152 153 156 157 159 161 164 167 169
16 146 147 149 150 151 154 155 156 157 158 160 162 164 166 167 169
8 149 151 154 155 157 159 167 169
10 146 148 153 154 155 157 159 161 167 168
13 145 147 150 155 156 159 160 161 163 167 168 169 170
8 146 147 148 152 155 159 161 162
17 145 146 147 150 151 153 154 155 158 159 161 163 165 166 167 168 170
14 145 147 148 149 150 151 154 155 160 161 163 166 168 169
9 146 150 159 160 161 162 165 166 167
13 145 149 151 153 155 156 157 158 161 164 167 169 170
11 146 148 149 151 152 153 154 155 160 161 164
17 145 147 148 149 150 151 154 155 158 159 160 161 162 166 168 169 170
11 146 148 149 153 154 158 159 160 161 167 170
17 147 148 149 151 155 156 157 158 159 160 161 162 163 165 167 169 170
14 145 147 148 149 150 156 157 158 161 164 165 167 168 169
11 148 151 152 154 155 156 159 164 165 166 168
8 148 149 150 151 155 157 158 163
16 145 146 148 149 150 151 152 153 157 158 160 162 164 165 166 170
14 147 149 150 153 154 155 158 159 161 162 164 165 168 169
18 145 148 150 151 152 153 154 155 156 157 159 162 164 165 166 167 168 170
9 152 153 154 161 162 165 166 167 168
17 145 147 148 150 151 152 153 154 158 160 161 162 164 165 166 169 170
10 148 149 151 152 154 155 156 163 169 170
18 145 146 148 149 151 154 155 157 158 159 160 161 162 164 167 168 169 170
9 148 153 154 155 157 158 161 168 169
9 146 151 154 155 156 159 162 163 166
15 146 151 152 155 156 158 159 160 161 162 163 164 168 169 170
17 146 147 149 151 152 153 156 157 158 160 161 162 163 164 166 168 170
11 146 147 149 152 154 157 158 164 165 166 168
10 146 147 152 155 158 159 160 161 163 169
10 148 152 154 155 158 159 162 163 167 168
15 146 147 149 151 152 153 157 158 159 160 163 166 167 169 170
8 145 146 150 151 152 154 157 164
11 147 148 150 151 152 157 158 159 162 163 165
13 146 148 150 152 153 156 157 158 165 166 167 168 170
7 150 154 157 161 163 167 170
14 146 147 148 150 152 153 154 155 158 165 166 168 169 170
16 145 146 152 153 154 155 157 158 159 160 161 163 165 166 167 170
