130 1466
22 1 2 3 4 5 6 7 8 9 10 11 12 13 14 15 16 17 18 19 20 21 22
10 1 3 4 8 10 16 17 20 21 22
9 3 4 7 9 11 14 16 17 21
12 1 4 5 6 9 10 12 14 15 17 18 20
10 1 3 7 11 12 13 18 19 21 22
10 1 2 6 7 8 10 13 15 17 18
10 1 6 8 10 13 15 19 20 21 22
10 1 5 6 8 9 10 12 13 16 21
11 2 3 5 6 7 9 10 11 12 18 20
8 4 5 8 9 10 14 18 21
15 1 2 3 4 5 9 10 11 14 15 16 17 18 19 20
8 3 8 9 14 16 17 20 21
10 1 2 3 4 6 7 14 15 21 22
7 1 2 4 9 11 17 18
8 1 2 3 9 10 13 20 22
13 3 5 6 7 8 9 10 11 13 15 17 20 21
11 5 6 9 10 11 12 13 14 20 21 22
11 1 2 8 9 10 11 16 17 20 21 22
6 13 14 16 17 18 22
9 1 2 3 6 9 10 11 15 17
15 1 2 3 4 5 6 7 9 11 12 14 15 17 18 21
15 1 2 3 4 5 6 7 9 10 11 12 14 15 16 22
14 1 2 3 4 6 7 8 9 10 13 14 16 17 19
15 1 4 5 6 8 10 11 13 14 16 17 18 19 21 22
8 1 2 15 16 17 18 20 22
11 1 2 3 5 6 8 11 13 16 17 21
14 1 5 7 8 9 10 11 13 14 15 16 17 19 22
16 1 2 6 7 8 9 11 13 14 15 17 18 19 20 21 22
14 1 2 3 4 5 6 9 11 13 15 16 17 18 21
15 2 3 5 6 7 8 9 11 12 13 14 16 19 20 21
15 1 2 3 5 6 7 8 9 11 13 14 15 16 20 21
15 3 4 8 9 11 12 13 15 16 17 18 19 20 21 22
9 3 4 9 10 12 18 19 20 22
13 1 2 5 6 8 9 10 11 12 14 15 17 21
9 1 5 6 7 12 14 18 19 21
15 1 2 3 6 7 8 9 10 11 13 14 15 16 17 18
14 2 4 6 7 9 10 11 13 14 16 17 19 20 22
13 1 2 3 7 8 11 12 14 17 19 20 21 22
7 1 2 6 9 12 13 14
9 3 5 11 12 13 15 16 20 22
15 1 2 5 6 7 8 9 10 11 12 13 14 16 17 19
11 1 3 6 7 10 11 13 14 18 20 21
48 23 24 25 26 27 28 29 30 31 32 33 34 35 36 37 38 39 40 41 42 43 44 45 46 47 48 49 50 51 52 53 54 55 56 57 58 59 60 61 62 63 64 65 66 67 68 69 70
15 24 25 27 28 31 35 37 41 45 47 49 54 64 66 70
28 23 24 25 28 30 32 33 36 38 40 41 43 46 47 48 50 51 52 53 54 57 58 59 61 62 66 67 68
15 23 24 30 31 32 35 36 37 38 49 51 56 60 64 67
35 23 24 25 26 27 30 31 32 33 34 35 38 41 42 43 44 45 46 47 48 49 50 52 53 54 55 57 59 60 61 62 63 65 66 70
27 23 25 26 28 31 33 35 36 37 38 39 43 44 45 46 47 49 50 52 53 56 57 58 59 63 64 69
30 24 27 30 32 33 34 36 37 40 41 42 43 45 46 47 48 49 51 55 56 57 58 59 60 61 62 66 67 69 70
16 26 27 28 32 33 39 41 43 46 49 51 52 53 54 58 62
27 23 26 29 30 32 33 34 35 37 38 39 42 44 45 51 54 55 56 59 60 61 63 64 67 68 69 70
26 24 26 27 28 29 30 32 34 35 38 39 40 45 46 47 51 53 54 57 58 59 62 64 66 67 70
34 23 24 25 26 27 28 29 31 34 35 36 37 40 41 42 43 44 45 46 47 53 54 55 57 58 61 62 63 64 65 66 67 68 70
30 24 25 26 27 28 30 31 32 33 35 36 38 39 40 43 44 45 46 47 48 50 51 54 60 61 65 66 67 68 70
16 27 28 33 36 38 39 46 48 51 55 58 60 62 64 67 70
16 27 31 32 36 44 48 51 53 56 57 63 64 65 66 67 69
15 26 27 35 37 40 41 43 45 51 52 53 55 62 63 67
26 24 25 26 27 31 32 34 35 37 38 39 41 42 44 45 48 49 53 55 57 59 61 64 65 66 67
37 23 25 27 28 30 31 32 33 34 35 36 37 38 39 40 42 44 45 46 47 48 49 51 53 54 55 56 57 58 59 60 61 63 64 65 68 69
19 23 26 32 35 36 38 39 44 45 47 48 54 58 59 60 63 64 65 67
22 24 26 27 29 30 32 35 36 38 42 48 50 51 55 56 59 60 61 62 64 69 70
28 25 27 28 29 30 31 32 36 38 39 40 41 43 44 45 47 49 50 52 55 57 59 60 61 64 68 69 70
37 24 25 27 28 29 31 32 33 34 36 37 38 39 41 43 44 46 47 48 49 52 53 55 56 57 58 59 60 61 62 63 64 65 66 67 69 70
18 28 29 33 35 37 38 39 40 42 43 44 46 48 49 54 55 62 66
29 24 26 28 29 30 31 32 34 35 36 37 40 45 47 48 50 51 54 55 56 61 62 63 64 66 67 68 69 70
21 23 27 28 29 32 35 37 39 41 45 46 47 49 51 52 57 61 63 65 66 69
20 23 25 26 28 33 35 37 39 42 45 46 49 54 57 60 62 63 65 66 68
29 24 25 26 27 29 34 35 37 39 41 42 47 48 50 51 53 55 57 58 59 60 62 63 64 65 66 68 69 70
28 23 25 26 29 31 32 33 35 36 37 38 41 42 45 46 47 50 51 54 55 56 57 60 62 64 65 68 70
17 28 29 30 32 33 34 37 38 41 43 44 54 55 57 58 66 68
21 23 24 25 26 28 30 32 35 39 44 45 50 53 57 62 63 64 66 67 69 70
30 24 28 29 31 34 35 36 37 38 41 43 44 45 46 50 51 52 53 54 55 56 61 63 64 65 66 67 68 69 70
22 24 25 27 29 30 34 36 37 41 42 43 44 49 51 53 54 57 59 64 66 68 69
15 24 25 26 31 35 37 38 40 42 43 48 49 54 55 57
30 23 24 27 29 31 34 35 37 38 39 40 42 43 45 46 47 48 49 51 54 55 56 60 61 62 64 65 66 67 69
25 23 24 25 26 31 32 34 38 40 41 44 46 47 49 50 51 54 55 56 58 62 66 67 68 70
28 23 25 27 28 29 30 33 36 39 41 42 44 45 46 48 49 51 52 53 54 55 56 57 58 59 61 67 68
29 25 26 27 28 29 30 31 34 35 38 39 40 43 45 47 52 56 57 59 60 61 62 64 65 66 67 68 69 70
33 23 24 25 26 27 28 31 32 33 34 36 37 39 40 41 42 44 45 46 47 49 51 53 54 55 56 58 61 62 64 65 66 70
17 27 29 38 41 44 45 46 50 52 53 54 55 56 60 62 63 66
33 23 24 25 27 28 29 30 31 34 37 38 39 41 43 44 45 46 48 49 50 51 54 55 56 58 60 61 62 64 65 66 68 70
17 24 25 27 32 33 34 42 50 51 52 55 57 58 59 64 66 67
28 24 28 29 31 32 33 35 36 39 40 41 42 43 44 45 49 51 53 56 61 62 63 64 66 67 68 69 70
19 26 29 31 32 34 36 41 44 46 47 53 57 59 60 63 64 66 67 69
19 24 25 26 27 28 30 36 45 48 50 51 52 53 56 62 63 64 66 67
36 23 24 25 26 28 29 34 35 36 37 38 39 40 41 42 44 45 46 47 48 51 52 53 54 57 58 59 60 62 63 65 66 67 68 69 70
27 23 24 25 26 27 31 32 34 35 36 37 38 42 46 47 48 49 51 52 53 54 56 58 62 63 65 68
26 23 24 28 30 32 33 35 37 38 40 42 45 47 48 51 52 53 56 57 61 63 65 67 68 69 70
29 23 24 26 28 29 30 32 33 36 37 38 40 42 43 44 45 48 49 50 54 56 59 60 61 64 66 68 69 70
37 23 25 27 28 29 30 31 32 33 34 35 36 38 39 40 41 42 44 46 47 50 51 52 53 54 55 56 57 58 59 60 61 63 64 68 69 70
30 23 25 27 28 29 30 34 35 36 37 40 41 42 44 45 49 50 52 53 56 57 60 61 62 63 66 67 68 69 70
28 26 28 29 31 32 33 34 35 37 38 39 42 43 44 45 46 48 49 50 52 53 55 56 58 61 62 65 69
21 31 32 33 34 36 41 44 45 46 47 49 53 55 56 57 58 62 64 65 66 69
22 25 26 31 32 33 36 38 39 42 44 45 47 51 52 54 55 58 60 62 63 66 68
19 24 27 28 29 30 33 35 36 39 40 41 45 47 49 57 62 63 66 67
38 23 24 25 26 27 30 31 32 34 35 36 37 38 39 40 41 42 43 44 46 47 48 50 52 53 54 56 57 58 60 61 62 63 64 65 66 67 70
24 23 26 27 29 30 32 33 35 38 39 43 45 46 47 49 52 53 56 58 59 61 62 65 69
37 24 26 27 28 29 30 32 33 34 35 36 38 39 40 41 42 45 46 47 48 49 50 51 52 53 56 57 58 59 61 62 63 64 65 67 68 69
26 23 25 28 29 31 34 35 37 38 39 40 42 43 47 48 50 51 52 55 56 60 61 62 63 66 67
18 24 26 27 32 33 36 37 39 40 47 48 52 53 56 58 59 67 69
31 23 24 26 28 31 33 34 37 38 40 41 42 44 46 47 48 50 52 55 56 57 58 59 60 61 63 64 65 66 68 70
16 24 31 33 36 37 41 42 46 48 49 50 60 63 67 68 69
27 23 27 28 31 32 35 37 38 39 40 41 44 47 48 49 51 54 56 57 58 59 60 62 63 64 67 70
17 25 26 27 28 30 32 36 44 45 46 48 49 55 56 61 65 66
21 23 24 25 26 27 28 29 30 31 32 34 39 41 43 44 45 50 51 53 65 68
29 23 24 27 28 29 30 32 33 34 35 38 41 43 46 48 49 50 51 53 54 55 57 59 62 63 64 65 67 70
32 23 26 27 28 29 30 34 35 36 37 39 40 41 42 43 47 48 49 50 51 54 55 56 58 59 61 62 64 67 68 69 70
15 23 24 26 36 39 40 42 47 48 49 61 63 64 68 69
21 23 27 29 31 36 41 46 49 53 54 55 59 60 61 63 65 66 67 68 69 70
27 23 24 25 27 28 29 30 31 32 34 39 40 42 43 47 49 50 57 58 60 62 63 64 65 66 69 70
30 25 27 28 32 33 34 35 37 39 40 42 43 44 47 48 50 51 54 55 56 57 58 59 61 63 64 67 68 69 70
38 23 24 25 27 28 31 32 33 34 36 37 39 40 41 42 43 45 46 47 48 49 50 51 52 53 55 56 58 59 61 62 64 65 66 67 68 69 70
34 25 26 27 28 29 30 31 32 33 35 36 37 38 39 40 42 43 44 45 47 48 49 50 51 52 54 55 57 59 60 61 63 66 70
18 26 30 31 38 44 45 46 48 52 53 54 56 57 59 61 66 67 69
35 23 24 25 29 30 31 34 35 38 39 40 41 43 44 45 46 47 48 49 50 51 52 53 55 56 57 58 62 63 64 66 67 68 69 70
32 23 25 26 27 30 32 33 35 36 37 38 39 41 42 44 47 48 49 50 54 56 57 58 59 60 61 62 63 64 66 68 69
36 23 24 25 26 27 28 30 33 36 37 39 40 41 42 43 44 46 47 48 49 51 52 53 54 56 57 58 59 60 61 62 63 64 66 67 70
27 24 28 29 30 32 33 36 37 38 40 42 44 45 46 48 51 52 54 55 56 58 59 60 61 64 66 68
18 24 25 29 30 32 35 37 39 44 49 50 53 57 62 63 64 67 69
35 23 27 28 29 30 31 32 33 34 35 36 37 38 39 40 43 44 45 46 47 48 49 50 52 53 55 56 57 59 62 64 66 67 68 69
8 75 77 79 80 81 87 89 92
10 72 73 75 77 80 85 89 90 91 93
11 71 72 73 74 76 79 82 87 89 91 94
8 71 72 75 76 83 85 89 94
6 75 76 81 84 88 89
5 74 75 77 82 86
6 71 78 79 87 89 90
7 71 75 81 83 85 88 90
6 74 77 79 84 88 92
8 72 75 76 78 79 80 88 90
6 73 79 83 84 89 90
3 79 85 86
3 81 83 84
12 71 72 76 77 78 81 83 86 87 89 90 92
13 71 72 73 74 76 78 82 83 84 85 86 88 93
9 71 77 80 82 83 84 86 89 90
3 79 82 84
23 71 72 74 75 76 77 78 79 80 81 82 83 84 85 86 87 88 89 90 91 92 93 94
9 73 75 76 77 79 80 85 87 88
7 72 76 80 84 89 91 92
5 74 75 79 80 84
3 90 91 94
12 71 73 74 75 76 78 79 84 85 89 91 93
14 72 78 79 80 81 83 85 86 87 88 89 90 92 94
11 72 75 79 84 85 86 88 91 92 93 94
15 71 72 74 78 81 82 83 84 86 89 90 91 92 93 94
3 75 80 88
15 72 73 74 75 76 78 79 81 85 87 88 91 92 93 94
16 71 72 73 75 79 80 81 82 83 85 87 89 90 92 93 94
9 71 72 74 79 81 82 86 90 93
5 77 84 91 92 94
9 73 74 75 80 85 88 91 93 94
8 71 72 79 85 88 89 92 94
6 74 77 78 81 85 94
8 71 74 78 81 83 86 87 94
5 74 78 81 82 87
8 71 73 76 77 80 83 89 90
18 72 73 74 75 76 77 79 80 82 84 85 87 89 90 91 92 93 94
6 72 77 78 80 84 89
10 73 78 80 81 82 86 87 90 91 93
2 74 78
15 73 75 76 77 78 80 83 84 85 87 88 89 91 92 94
6 80 81 88 90 92 93
7 71 72 78 80 81 83 90
10 72 73 76 80 85 88 91 92 93 94
16 73 74 75 76 77 78 80 81 82 83 84 86 87 90 91 93
6 76 79 82 84 88 92
13 75 77 78 80 81 83 84 85 86 88 90 92 93
11 71 72 73 75 82 85 88 89 91 92 93
5 71 82 90 91 94
9 71 72 76 82 86 87 91 92 93
6 76 77 84 86 88 91
1 73
2 77 79
8 73 74 78 82 86 87 93 94
18 71 72 73 74 77 78 79 80 82 83 85 86 87 90 91 92 93 94
7 73 74 76 82 87 89 93
5 75 79 85 86 88
10 77 81 82 83 84 86 87 91 93 94
5 74 75 76 79 86
10 71 73 74 75 76 77 82 84 91 93
12 72 77 80 81 82 83 86 87 88 90 92 94
7 72 76 77 83 87 89 94
19 71 72 73 76 77 78 81 82 83 85 86 87 88 89 90 91 92 93 94
8 71 73 74 75 78 82 84 91
8 73 81 83 85 87 88 92 93
4 74 76 79 84
9 77 78 80 81 83 86 87 90 94
6 71 73 74 85 89 92
6 71 78 81 83 86 88
6 71 72 76 82 87 91
3 77 84 89
4 74 78 82 87
4 73 79 83 84
5 77 80 82 86 89
4 71 78 81 83
2 74 79
6 71 72 74 79 90 93
12 72 78 79 80 81 83 87 88 89 90 92 94
5 71 73 77 83 89
9 76 77 80 84 85 87 89 91 94
6 71 73 74 76 89 94
4 80 81 92 93
2 79 86
9 71 72 73 74 76 87 89 91 94
4 77 87 89 92
5 72 78 80 81 83
7 71 74 79 82 86 90 93
5 77 80 81 83 90
9 81 82 83 84 86 89 90 91 92
4 76 84 86 88
3 74 77 86
2 77 86
4 73 79 84 90
14 72 73 75 76 77 79 82 84 87 89 91 92 93 94
4 71 78 79 89
1 79
2 79 85
3 78 83 86
7 72 74 79 81 82 86 93
4 76 84 88 89
4 71 85 89 92
7 72 73 76 85 88 91 92
7 78 81 83 84 85 92 93
3 72 78 90
8 77 81 82 84 86 87 91 93
7 78 80 83 86 87 90 94
10 74 78 81 82 83 86 90 91 92 93
3 74 75 82
2 80 88
6 71 72 76 83 85 94
6 75 85 88 89 91 93
6 73 76 77 80 89 90
7 73 78 82 86 87 93 94
4 72 76 77 94
8 73 74 75 76 77 82 84 91
7 71 72 75 83 85 89 94
3 79 80 84
8 73 80 82 86 87 90 91 93
1 78
13 76 77 78 83 85 86 87 88 90 91 92 93 94
3 81 88 89
9 75 80 81 83 84 86 88 90 92
12 72 78 79 80 81 85 86 87 88 89 92 94
3 80 84 89
1 77
9 71 77 78 81 83 87 89 90 92
5 73 74 76 87 93
6 77 80 82 84 86 89
4 76 81 88 89
3 71 85 92
4 74 78 81 85
5 72 73 91 92 94
5 71 77 80 83 90
4 75 76 80 88
7 71 72 75 76 83 85 94
12 74 77 78 79 80 82 85 86 90 91 92 94
16 71 72 75 76 77 79 80 81 84 86 87 88 90 91 93 94
6 73 74 78 82 86 94
3 74 87 93
1 88
8 73 78 80 81 82 86 91 93
3 78 82 87
7 73 81 83 85 87 88 92
7 72 73 88 91 92 93 94
3 71 79 90
5 71 73 85 89 92
4 71 72 87 93
4 78 81 82 87
3 71 75 85
4 79 83 84 90
4 74 76 82 87
8 72 77 78 83 86 87 89 92
2 76 79
1 79
7 78 80 81 82 86 90 93
13 71 72 78 81 82 83 84 86 89 90 92 93 94
4 76 79 84 88
5 73 85 88 92 94
2 85 86
3 82 84 88
5 76 88 91 92 94
3 72 80 89
5 73 76 87 89 93
15 72 74 76 79 80 82 83 84 85 87 88 90 91 93 94
16 72 74 75 76 77 79 80 82 84 85 87 89 90 91 92 94
6 72 75 76 78 79 88
4 71 80 83 90
4 75 80 88 90
4 71 81 83 88
5 75 77 84 91 93
3 79 85 88
7 75 76 78 79 84 85 93
11 71 78 82 83 84 89 90 91 92 93 94
9 78 81 86 87 88 89 90 92 94
5 76 86 87 91 93
4 79 83 84 90
3 77 78 80
6 72 75 76 79 88 90
10 73 76 77 83 84 85 88 89 91 94
10 73 74 75 76 78 79 84 85 89 91
6 71 73 76 77 80 90
4 79 82 84 88
6 72 73 82 89 91 92
6 73 76 79 80 85 88
1 74
5 73 74 75 78 82
5 74 77 84 88 92
4 74 78 86 87
5 72 77 78 80 89
4 72 79 89 92
12 76 81 82 85 87 88 89 90 91 92 93 94
8 75 78 80 81 83 86 90 92
8 72 73 85 88 91 92 93 94
6 71 77 82 83 84 86
8 73 76 78 82 83 84 85 86
6 74 79 81 82 90 93
5 71 74 75 91 93
3 77 84 89
6 72 75 79 84 92 94
10 74 75 77 78 82 83 84 87 90 91
7 71 72 73 84 86 88 93
4 82 90 91 94
7 71 73 82 85 88 91 92
7 77 82 83 84 86 89 90
3 74 76 84
5 72 75 76 79 80
4 75 79 88 90
8 72 73 85 88 91 92 93 94
5 72 78 79 80 90
4 81 83 86 94
7 71 72 74 79 81 90 93
4 73 74 76 93
6 83 85 87 88 92 93
4 71 73 78 91
5 73 74 78 87 94
9 72 73 74 76 79 85 91 92 94
6 71 72 74 81 82 90
2 80 88
4 76 81 84 89
8 71 72 73 74 76 79 82 87
6 71 74 78 81 83 87
5 75 81 83 85 90
8 71 72 73 75 85 89 91 93
4 73 74 85 89
5 72 77 78 80 89
5 71 74 85 89 92
4 73 83 84 90
3 74 79 84
3 81 88 90
2 90 94
3 71 86 88
5 75 80 85 88 94
10 73 75 80 81 82 83 89 90 92 93
4 74 75 76 79
5 75 76 81 88 89
4 76 79 82 92
8 71 74 75 76 79 84 89 91
4 74 75 79 80
12 73 74 77 80 82 84 85 87 89 91 92 93
9 72 79 84 85 88 91 92 93 94
5 71 76 83 85 94
4 71 76 80 83
3 74 78 87
10 76 81 82 86 87 88 89 90 91 92
1 90
4 71 78 89 90
5 72 76 83 89 94
2 81 83
1 90
4 77 86 88 91
6 72 75 76 78 79 90
5 76 79 82 84 92
5 73 74 78 82 94
8 73 78 80 81 87 90 91 93
4 72 76 89 94
2 82 84
6 71 76 77 80 83 90
4 71 77 80 89
3 78 80 84
6 71 75 76 77 82 84
4 72 77 78 89
5 73 74 76 82 93
5 77 82 83 89 90
11 72 73 75 76 77 80 82 84 89 90 91
3 84 88 91
3 77 81 85
3 73 79 84
3 75 79 85
5 75 80 90 91 93
3 74 78 82
3 77 91 92
5 78 80 83 86 94
1 78
1 79
6 75 77 81 87 89 92
4 71 73 85 92
3 78 81 85
12 71 73 74 77 78 82 83 86 87 91 93 94
3 74 78 87
5 72 76 77 83 89
3 75 81 89
7 71 76 82 87 91 92 93
2 76 86
7 72 77 81 82 88 90 92
4 76 86 88 91
5 71 78 79 89 90
3 77 91 94
2 74 76
4 75 79 85 86
3 74 75 86
3 82 88 92
10 71 79 80 82 85 87 90 91 92 93
5 84 86 87 91 94
6 71 73 75 82 84 91
7 77 80 81 83 86 90 94
6 75 76 78 80 88 90
5 77 80 81 83 94
5 73 79 84 89 90
8 71 74 75 76 78 89 91 93
3 75 81 89
4 71 78 79 89
3 77 78 94
8 72 81 83 84 89 92 93 94
4 73 75 77 79
4 78 80 81 90
9 71 73 77 78 82 85 86 90 93
5 73 85 91 92 94
5 81 88 90 92 93
6 71 72 79 85 88 94
2 80 88
4 71 79 89 94
4 76 77 83 87
4 73 77 80 89
6 75 77 80 89 91 93
4 77 80 83 89
7 72 73 76 80 85 88 92
6 71 78 80 81 83 90
4 76 77 84 86
11 71 72 73 76 77 78 81 85 91 92 94
1 75
3 90 91 94
6 73 83 85 87 88 92
5 78 81 83 86 87
2 74 76
2 79 86
4 72 84 91 92
3 74 77 82
5 71 78 81 83 86
4 73 83 84 89
7 71 72 74 81 82 92 93
7 71 73 75 88 89 91 93
3 74 87 93
6 71 73 74 82 84 91
6 77 80 83 86 89 90
10 71 72 79 80 83 85 87 92 93 94
7 72 73 76 88 91 92 94
10 75 78 80 84 85 86 88 90 92 93
6 73 75 82 88 91 92
6 73 74 78 87 93 94
8 71 74 83 84 86 89 91 93
9 73 75 77 78 80 83 85 87 94
5 71 78 81 83 94
11 72 73 74 77 79 85 87 91 92 93 94
3 71 72 83
6 72 79 88 89 92 94
5 73 74 76 77 93
8 71 73 74 75 84 85 89 93
3 74 79 86
1 74
6 72 73 80 89 91 93
9 73 74 75 78 79 81 91 93 94
2 86 88
4 72 89 91 92
1 88
6 73 74 75 76 82 93
3 76 81 88
8 71 75 79 82 89 92 93 94
10 76 77 83 84 85 88 89 91 92 94
8 71 77 78 81 83 86 87 89
4 72 76 77 87
5 75 76 84 88 89
2 84 94
13 73 74 75 76 78 80 81 84 86 87 90 91 93
3 76 84 86
6 73 74 78 82 87 93
6 76 77 80 83 89 90
8 78 81 83 85 86 87 92 94
2 79 86
11 72 78 79 80 81 83 86 88 89 90 94
5 79 83 84 89 90
3 74 81 82
13 72 73 74 78 80 82 83 86 87 91 92 93 94
9 71 72 73 77 79 86 87 93 94
6 71 78 81 83 86 87
2 79 84
8 71 73 75 77 82 84 91 93
3 75 79 80
11 71 74 78 81 84 86 89 90 92 93 94
4 71 81 86 88
6 73 75 76 77 91 93
5 75 81 83 85 90
7 82 83 86 87 91 93 94
7 71 73 82 83 85 88 93
2 76 84
11 71 73 76 77 81 82 83 88 92 93 94
4 82 86 90 93
7 78 80 81 86 87 90 94
5 71 78 81 83 86
14 72 73 74 75 76 77 79 82 84 85 90 92 93 94
6 77 80 82 87 88 90
6 71 72 74 76 87 89
2 85 86
2 90 91
3 75 76 79
5 75 77 80 89 92
11 71 72 73 79 80 82 87 89 92 93 94
4 76 82 84 92
4 77 87 89 92
10 73 78 83 84 87 88 89 91 92 94
7 72 79 84 86 91 92 94
3 71 90 94
6 72 75 76 78 79 88
6 77 78 80 81 83 90
8 77 81 82 83 84 87 93 94
6 74 75 76 78 85 93
10 76 79 80 83 84 87 88 89 90 91
10 77 79 80 81 86 87 90 92 93 94
10 71 75 79 80 82 83 85 91 93 94
10 72 73 77 78 82 84 85 87 91 92
13 71 72 74 76 77 79 81 82 85 86 90 92 94
14 71 72 73 75 77 78 79 81 82 86 88 91 92 94
7 74 75 77 79 82 83 87
10 72 73 74 76 77 81 83 88 93 94
14 71 73 74 75 76 82 85 86 88 89 90 91 92 94
13 71 72 74 75 78 79 80 81 82 83 85 88 92
15 72 74 76 77 78 79 80 82 83 84 85 86 88 89 92
10 71 72 75 78 79 80 83 84 89 92
11 77 78 80 82 83 85 87 89 90 92 94
11 72 73 74 76 78 81 82 84 89 91 92
14 71 73 74 75 76 77 79 82 83 86 87 90 92 93
16 72 73 75 76 78 79 80 81 84 85 87 88 90 92 93 94
8 76 79 83 85 87 91 92 94
16 71 72 73 74 76 77 79 82 83 85 89 90 91 92 93 94
8 71 77 78 80 81 84 87 92
9 71 73 75 77 78 79 82 83 86
11 72 73 76 79 84 85 86 89 90 91 92
7 72 74 76 77 84 86 87
10 72 73 74 77 78 80 86 89 93 94
14 71 73 74 76 79 80 82 83 84 85 86 87 89 91
8 71 73 75 76 81 83 87 88
16 71 72 73 75 76 77 78 83 84 85 86 87 90 91 92 93
9 74 75 76 78 79 80 81 82 83
11 72 73 75 76 82 84 85 86 89 91 92
9 74 75 79 81 84 85 86 89 94
11 71 73 77 78 80 82 83 87 88 90 91
10 72 75 76 78 79 80 83 84 86 90
15 71 73 74 76 77 79 81 82 85 86 88 90 92 93 94
8 72 74 75 78 87 88 91 94
10 72 73 75 76 78 82 87 89 91 92
12 72 74 75 76 77 78 80 81 82 86 89 94
12 75 76 77 78 79 83 84 85 88 90 92 93
11 72 74 80 81 82 85 89 90 91 93 94
16 71 72 73 75 76 78 79 80 83 84 86 88 90 91 92 93
13 73 75 76 77 82 84 86 87 89 90 91 92 93
9 71 75 76 77 78 79 81 85 94
8 71 72 74 76 77 80 87 90
13 72 74 78 79 82 83 84 85 86 87 88 92 93
14 71 72 73 74 75 77 78 79 81 84 85 86 88 93
11 75 76 77 80 81 82 84 87 88 91 92
12 71 77 80 81 82 84 85 88 89 90 91 94
15 72 73 74 76 77 78 79 82 84 86 87 88 90 92 93
13 71 72 73 74 76 78 80 83 84 85 89 92 93
13 71 74 75 77 80 81 82 83 88 90 91 92 93
11 71 74 75 76 81 84 86 88 89 90 91
12 74 75 76 78 80 83 84 86 89 90 91 94
13 71 73 76 77 78 80 81 82 85 86 89 93 94
14 72 73 75 76 77 78 79 83 84 86 87 89 90 92
9 74 78 79 80 81 82 83 87 93
13 71 73 77 79 80 81 82 83 84 88 90 91 93
7 71 73 74 77 80 83 89
16 71 72 75 77 78 79 80 81 82 83 86 87 88 90 92 94
10 71 73 74 79 80 83 84 86 91 92
15 71 72 76 77 79 81 82 86 87 88 89 91 92 93 94
13 71 72 73 75 79 82 84 85 86 89 91 92 93
15 71 72 74 75 77 78 79 80 83 85 86 88 89 93 94
12 73 74 75 76 78 82 87 89 90 92 93 94
15 71 74 76 77 80 81 82 83 84 85 86 89 91 92 94
8 71 73 74 75 88 89 90 92
10 72 74 76 79 81 85 90 92 93 94
14 71 73 76 79 80 82 83 85 86 87 88 91 93 94
14 71 72 73 76 78 79 80 81 85 86 87 92 93 94
14 71 72 74 75 77 81 82 85 86 88 89 91 93 94
8 76 84 85 86 90 91 92 94
7 73 75 76 77 86 88 94
7 74 82 85 86 88 92 94
10 75 76 80 83 84 85 87 88 89 92
8 71 73 78 79 85 87 91 94
13 72 73 75 76 77 78 80 81 82 86 88 90 93
10 76 77 79 80 87 88 91 92 93 94
16 71 74 75 76 77 81 82 84 85 86 88 90 91 92 93 94
13 72 73 75 76 79 80 81 83 86 87 91 92 94
8 71 72 73 76 81 82 91 94
15 73 75 76 77 78 79 80 82 83 84 85 86 87 88 94
8 75 77 79 84 85 87 90 93
15 71 73 75 77 78 81 84 86 88 89 90 91 92 93 94
11 72 76 77 79 84 85 86 88 91 93 94
8 71 72 74 75 76 82 87 90
11 71 76 78 79 81 85 87 89 90 92 94
7 75 76 80 86 87 88 94
9 71 74 76 77 80 81 86 91 93
9 71 72 79 80 86 88 89 93 94
9 76 78 79 80 81 84 87 90 93
10 72 76 77 82 83 86 88 90 91 94
16 71 72 73 75 76 79 80 84 85 86 88 89 91 92 93 94
7 74 76 81 85 86 88 91
16 71 74 76 78 79 80 81 82 83 84 85 86 89 92 93 94
8 71 73 74 75 77 85 92 94
8 71 72 77 80 91 92 93 94
9 71 72 73 75 79 82 84 88 89
7 72 74 78 83 85 91 93
16 72 73 75 76 78 80 82 84 85 86 88 89 91 92 93 94
13 74 75 76 77 79 80 81 82 87 88 89 92 93
10 73 75 77 81 82 84 85 87 90 93
11 71 73 74 75 77 79 84 85 86 87 89
9 72 73 74 76 79 81 83 84 87
13 71 72 73 75 81 83 84 85 86 87 89 92 94
11 71 73 74 75 79 82 85 86 87 92 93
15 72 73 74 75 78 79 80 81 82 83 88 89 90 91 93
9 73 74 75 79 82 83 84 89 91
15 72 73 74 75 77 78 80 81 82 83 86 88 90 92 94
11 71 74 75 83 87 88 89 90 91 92 93
15 72 73 74 76 77 78 80 81 84 86 87 88 89 90 92
7 76 78 79 80 86 91 93
15 71 73 74 76 77 78 79 81 84 85 86 87 89 90 94
14 71 72 74 75 76 79 80 82 83 84 86 87 90 91
12 71 73 74 75 77 78 79 80 81 83 91 94
12 73 74 75 78 79 83 87 88 91 92 93 94
16 71 75 76 79 80 81 82 84 85 86 87 88 89 90 92 94
12 71 72 75 76 83 84 87 88 89 91 92 93
8 71 75 76 82 86 89 90 91
15 75 76 77 79 82 83 84 85 86 87 88 90 91 93 94
15 71 75 77 78 79 80 81 82 83 85 86 90 91 92 94
9 71 72 76 77 84 86 88 89 93
9 72 75 76 81 82 85 87 92 94
7 76 81 82 85 88 90 93
9 71 74 75 81 82 85 86 89 93
12 71 73 81 82 83 85 86 87 88 89 91 93
11 73 78 79 81 83 86 88 89 90 92 94
10 73 76 80 83 84 86 87 88 91 94
12 72 74 75 77 78 81 83 88 89 91 93 94
14 71 73 75 77 81 82 84 85 87 88 90 91 92 93
14 72 73 75 76 77 81 82 83 85 86 87 89 90 92
8 75 78 82 83 84 87 93 94
7 71 74 77 85 87 93 94
9 71 73 75 78 80 85 86 87 92
11 73 76 77 78 80 81 82 83 84 90 91
10 71 72 75 77 81 83 87 88 91 93
11 72 74 75 84 85 87 90 91 92 93 94
16 71 72 74 75 76 77 79 81 83 84 86 87 88 90 91 92
8 71 80 81 82 83 90 93 94
10 71 80 81 82 85 86 87 90 93 94
14 71 72 73 74 77 81 83 84 85 89 90 91 92 93
13 72 77 78 79 82 84 85 86 87 89 91 93 94
7 83 84 86 87 91 92 93
10 75 77 78 79 82 84 86 89 92 93
8 76 77 78 79 82 83 89 90
8 73 74 78 80 81 88 93 94
7 73 81 82 84 89 90 92
9 71 72 76 78 79 86 88 90 94
8 75 76 78 80 82 87 88 89
15 71 73 76 78 79 80 81 82 83 84 85 86 87 88 89
11 73 74 75 79 80 82 85 91 92 93 94
9 73 77 78 79 83 85 91 93 94
12 75 77 78 79 80 82 83 84 85 87 88 90
11 72 75 79 81 82 84 85 86 88 90 94
9 72 74 76 77 78 84 89 92 93
10 75 76 78 79 80 83 85 86 88 92
9 71 74 75 77 82 85 88 89 91
8 77 80 84 85 88 89 91 94
14 72 73 75 76 77 78 80 81 85 86 87 89 91 93
13 72 73 74 75 76 77 78 84 87 88 89 91 93
8 73 74 77 78 84 87 91 92
8 71 72 76 77 78 87 88 90
10 72 76 77 80 82 86 87 89 92 93
9 74 76 77 80 84 88 90 91 94
9 72 73 76 77 79 80 84 87 92
13 71 75 79 81 83 85 86 89 90 91 92 93 94
14 74 75 76 77 81 83 84 85 87 88 90 92 93 94
12 72 73 76 78 81 82 89 90 91 92 93 94
14 71 73 75 81 83 84 86 87 88 90 91 92 93 94
10 72 73 80 82 83 88 89 91 93 94
12 72 76 77 80 81 82 84 85 86 89 92 93
15 71 72 73 75 77 78 79 80 82 83 86 88 90 91 92
16 71 72 74 75 78 79 80 81 82 83 85 86 89 90 91 94
15 71 72 73 74 76 77 79 80 83 85 86 89 91 93 94
11 71 75 76 77 78 80 82 88 89 90 93
7 74 76 77 78 81 84 86
14 71 72 74 75 78 79 81 86 87 88 89 90 91 94
15 73 74 75 76 77 78 79 80 82 84 87 89 90 92 93
12 72 74 76 78 81 82 83 84 89 91 92 93
15 72 73 75 76 77 78 80 81 84 86 87 88 89 90 92
10 72 75 76 78 81 83 87 90 93 94
14 71 73 74 78 79 82 84 85 86 88 90 92 93 94
14 73 74 75 76 77 78 79 80 84 85 86 88 89 91
10 74 75 76 77 78 79 80 84 87 88
7 71 74 76 79 89 91 92
14 71 73 76 77 79 80 83 84 86 87 89 90 91 93
14 71 72 74 77 79 82 84 86 87 89 90 91 93 94
9 76 82 83 85 86 89 90 91 94
13 71 72 74 75 76 78 81 82 87 88 90 91 92
14 71 72 73 75 77 80 81 83 84 85 87 88 92 94
9 74 76 78 83 84 88 90 91 92
10 71 73 74 75 80 84 85 87 91 93
15 73 74 76 77 78 79 80 81 82 84 85 86 87 88 90
9 76 80 83 85 86 87 89 90 92
14 71 72 73 78 79 82 83 85 86 87 89 92 93 94
9 72 76 80 81 83 84 87 90 91
15 72 73 74 75 76 80 81 82 83 84 88 89 90 92 93
12 71 72 74 77 78 81 82 83 87 88 89 91
9 71 72 73 76 84 85 87 89 90
14 71 77 79 81 82 83 84 85 86 87 90 91 93 94
11 72 74 75 76 80 83 85 86 90 93 94
15 71 72 74 77 78 83 84 85 86 87 90 91 92 93 94
10 74 75 78 79 80 84 89 90 93 94
10 72 73 75 78 82 84 86 87 93 94
7 73 77 81 88 91 93 94
12 75 77 78 79 80 81 82 83 85 88 89 93
12 72 74 75 76 80 81 86 87 89 90 91 94
16 72 73 74 75 76 77 81 82 83 84 86 89 90 91 92 94
11 72 73 74 76 77 79 80 86 87 91 94
11 71 73 75 77 78 81 87 88 90 91 93
16 72 74 76 77 78 79 80 81 82 83 84 86 89 92 93 94
13 72 73 74 77 78 80 82 85 88 89 90 91 94
15 72 73 74 76 77 78 81 83 84 85 86 90 91 92 94
11 73 74 76 77 79 83 84 86 87 88 91
15 71 72 74 77 78 79 80 81 82 84 87 88 91 92 93
16 72 73 77 78 79 80 81 82 84 85 87 88 89 90 92 93
12 73 74 77 78 79 81 84 85 86 87 92 94
14 72 75 76 77 78 79 81 82 83 87 88 89 91 94
12 72 74 78 79 80 81 83 85 86 87 93 94
16 71 72 73 74 75 78 80 83 84 86 87 88 89 90 91 94
10 72 73 79 80 82 84 85 86 89 93
13 71 72 73 75 78 80 81 83 86 88 90 92 93
7 71 73 77 80 86 92 93
16 71 73 74 76 77 78 80 81 83 86 87 88 89 91 92 94
13 72 73 74 76 77 80 83 85 86 87 88 92 93
15 73 74 75 76 77 79 81 82 83 85 86 87 88 89 91
7 76 83 85 87 91 92 93
15 72 76 79 80 81 82 83 85 86 88 90 91 92 93 94
11 72 73 76 77 78 80 86 88 89 91 92
16 71 72 74 75 78 80 81 82 83 84 87 88 90 91 92 94
12 75 77 78 79 80 82 84 85 87 89 91 92
11 71 73 79 80 84 87 88 89 90 91 94
9 75 76 79 80 82 84 90 92 93
8 77 79 80 85 88 91 93 94
13 71 72 75 77 79 86 87 88 89 90 91 93 94
8 72 73 78 81 88 89 90 93
8 71 73 78 82 83 85 88 93
7 72 73 79 82 84 90 93
15 71 72 73 74 77 78 79 81 83 86 88 89 92 93 94
15 73 75 77 78 80 81 83 85 86 87 88 89 90 91 93
7 72 75 76 80 84 86 93
10 71 74 76 82 83 87 88 89 93 94
11 72 75 76 77 82 83 84 86 87 91 94
14 71 72 74 76 78 79 81 83 84 85 90 91 93 94
11 74 76 79 81 83 84 86 89 90 93 94
15 71 72 73 75 76 78 81 82 84 85 88 89 91 93 94
10 80 81 82 83 84 85 87 88 90 94
10 74 75 76 77 78 81 85 87 90 94
14 71 72 73 74 78 79 80 82 83 84 85 87 92 94
15 71 72 73 74 76 78 81 83 84 85 87 89 90 93 94
16 71 73 74 76 77 78 79 80 81 82 83 85 87 90 93 94
7 72 77 78 81 86 88 91
7 74 75 76 80 91 92 93
16 71 72 73 74 76 77 78 79 80 81 84 88 90 92 93 94
8 74 77 78 79 80 84 92 93
7 76 77 78 80 84 85 88
8 71 73 75 80 85 87 93 94
11 73 75 76 78 79 80 81 84 86 89 92
7 73 77 81 82 85 87 89
8 72 73 74 77 80 84 90 92
12 73 74 75 76 78 81 84 86 87 89 90 91
14 71 72 75 76 79 80 83 84 87 88 89 90 93 94
16 71 72 73 76 77 79 80 81 82 83 86 88 89 90 91 94
12 71 73 76 77 80 81 82 87 88 89 93 94
10 71 75 76 77 78 82 88 89 92 93
14 72 74 76 77 79 83 84 85 87 88 89 92 93 94
14 72 73 75 77 79 80 81 82 85 86 87 88 89 93
9 72 73 79 84 85 87 89 92 94
10 71 74 77 81 82 83 85 87 89 94
9 71 73 74 76 79 80 81 82 92
15 71 72 77 78 80 81 82 84 86 87 89 91 92 93 94
12 71 72 73 75 76 77 79 81 86 90 91 93
10 73 75 77 78 80 82 84 85 90 92
10 75 79 83 84 86 87 89 91 92 94
9 71 72 73 78 85 87 90 92 93
16 74 75 76 77 80 81 82 83 85 86 87 88 89 90 91 92
7 71 76 81 82 86 88 92
9 73 74 76 83 86 87 89 90 94
7 76 78 81 82 83 87 94
13 74 76 77 79 80 81 82 85 87 89 90 92 94
14 73 75 78 80 81 82 83 84 85 86 88 89 92 93
16 72 74 75 76 77 79 81 82 83 85 86 87 89 91 92 94
9 72 74 77 78 82 88 90 92 94
14 71 72 73 76 77 78 82 83 84 87 88 90 92 93
11 72 74 76 77 79 85 86 87 91 92 93
16 71 72 73 77 78 79 80 82 84 85 86 89 90 92 93 94
8 71 81 82 84 85 86 89 90
13 72 74 77 78 79 81 82 85 87 88 89 90 94
7 71 73 75 81 86 88 94
9 73 76 79 80 81 82 85 86 88
10 71 74 76 77 81 82 84 91 92 94
10 72 74 78 81 82 83 89 91 92 94
12 73 76 77 78 80 81 82 84 88 89 90 94
11 72 73 75 77 79 82 85 87 88 89 91
7 71 73 75 78 84 90 92
10 71 74 76 79 81 82 83 87 92 93
10 71 74 76 81 82 84 87 88 89 90
11 71 72 74 77 78 84 87 90 91 92 93
16 72 73 75 79 80 83 85 86 87 88 89 90 91 92 93 94
10 71 72 73 80 81 86 87 91 93 94
16 71 73 74 77 78 83 85 86 87 88 89 90 91 92 93 94
12 72 73 76 78 79 84 86 89 91 92 93 94
10 74 76 78 85 86 87 89 91 92 93
16 71 74 76 78 79 80 82 84 86 88 89 90 91 92 93 94
12 72 75 77 78 81 83 85 86 87 89 92 93
7 75 80 84 87 91 92 94
10 73 74 79 81 83 84 85 88 91 93
13 71 72 73 74 76 77 81 82 83 84 89 91 92
15 71 73 74 75 76 77 80 81 82 83 87 88 89 92 93
14 71 72 74 77 79 80 81 83 85 86 88 90 91 93
15 71 72 73 75 76 78 79 80 82 83 87 88 90 92 94
8 71 75 76 77 78 86 87 92
15 72 73 75 78 79 80 82 83 85 86 87 89 90 91 93
14 71 72 73 74 81 83 84 85 86 87 89 91 93 94
13 71 72 73 75 76 78 79 84 85 86 92 93 94
7 74 77 79 80 83 84 93
14 71 73 74 77 78 79 82 84 85 87 90 92 93 94
14 71 73 74 75 76 78 82 85 87 89 90 91 92 94
7 72 75 80 81 91 92 93
12 72 73 74 75 76 78 81 85 86 88 91 92
11 74 75 77 83 86 88 89 90 91 92 93
11 72 73 74 79 80 82 83 84 88 90 94
16 71 75 76 77 78 79 80 83 84 86 87 89 90 91 92 94
13 71 72 74 75 76 77 78 80 82 84 87 89 92
14 71 72 75 76 77 80 81 83 84 86 89 91 92 94
14 71 73 74 76 77 78 79 81 85 86 90 91 92 94
14 73 75 76 81 82 83 84 86 88 89 90 92 93 94
11 71 79 81 82 83 85 87 89 92 93 94
8 74 77 83 84 87 90 93 94
10 71 72 78 82 83 87 88 91 92 93
16 71 72 74 75 77 78 79 80 81 82 83 86 88 89 90 92
16 71 73 75 76 79 80 81 82 83 85 86 87 88 89 91 94
14 71 72 74 75 78 80 83 84 85 87 88 89 90 94
10 75 76 77 81 84 85 86 90 93 94
13 71 72 76 78 79 80 82 84 86 88 90 92 94
15 71 72 73 74 75 76 79 80 81 82 83 86 91 92 93
7 78 81 82 84 90 91 94
15 71 72 74 75 77 79 80 81 83 84 87 89 91 92 93
14 73 76 78 79 80 82 83 85 87 88 91 92 93 94
7 76 79 80 84 91 93 94
13 72 74 76 78 80 81 82 84 85 86 89 90 94
11 74 77 81 84 85 87 88 90 91 92 94
9 74 78 79 80 82 89 90 91 94
9 71 76 77 80 81 83 87 91 93
15 97 99 101 103 106 108 112 114 116 117 118 126 127 128 129
18 95 96 97 98 99 102 103 105 108 112 115 116 117 119 124 125 128 130
15 97 98 99 100 101 102 103 107 108 109 110 113 114 118 126
13 95 97 102 103 105 107 111 114 115 117 120 123 127
10 95 99 101 103 108 116 118 119 126 127
12 97 98 101 105 107 108 113 115 118 119 126 130
12 102 103 105 107 108 111 113 117 118 119 127 129
8 95 96 106 109 111 112 117 120
10 99 100 103 109 111 112 113 118 120 130
13 98 103 106 109 112 113 115 118 120 121 124 128 129
7 100 101 116 118 127 128 129
9 99 100 102 104 110 114 121 122 127
13 95 98 99 101 107 108 109 112 113 114 119 121 129
3 107 112 116
12 98 99 100 104 111 112 114 121 122 123 128 129
7 95 102 109 110 112 113 130
20 98 99 100 101 103 104 105 106 107 108 110 114 115 116 118 121 122 124 128 129
8 98 101 106 110 114 115 125 130
8 96 103 106 108 112 113 121 123
18 95 97 99 100 101 102 103 105 106 109 112 114 119 122 125 126 128 129
15 97 98 99 105 108 110 113 117 120 122 124 125 126 127 130
19 95 100 101 102 103 105 106 113 114 115 117 119 120 122 123 124 125 127 130
11 95 102 104 109 111 114 116 118 119 121 123
18 96 98 104 107 108 110 111 113 115 116 117 118 120 121 123 124 127 130
4 101 112 123 126
4 105 106 108 123
8 95 99 108 115 117 121 127 129
12 96 97 99 100 104 105 112 119 123 124 128 130
18 100 101 104 106 107 109 110 111 113 114 118 120 121 122 123 126 127 129
7 97 105 111 122 123 124 125
15 96 97 100 101 106 109 110 111 118 119 120 123 124 125 128
11 95 96 105 106 116 119 122 124 125 128 130
11 98 104 108 114 115 116 117 119 124 127 129
15 96 97 98 99 100 101 102 109 110 112 114 116 124 126 130
26 95 97 99 101 103 104 105 106 107 108 109 110 111 112 113 115 116 117 118 120 121 124 127 128 129 130
15 95 100 102 107 110 111 114 115 116 117 118 119 124 126 127
15 95 100 102 103 105 107 110 111 113 118 121 122 125 128 130
13 97 98 99 101 104 105 109 120 122 125 128 129 130
16 95 96 97 102 109 111 112 113 117 119 120 123 125 126 127 130
13 95 96 98 100 102 105 109 111 115 121 123 124 125
7 103 116 123 124 125 128 129
7 98 103 107 118 119 122 128
11 96 97 100 104 105 115 117 121 123 126 129
7 109 116 120 121 122 123 128
12 96 102 103 105 106 108 110 116 119 124 125 127
9 95 96 97 99 100 104 112 124 126
5 106 112 124 127 128
13 95 98 104 105 109 110 111 113 117 122 125 126 130
31 95 96 97 98 99 100 101 102 103 104 105 107 108 109 110 111 113 114 115 116 117 118 119 120 121 122 123 125 126 129 130
9 97 102 103 106 107 114 119 120 121
7 96 99 108 112 115 123 124
10 96 98 100 102 114 119 122 123 125 126
11 98 99 100 108 109 113 116 119 124 129 130
17 96 97 98 99 104 107 108 109 110 111 112 116 118 121 126 128 129
21 95 103 104 105 106 107 108 111 113 115 117 118 119 120 121 122 123 125 127 128 129
12 95 97 101 107 109 113 115 117 118 120 126 130
6 96 97 99 106 109 120
7 96 97 104 107 110 119 125
6 104 111 112 115 120 127
13 98 102 103 104 105 107 112 113 114 116 122 126 130
11 99 101 106 108 111 114 116 120 124 125 127
14 95 96 99 100 102 111 113 114 115 117 121 128 129 130
8 104 107 110 113 119 120 122 130
16 96 100 102 103 104 106 110 115 116 117 118 120 126 127 128 130
4 117 121 123 129
23 95 96 97 99 100 101 102 104 105 107 108 110 111 114 116 117 119 122 123 125 126 127 130
10 96 100 101 103 106 107 112 115 128 129
7 97 103 105 106 109 122 126
12 98 101 104 108 110 118 119 120 123 124 125 127
8 96 104 110 111 112 122 128 129
18 97 98 100 102 105 106 107 109 113 114 115 117 120 121 123 124 125 130
15 95 98 101 102 114 115 116 117 121 122 124 126 127 128 129
12 96 101 104 106 110 112 118 121 122 125 126 128
24 95 98 101 102 103 106 107 108 109 110 111 113 114 115 116 117 118 120 121 122 125 126 127 129
9 96 97 99 100 102 109 110 114 126
7 95 99 103 108 116 119 126
5 104 109 118 121 123
7 102 107 114 115 120 123 127
6 96 104 111 112 128 129
8 95 109 111 114 118 119 121 123
14 96 104 108 110 111 113 115 116 117 118 120 121 124 130
4 99 115 117 121
8 95 100 102 103 111 118 121 128
15 96 98 107 108 110 111 115 116 117 120 121 123 124 127 130
16 95 97 101 103 106 108 109 110 111 118 120 121 124 128 129 130
14 103 110 111 113 114 116 117 118 120 121 122 126 127 129
5 109 116 122 123 128
8 102 103 107 114 116 122 126 130
9 98 99 108 109 110 111 126 128 129
9 95 102 109 111 114 116 118 121 123
19 95 96 97 99 100 101 104 105 108 110 111 116 117 119 122 123 125 126 127
6 96 97 104 105 117 129
11 98 103 106 109 112 118 120 121 124 128 129
10 95 96 98 100 102 105 111 115 121 124
5 96 104 112 128 129
7 104 107 110 113 120 122 130
19 95 98 101 102 103 107 108 110 111 114 115 116 117 118 120 121 125 126 127
9 96 100 106 109 110 111 123 124 125
4 96 97 99 106
9 95 96 98 100 102 105 115 121 125
8 95 96 98 102 105 109 115 124
5 104 119 120 122 130
9 96 97 99 100 104 112 119 128 130
13 97 98 99 100 102 103 107 108 109 113 114 118 126
6 103 107 118 119 122 128
17 99 103 104 105 107 108 109 110 111 112 115 116 117 118 124 127 129
2 107 112
8 99 100 108 109 113 116 119 130
12 96 97 102 111 112 113 119 120 123 125 126 130
5 110 113 119 122 130
8 98 101 104 108 110 119 120 123
10 95 101 107 109 113 117 118 120 126 130
10 96 100 102 103 104 110 115 116 118 127
11 95 98 105 109 111 113 117 122 125 126 130
9 102 103 105 107 111 113 118 127 129
8 96 102 103 106 110 116 125 127
6 99 101 103 108 119 127
24 95 96 97 98 99 101 103 105 107 108 109 110 111 114 115 117 118 119 121 122 123 125 126 130
5 100 102 121 122 127
7 97 101 109 113 115 120 130
2 117 129
3 96 99 106
4 97 111 122 124
5 103 123 124 128 129
19 95 97 99 103 104 105 108 109 110 111 112 117 118 120 121 124 127 128 130
7 101 109 110 119 120 124 128
3 101 112 126
2 124 127
5 96 97 100 117 126
7 95 96 119 122 124 125 130
6 103 109 111 113 118 120
11 97 99 100 101 102 103 107 110 113 118 126
12 101 106 109 111 114 118 120 121 122 123 126 129
6 109 120 121 122 123 128
13 95 97 102 109 112 113 119 120 123 125 126 127 130
11 95 100 101 105 106 113 115 119 125 127 130
6 101 108 116 118 119 127
10 95 98 101 108 109 112 113 119 121 129
26 95 97 98 100 101 102 103 105 108 109 110 111 113 114 115 116 117 118 119 120 121 122 125 126 129 130
3 111 122 123
2 105 106
12 97 98 99 100 101 102 110 112 114 124 126 130
12 99 103 104 105 106 114 116 121 122 124 128 129
4 97 122 123 124
10 97 99 101 104 105 109 122 125 128 130
6 102 109 118 119 121 123
5 108 113 116 119 124
24 95 97 99 100 103 104 105 107 108 109 110 111 114 116 117 118 119 120 121 122 123 125 126 129
11 99 101 106 108 112 114 116 117 118 127 128
13 96 97 98 99 104 107 108 109 110 118 126 128 129
18 95 104 105 106 107 108 111 113 115 117 118 120 121 122 123 125 128 129
9 95 98 99 107 109 114 119 121 129
13 96 97 99 100 101 102 109 112 114 116 124 126 130
6 97 101 104 120 122 125
6 95 96 100 102 109 115
8 102 105 107 108 111 117 118 129
12 101 107 109 111 113 114 120 121 123 126 127 129
4 111 112 120 127
5 101 106 114 125 130
10 95 96 99 100 111 114 115 128 129 130
2 108 123
5 101 114 115 125 130
6 98 102 103 112 122 130
5 97 103 105 106 109
7 97 105 109 120 122 129 130
8 96 100 104 105 117 121 123 129
12 95 102 107 110 111 114 115 117 118 119 124 127
9 101 105 107 108 115 118 119 126 130
9 98 103 106 109 113 118 121 128 129
12 97 98 99 101 103 107 109 110 113 114 118 126
12 100 101 103 104 105 106 107 108 114 118 121 128
5 97 106 107 119 121
2 123 129
5 96 106 111 112 120
9 102 103 105 106 108 110 116 119 124
11 95 100 102 103 105 111 113 121 122 125 130
6 98 107 113 115 119 126
8 96 100 114 119 122 123 125 126
4 116 123 124 128
7 98 101 106 110 114 115 125
3 105 106 123
9 104 109 111 114 116 118 119 121 123
8 96 100 103 107 112 115 128 129
3 109 120 123
15 95 103 104 107 108 113 118 119 120 121 122 123 125 127 128
15 96 98 99 100 102 107 109 110 114 116 118 121 122 125 129
4 103 123 128 129
4 108 112 115 123
4 99 112 123 124
17 95 97 99 101 103 104 105 107 109 110 111 112 115 116 118 120 130
18 95 99 101 103 104 105 106 107 108 110 111 113 115 117 118 124 129 130
5 95 102 110 112 130
4 95 110 113 130
10 95 98 101 102 114 117 122 124 127 128
7 96 97 100 104 105 112 123
2 101 123
8 96 100 101 103 106 112 115 129
1 116
16 95 103 106 107 108 109 115 116 117 118 120 121 122 125 126 129
10 96 102 103 108 110 116 119 124 125 127
11 97 101 103 108 112 114 117 126 127 128 129
6 103 108 110 124 125 127
7 98 99 100 116 124 129 130
6 98 104 114 115 117 127
4 106 109 111 112
3 106 124 128
10 97 109 111 117 119 120 123 125 126 127
6 106 108 112 113 121 123
8 98 112 115 118 120 121 124 129
7 98 101 106 110 115 125 130
17 95 96 99 100 103 107 109 110 111 114 115 117 118 120 122 123 126
3 105 106 108
10 97 106 108 114 116 117 118 126 128 129
11 100 107 109 110 113 118 120 122 126 127 129
6 105 107 114 122 126 130
5 101 106 114 115 125
9 102 104 109 114 116 118 119 121 123
16 95 101 102 103 106 113 114 115 117 119 120 122 123 124 127 130
4 96 106 109 112
1 112
8 96 97 106 111 118 119 124 128
20 97 99 101 103 104 105 107 108 109 110 113 115 116 117 120 121 124 127 128 130
10 96 97 98 102 103 105 108 116 124 130
9 103 106 115 118 120 121 124 128 129
7 103 105 107 111 114 115 123
3 115 120 127
7 96 97 99 104 112 124 126
8 97 99 106 114 117 118 126 127
5 99 115 121 127 129
8 102 103 105 113 114 122 126 130
12 100 101 102 103 113 114 115 117 119 120 123 124
2 105 108
5 104 110 111 122 129
7 102 103 106 107 114 119 120
5 95 96 100 112 126
12 97 101 103 106 108 112 114 116 117 127 128 129
4 106 124 127 128
13 97 104 105 108 109 111 112 113 116 127 128 129 130
5 98 103 107 122 128
8 98 101 104 110 119 120 125 127
13 96 97 99 100 101 109 110 112 114 116 124 126 130
11 101 106 107 109 110 114 118 122 123 126 129
7 97 98 101 108 118 119 126
5 99 109 111 118 130
10 95 97 102 107 114 115 117 120 123 127
9 97 104 105 115 117 121 123 126 129
5 96 99 112 123 124
9 95 96 99 100 102 111 115 121 130
12 95 98 101 102 115 121 122 124 126 127 128 129
27 95 96 97 98 99 100 101 103 104 105 107 108 110 111 113 116 117 118 119 120 121 122 123 125 126 129 130
8 101 113 115 117 118 120 126 130
6 103 112 120 121 124 128
7 98 104 108 114 115 124 129
5 96 108 112 115 124
12 97 98 99 100 101 102 103 108 109 110 113 126
5 100 101 116 128 129
6 97 102 103 106 119 120
11 99 101 103 106 108 112 116 118 127 128 129
7 98 115 116 117 119 127 129
5 103 112 113 121 123
9 102 103 105 108 110 116 119 124 125
4 107 110 113 130
11 96 98 100 102 105 109 111 115 121 123 125
6 98 99 111 112 114 122
9 96 103 105 106 108 110 116 119 125
7 96 104 110 111 112 122 128
12 95 101 103 107 108 109 110 117 118 121 125 129
4 95 102 109 112
3 105 106 108
7 96 98 114 119 122 123 125
6 100 116 118 127 128 129
7 102 114 116 117 126 128 129
9 98 99 100 111 112 114 121 123 128
10 103 106 109 113 115 120 121 124 128 129
2 107 116
9 95 97 102 107 111 117 120 123 127
8 104 106 110 121 122 125 126 128
12 99 100 101 102 104 107 111 117 119 126 127 130
8 95 96 99 102 111 115 121 129
9 97 101 107 108 115 118 119 126 130
7 97 100 112 119 123 124 128
13 98 100 101 103 104 105 106 107 108 115 118 122 129
5 96 104 110 112 128
8 96 97 104 105 115 117 121 126
3 112 124 127
12 98 100 105 106 107 109 113 120 121 123 125 130
5 96 99 100 124 126
7 95 96 106 109 111 112 117
11 97 101 108 112 114 116 117 118 126 127 128
6 103 108 113 117 118 127
13 95 101 102 103 105 113 115 119 120 122 123 124 130
11 95 96 98 100 102 105 115 121 123 124 125
16 97 98 102 105 106 107 109 114 115 117 120 121 123 124 125 130
8 106 109 112 113 115 121 128 129
15 98 100 101 103 104 105 107 114 116 118 121 122 124 128 129
2 105 106
10 100 101 104 105 106 107 118 122 124 129
3 97 103 126
21 95 98 102 103 106 109 110 111 113 114 115 116 117 118 120 121 122 125 126 127 129
3 97 111 124
4 97 105 106 126
16 95 97 100 101 102 103 105 106 109 112 114 119 122 125 126 128
8 95 101 103 108 116 118 119 126
2 123 126
2 112 116
8 95 96 105 106 116 125 128 130
17 99 100 101 103 104 105 106 107 108 110 115 118 121 122 124 128 129
3 105 108 123
8 96 97 101 106 109 110 119 128
8 99 101 106 108 114 116 120 125
23 95 96 97 98 99 101 102 103 104 105 108 109 110 111 113 115 117 120 122 125 126 129 130
2 106 123
8 95 100 102 107 111 116 124 127
15 97 98 100 105 107 109 113 115 117 120 121 123 124 125 130
12 95 96 99 100 102 113 115 117 121 128 129 130
5 96 109 111 112 117
6 104 111 112 122 123 129
5 97 106 109 122 126
15 96 97 98 99 104 107 108 109 110 112 118 121 126 128 129
7 99 102 110 114 121 122 127
6 101 103 106 112 115 128
5 116 120 121 122 123
6 104 108 115 117 124 129
4 99 102 114 121
8 97 98 105 108 110 122 126 127
20 95 97 101 103 106 108 109 110 111 112 113 115 116 118 120 121 127 128 129 130
3 121 123 129
15 100 101 102 103 105 106 113 114 115 117 120 122 124 125 127
8 102 105 107 111 121 122 125 128
15 97 98 105 106 109 113 114 115 117 120 121 123 124 125 130
9 96 97 110 111 118 120 123 125 128
5 116 118 127 128 129
6 103 105 107 116 122 130
10 96 97 109 111 112 113 117 120 127 130
11 95 98 100 102 105 109 111 115 121 123 124
8 97 99 105 108 117 120 124 130
6 105 111 122 123 124 125
20 97 99 100 103 104 106 110 112 113 114 116 117 118 119 120 123 125 127 128 130
11 95 96 100 107 110 113 114 115 122 123 127
14 95 96 104 105 106 108 112 113 114 117 118 119 125 130
12 97 99 102 104 105 108 109 112 116 120 124 126
10 97 102 105 106 107 109 111 112 116 118
22 95 100 101 103 104 105 106 108 110 111 112 116 117 119 120 121 123 124 125 126 128 130
12 95 102 107 108 109 112 113 116 117 120 125 130
21 95 97 98 99 101 102 103 105 110 111 112 116 118 119 120 122 124 126 128 129 130
12 96 109 111 115 117 119 122 124 127 128 129 130
15 96 99 103 108 109 110 112 114 116 117 120 122 126 127 130
21 95 96 97 98 99 100 101 103 107 109 112 113 116 118 120 121 122 123 124 125 126
21 99 101 102 103 107 108 109 110 111 114 115 116 118 119 121 122 123 125 126 127 129
17 95 96 98 100 105 108 109 110 111 115 118 119 123 125 127 128 130
22 96 97 98 99 100 101 102 103 105 108 110 112 113 115 116 117 120 121 122 126 128 130
24 95 97 98 103 104 107 108 109 112 113 114 115 116 118 119 120 122 123 124 126 127 128 129 130
13 95 99 101 102 105 108 109 112 113 114 118 123 130
16 96 97 99 103 107 108 113 114 115 121 122 123 124 125 126 129
20 95 96 97 101 104 107 109 111 112 113 114 115 116 118 121 122 123 124 125 128
19 95 98 100 105 107 109 110 111 112 113 115 119 121 123 124 125 127 129 130
19 95 96 99 100 102 103 104 105 106 107 108 109 110 112 116 124 126 128 130
12 95 99 100 108 110 114 116 117 119 120 121 126
16 96 100 102 104 105 108 110 112 115 120 123 124 125 126 129 130
12 95 97 98 103 104 107 108 109 111 112 114 121
18 96 97 100 103 104 105 107 108 109 116 117 119 120 121 122 124 127 130
14 95 100 101 107 110 111 113 117 119 120 124 125 127 128
20 95 96 100 101 102 106 107 110 111 112 116 121 123 124 125 126 127 128 129 130
17 95 97 98 101 102 106 109 111 112 113 120 122 124 127 128 129 130
11 95 107 109 111 114 115 117 120 124 128 130
24 96 98 100 101 103 104 106 108 109 110 111 112 113 114 115 116 117 118 119 121 123 125 129 130
11 100 102 104 108 111 115 116 120 122 124 125
24 95 97 98 99 100 102 103 104 105 107 109 110 115 116 117 118 119 121 122 124 126 127 128 130
20 97 100 103 104 106 108 110 111 112 114 116 118 119 120 121 122 126 127 128 129
24 95 97 98 99 100 102 104 110 111 112 113 115 116 118 119 121 123 124 125 126 127 128 129 130
24 96 97 98 99 101 102 104 105 106 107 109 110 111 112 114 120 122 123 124 125 126 127 128 129
12 96 101 104 105 111 117 120 121 122 124 126 129
13 95 98 99 104 108 109 110 112 115 117 121 123 130
21 95 97 99 101 103 106 107 108 110 113 114 116 117 119 121 122 123 126 128 129 130
14 98 103 104 106 111 114 115 116 117 118 121 122 123 128
14 97 99 102 103 104 106 107 111 112 114 117 119 125 129
13 95 97 98 103 104 105 108 110 113 116 117 119 129
18 97 99 100 104 105 106 107 109 112 113 116 119 120 123 124 125 126 130
23 95 96 98 100 101 103 104 105 107 109 111 112 113 114 117 118 120 121 122 123 126 129 130
14 95 96 103 104 105 109 113 116 120 121 122 123 127 130
14 95 96 99 100 102 104 106 110 111 113 114 120 128 129
13 96 99 100 102 103 105 108 114 118 120 122 124 127
15 97 100 102 106 108 109 111 117 118 120 121 125 127 128 129
11 98 100 102 103 104 109 112 113 121 123 125
24 95 96 97 98 99 103 106 107 109 110 112 113 114 116 117 118 121 122 123 124 125 128 129 130
17 96 97 98 99 104 105 106 108 110 112 113 114 116 120 123 128 130
11 101 105 108 110 114 115 117 119 120 129 130
16 97 102 103 108 109 113 114 115 118 119 120 121 125 126 127 128
23 95 96 99 102 105 106 108 109 111 112 114 115 117 120 121 123 124 125 126 127 128 129 130
18 96 97 98 99 101 103 106 107 111 112 113 114 116 120 121 122 129 130
16 97 98 102 103 104 105 108 112 115 117 120 121 125 126 127 128
18 99 103 106 107 108 109 112 116 117 118 120 123 125 126 127 128 129 130
13 95 96 98 101 106 109 113 117 124 125 126 128 129
15 96 97 98 101 102 108 110 112 115 119 121 122 125 126 128
19 95 98 99 101 102 106 107 109 112 113 114 118 120 122 123 125 128 129 130
21 95 97 98 101 103 104 108 109 110 113 114 115 119 120 122 123 124 125 127 129 130
14 95 96 100 102 104 110 111 112 113 114 116 125 126 128
24 96 97 98 99 100 102 103 104 105 106 108 109 110 113 114 120 121 122 123 124 125 126 127 128
18 96 99 100 102 104 107 108 109 110 115 116 117 119 120 123 124 125 128
21 95 98 99 102 104 105 106 107 108 109 113 116 117 119 122 124 125 126 127 129 130
18 95 99 100 104 105 109 110 111 114 118 119 122 123 124 125 126 129 130
11 98 101 102 104 106 108 111 112 119 123 127
10 95 97 101 103 105 110 119 125 128 130
17 95 96 97 98 99 103 104 105 108 109 112 113 117 121 127 128 129
24 95 96 97 100 101 102 103 105 106 107 108 109 111 112 113 116 120 121 122 123 124 126 128 130
11 96 105 109 111 112 117 118 119 121 126 129
18 96 97 99 100 102 103 104 107 108 110 113 116 119 122 123 124 126 129
19 99 102 104 105 107 108 110 111 113 114 115 117 118 119 121 122 124 125 130
21 98 99 100 101 102 103 104 106 107 110 111 114 116 118 119 120 123 125 128 129 130
15 98 103 104 108 110 111 112 114 115 119 120 122 125 127 129
18 96 97 98 99 100 101 103 106 108 109 114 120 121 123 125 128 129 130
22 96 97 98 99 102 103 104 105 106 107 108 109 115 116 117 119 122 123 125 128 129 130
21 95 96 98 99 101 103 105 106 107 108 109 111 113 119 121 122 126 127 128 129 130
13 102 103 105 106 107 109 110 112 113 115 123 124 126
23 95 96 97 98 99 101 103 105 106 108 111 112 113 114 115 116 118 120 122 124 126 127 128
13 97 98 103 106 110 115 116 118 122 123 126 128 130
17 95 96 97 98 99 100 102 104 108 109 110 111 114 116 126 127 130
12 95 100 101 103 105 113 114 115 118 121 127 129
22 96 98 100 101 102 105 107 108 110 112 113 114 115 116 117 119 121 124 125 126 127 129
19 96 97 98 100 104 105 106 107 108 109 116 118 120 122 123 125 127 128 130
14 101 103 104 105 110 112 114 115 117 118 121 123 125 127
20 95 96 99 100 102 103 104 107 109 111 113 115 117 118 122 124 125 127 128 129
12 99 102 103 105 111 115 122 123 124 125 128 129
18 97 99 102 103 105 107 109 111 112 113 115 117 120 123 124 125 126 127
16 97 101 103 104 106 108 109 111 112 114 118 119 120 125 127 128
17 95 97 98 101 103 108 110 117 118 119 120 121 122 123 126 129 130
11 97 100 102 104 106 113 116 119 127 128 129
12 96 97 98 99 110 111 112 113 115 124 126 130
16 96 100 101 108 109 110 114 116 117 119 120 121 122 124 127 129
20 96 99 101 102 104 105 106 107 110 111 112 114 117 118 119 122 123 124 125 128
16 95 100 101 103 105 106 107 111 115 117 120 124 126 128 129 130
24 96 97 98 104 105 106 107 108 109 110 111 113 114 115 116 117 119 123 124 125 126 127 128 130
19 95 99 102 104 105 107 108 111 112 113 116 117 120 122 123 125 126 128 129
20 95 98 100 102 104 106 107 108 109 110 111 119 121 122 123 124 126 128 129 130
11 96 104 105 106 111 113 117 122 124 125 128
11 100 103 113 114 118 120 122 123 126 128 129
15 95 96 97 98 104 105 107 112 113 121 122 123 125 129 130
21 97 98 99 101 102 103 104 107 109 113 115 116 117 119 120 121 122 123 126 127 130
18 95 96 97 98 102 103 104 105 107 108 109 111 116 120 121 123 127 130
20 96 97 98 99 101 102 106 107 109 110 113 114 115 117 118 121 122 124 127 130
11 98 99 100 103 107 110 112 116 124 127 128
23 97 98 101 104 105 106 107 108 109 110 112 113 114 115 117 119 120 121 123 124 125 127 130
20 95 96 99 100 102 103 105 106 109 110 111 112 113 114 118 123 124 127 128 129
17 97 98 99 102 104 105 106 107 108 109 110 113 114 115 117 123 127
13 97 101 102 103 104 107 110 111 118 120 123 124 125
23 95 96 97 99 100 101 102 103 105 107 108 109 110 114 115 116 118 119 121 123 125 126 127
24 95 96 97 98 99 100 102 103 104 105 106 108 109 110 116 118 119 123 125 126 127 128 129 130
13 97 99 101 102 104 105 109 114 116 119 120 127 130
20 99 102 103 104 105 107 109 110 111 114 115 118 119 121 123 126 127 128 129 130
11 95 96 98 105 107 111 112 120 121 122 124
24 96 97 98 101 103 104 107 108 109 110 111 113 115 116 117 118 120 121 122 123 125 126 128 130
16 95 96 97 99 103 105 107 110 111 113 118 123 125 127 129 130
24 95 96 97 98 99 100 101 102 105 106 108 109 110 112 113 114 115 116 118 120 124 128 129 130
20 95 97 98 99 102 103 104 105 106 107 109 110 111 119 120 121 122 123 125 129
20 96 97 98 103 104 105 106 107 110 112 114 115 116 120 124 125 127 128 129 130
18 95 96 97 99 101 102 103 104 109 115 116 118 120 122 124 125 128 129
14 95 96 99 102 105 107 110 113 115 118 119 123 124 126
17 95 96 97 99 102 104 106 108 109 111 112 116 117 118 124 128 130
13 95 102 103 104 106 108 112 113 116 117 119 120 121
19 95 96 97 98 99 101 105 110 113 115 117 120 123 125 126 127 128 129 130
19 95 97 98 99 100 101 103 106 110 116 117 119 121 124 125 127 128 129 130
21 95 96 97 98 102 104 108 109 110 112 113 115 116 117 119 121 124 127 128 129 130
12 95 100 105 113 115 116 117 119 126 127 129 130
22 95 100 101 103 104 105 110 111 112 113 115 116 119 120 121 122 123 124 125 126 127 128
25 95 97 98 99 101 102 104 105 106 108 110 112 113 114 115 117 118 122 123 124 125 126 127 129 130
14 95 97 100 109 112 113 120 121 122 125 126 128 129 130
23 95 96 97 98 100 101 102 108 109 111 113 115 116 118 119 120 121 122 123 124 127 129 130
22 96 98 99 100 102 105 107 108 110 111 115 116 119 120 121 122 123 124 127 128 129 130
21 98 100 101 102 104 106 107 108 109 110 111 114 115 116 120 121 123 125 127 128 129
19 97 98 100 101 103 104 107 109 110 113 115 117 118 120 121 123 126 129 130
20 95 97 99 100 102 103 104 106 107 109 110 111 118 119 121 123 127 128 129 130
20 96 98 100 102 105 106 107 109 110 111 112 114 115 117 119 122 123 125 127 129
18 95 97 98 101 102 104 107 108 114 115 117 118 122 124 125 127 128 129
15 96 97 98 100 106 107 108 113 114 117 119 124 125 127 130
14 95 96 100 101 106 107 110 117 121 122 124 125 126 127
18 96 101 104 105 106 107 109 111 112 113 115 116 119 121 126 128 129 130
13 97 99 100 107 109 111 113 114 119 122 123 124 128
24 95 96 97 100 101 104 105 106 107 109 111 112 113 118 120 121 122 124 125 126 127 128 129 130
18 95 100 101 102 104 105 106 107 108 109 112 115 118 119 120 122 124 130
17 96 97 98 100 107 110 111 112 113 114 115 116 117 118 123 124 128
18 95 96 97 98 99 103 106 108 109 111 112 113 114 119 120 121 126 129
15 96 98 99 102 104 105 106 114 115 120 121 125 127 129 130
20 96 100 101 104 105 110 111 112 113 114 115 116 118 119 120 122 123 124 125 130
22 95 96 97 98 99 100 101 103 106 108 109 110 111 112 114 116 117 119 122 125 126 127
17 95 97 101 102 104 107 108 109 114 116 118 119 121 122 123 126 127
21 95 97 98 102 103 105 106 107 111 114 116 118 120 121 123 125 126 127 128 129 130
16 95 97 98 99 101 108 109 110 113 114 118 120 124 127 128 129
19 95 96 97 98 101 103 104 106 108 109 112 115 116 117 119 120 122 124 127
24 95 96 98 99 101 102 103 105 107 108 109 111 112 113 114 115 116 118 120 122 123 126 128 129
12 95 96 97 99 103 105 108 109 113 116 128 130
19 95 96 101 102 103 104 107 109 112 113 115 117 120 121 123 125 127 128 129
13 95 96 106 109 111 112 115 116 117 121 122 123 125
13 95 96 98 101 103 104 107 108 109 113 117 123 126
16 97 102 104 106 107 108 109 112 114 115 118 119 122 123 124 125
13 95 97 101 102 105 106 108 109 111 118 123 124 126
24 95 96 98 100 101 103 104 105 107 108 110 112 114 115 117 118 119 121 123 125 126 127 128 130
15 95 98 99 100 102 104 105 109 110 113 119 124 126 128 130
19 97 98 100 105 106 108 109 111 112 113 114 116 117 118 120 122 123 124 127
23 95 97 98 99 100 102 106 107 108 109 110 112 114 116 118 119 120 121 122 125 126 127 130
23 97 98 99 101 103 105 106 107 108 109 110 111 113 115 116 117 118 119 121 123 127 128 130
19 95 96 98 99 100 101 102 104 105 111 112 113 116 117 118 121 123 127 129
16 98 100 104 107 108 109 110 112 113 114 119 123 124 126 127 129
15 99 101 102 103 106 108 112 116 117 120 122 123 124 125 130
12 96 97 98 100 104 106 107 118 119 124 126 128
18 98 100 101 104 107 110 111 113 115 117 118 119 120 122 124 125 127 128
22 99 100 101 103 104 107 108 110 111 112 116 117 119 120 122 123 124 125 126 127 129 130
22 96 97 99 100 101 102 103 104 105 109 111 112 114 115 117 118 121 122 123 126 127 129
11 97 100 101 109 114 117 118 121 124 126 129
20 95 96 99 100 101 102 104 107 108 111 113 114 115 118 119 125 126 127 128 129
16 95 96 97 99 100 101 105 110 111 112 119 122 123 124 126 128
20 97 99 100 106 107 109 111 115 116 118 119 120 122 123 124 125 127 128 129 130
18 97 100 102 103 106 108 110 112 114 115 117 122 123 126 127 128 129 130
14 95 100 102 106 107 109 112 113 115 117 122 125 128 130
22 95 96 97 99 100 101 103 104 105 106 108 109 110 111 113 114 115 117 119 121 126 128
18 95 99 100 103 104 105 106 107 109 113 115 116 117 119 120 123 124 130
17 97 98 106 108 109 110 112 113 114 115 116 117 119 121 122 126 130
18 95 98 103 105 108 109 110 111 112 116 119 122 123 125 126 128 129 130
17 95 97 99 100 106 107 112 114 118 119 120 121 122 124 125 127 130
18 96 99 101 107 108 109 112 113 118 119 120 121 122 123 124 126 127 130
16 97 100 103 105 107 111 113 115 121 122 123 125 127 128 129 130
11 95 97 99 101 102 105 113 115 120 127 129
17 96 97 100 103 104 105 106 108 109 115 121 122 123 124 126 129 130
24 96 98 100 101 102 103 104 105 106 107 108 110 111 112 114 115 117 120 121 124 125 126 128 129
11 96 98 104 106 108 109 111 119 121 125 130
13 96 100 101 103 107 113 115 117 118 121 122 129 130
12 99 100 101 102 103 104 105 110 122 126 127 130
17 96 101 102 103 104 105 106 109 111 112 115 119 121 122 123 125 128
25 95 96 97 98 99 101 102 103 104 105 107 108 110 112 113 114 115 116 118 119 120 125 126 127 128
16 97 100 101 103 104 108 109 110 111 113 114 117 121 123 126 128
24 95 96 97 98 99 100 102 104 107 109 112 115 116 117 118 119 121 123 124 125 126 128 129 130
17 95 97 101 103 105 108 110 111 112 113 116 118 121 123 124 127 130
22 95 96 97 98 101 103 104 107 108 109 110 111 112 114 116 117 118 120 123 126 129 130
22 95 96 97 98 100 101 103 105 106 107 108 111 113 115 117 118 119 121 124 128 129 130
16 95 96 98 101 107 108 109 111 112 113 117 118 120 122 125 128
10 102 103 109 115 119 120 122 123 124 127
11 96 99 106 107 110 111 112 115 122 123 124
11 95 99 100 102 104 105 108 111 120 126 130
12 96 102 105 107 108 109 112 114 116 121 126 130
18 95 96 97 98 99 100 105 111 114 116 117 118 119 125 126 127 128 130
22 96 99 100 101 102 103 104 105 106 108 110 111 113 114 117 118 121 122 125 127 128 129
13 95 96 106 107 108 109 110 111 114 115 123 125 130
24 95 96 98 100 103 105 107 108 111 113 114 115 116 118 119 120 121 122 123 124 125 128 129 130
18 95 96 99 100 101 103 105 107 109 112 114 120 121 124 125 127 128 129
15 99 102 105 109 110 112 114 115 117 118 120 122 123 127 129
16 99 104 106 107 109 110 112 115 116 118 119 122 124 127 128 130
19 97 98 100 102 103 106 109 112 113 114 115 116 118 119 120 121 122 123 129
17 95 96 97 98 101 102 103 105 109 111 112 115 118 119 125 126 130
23 95 96 98 100 102 104 106 107 108 109 112 114 115 116 120 121 122 124 125 126 127 129 130
12 96 97 98 101 108 110 113 114 116 117 126 130
14 95 96 99 102 103 110 113 121 122 123 124 125 129 130
23 95 98 99 100 101 102 103 107 109 110 112 115 116 117 120 121 122 123 124 125 127 128 130
24 96 97 98 99 101 102 103 104 106 107 109 111 112 113 114 116 119 120 121 123 124 125 128 130
19 97 99 100 102 104 108 109 111 112 115 116 117 118 120 121 123 124 126 127
21 95 97 101 103 105 106 109 110 112 114 116 117 118 119 120 123 124 126 128 129 130
15 95 96 97 101 104 105 108 110 111 113 121 122 124 126 128
24 97 98 99 100 103 105 107 108 109 110 111 112 113 114 115 117 120 121 122 124 126 127 128 130
15 97 98 99 100 101 106 108 112 113 114 115 118 119 122 125
22 97 98 100 101 104 105 106 107 108 109 114 116 117 119 121 122 123 124 126 127 128 130
25 96 97 98 99 101 102 103 107 109 110 111 112 113 114 117 118 119 120 122 123 124 125 127 128 130
23 95 97 98 100 101 103 104 105 106 108 110 111 113 114 115 116 117 118 121 122 124 125 128
13 101 102 104 106 109 111 114 117 120 122 123 125 126
24 99 101 102 103 104 105 107 108 110 111 112 113 114 115 116 117 118 119 121 122 123 124 127 130
19 96 100 101 102 103 104 105 107 113 116 117 119 120 121 122 124 126 127 128
16 95 99 102 104 108 110 112 118 120 122 123 125 126 127 128 130
15 95 97 100 102 104 107 109 111 113 114 118 126 127 128 129
13 95 96 97 99 105 107 110 112 118 120 123 125 129
11 95 98 102 104 106 111 115 119 120 122 123
11 96 105 109 114 115 116 118 122 124 126 128
15 99 104 105 106 109 111 112 113 115 119 120 123 125 126 129
25 95 96 97 100 101 102 103 104 106 109 110 112 113 115 116 117 119 121 123 124 125 127 128 129 130
14 98 100 103 105 107 108 109 112 113 115 118 121 125 126
20 95 98 99 102 103 104 107 108 110 112 115 116 118 119 121 122 123 126 127 129
20 98 99 101 104 105 106 109 111 113 116 117 119 120 122 123 124 125 127 128 129
20 96 97 99 100 104 106 107 108 109 111 112 114 116 120 121 122 123 124 125 129
16 95 97 99 101 104 108 116 119 122 123 124 125 126 127 129 130
23 96 97 99 100 105 106 109 110 111 112 113 114 115 116 118 119 120 121 122 126 127 129 130
16 96 98 99 100 102 104 108 111 112 113 116 121 122 123 125 130
19 97 100 101 104 105 107 108 112 113 114 115 117 118 124 125 126 127 128 129
23 95 97 98 101 102 103 104 105 106 107 109 111 114 115 117 119 120 122 123 125 126 128 130
18 96 97 101 103 106 109 111 113 115 116 120 121 122 123 124 127 128 130
14 95 97 98 102 104 108 110 111 117 118 119 124 125 127
21 95 96 97 101 102 103 104 106 108 109 110 111 114 117 120 121 123 124 127 129 130
21 95 97 103 105 106 108 109 110 113 115 116 118 119 121 123 124 125 126 128 129 130
16 97 98 100 101 105 107 109 111 112 115 116 117 118 122 124 129
23 95 96 99 100 101 102 105 107 108 111 114 115 116 117 118 119 120 121 122 123 124 129 130
13 98 101 102 103 104 106 112 117 120 121 128 129 130
13 103 104 105 109 112 113 114 116 122 123 128 129 130
20 95 96 97 98 99 100 101 104 105 106 107 108 115 116 117 118 119 123 124 128
13 97 98 100 101 104 108 112 113 116 120 126 127 130
13 96 99 100 104 107 109 110 111 115 119 123 125 126
17 96 99 101 102 104 105 106 108 110 111 113 115 116 119 120 128 130
11 100 108 112 113 117 118 120 124 126 127 129
20 97 102 103 104 106 107 108 109 110 111 112 115 116 117 118 122 123 126 128 129
24 95 98 99 100 101 105 106 107 108 109 110 112 114 115 116 118 119 121 122 123 124 125 126 129
15 97 98 99 100 103 105 106 109 120 121 122 126 127 129 130
11 99 101 103 106 107 109 117 119 120 124 127
19 95 96 97 98 100 103 104 106 110 113 114 117 118 119 120 123 125 129 130
13 105 107 109 111 113 115 116 117 121 124 125 127 128
16 100 101 102 107 114 115 116 117 118 121 122 123 125 127 128 130
23 95 99 100 102 104 105 107 108 110 111 113 115 116 117 118 119 120 121 124 125 127 129 130
