166 1470
28 1 2 3 4 5 6 7 8 9 10 11 12 13 14 15 16 17 18 19 20 21 22 23 24 25 26 27 28
11 1 5 6 9 11 12 16 19 21 24 25
11 1 2 3 6 7 8 16 20 24 27 28
21 1 2 3 4 5 6 7 8 9 10 11 13 16 19 20 21 22 23 24 25 26
10 3 7 8 10 11 14 15 16 23 26
18 1 2 4 5 7 8 9 10 13 15 16 18 19 20 22 25 26 27
8 2 3 5 21 22 24 25 27
10 2 7 11 12 13 19 20 21 23 26
9 2 3 7 8 13 16 19 23 24
19 2 3 4 5 6 8 13 14 17 18 19 20 21 22 23 24 26 27 28
11 5 7 8 11 15 16 17 19 21 22 28
13 2 4 5 10 12 13 14 16 17 20 23 25 26
17 1 5 6 7 9 10 12 13 14 15 18 20 21 22 25 26 28
18 2 3 6 8 9 10 12 13 14 15 17 19 21 24 25 26 27 28
15 1 2 3 4 5 7 8 12 13 16 19 23 24 26 27
14 1 2 3 4 6 7 11 12 14 16 23 24 26 28
20 1 2 4 5 6 7 8 10 11 14 15 16 17 20 21 22 23 26 27 28
16 3 4 5 8 10 11 12 13 14 15 16 17 21 22 24 25
19 1 2 4 5 6 7 8 9 10 13 14 15 16 18 20 21 23 25 27
21 1 2 4 5 7 8 9 11 12 13 14 15 17 19 21 22 23 25 26 27 28
12 1 2 4 6 12 14 15 22 23 24 26 28
18 1 2 4 5 7 8 9 11 12 13 17 21 22 23 24 25 26 27
19 4 5 9 10 11 13 14 16 17 18 19 20 22 23 24 25 26 27 28
19 2 3 4 6 9 10 11 12 15 18 20 21 22 23 24 25 26 27 28
12 2 3 6 8 9 10 11 12 15 16 17 18
11 2 5 11 13 17 18 20 21 22 25 27
21 1 2 3 4 5 6 7 9 10 11 12 13 15 16 17 19 20 21 23 26 28
15 1 2 3 4 5 6 8 11 14 16 18 19 20 21 22
16 1 2 3 6 10 12 14 17 18 19 22 23 24 25 27 28
12 2 4 6 9 10 13 14 15 19 21 23 26
8 11 13 14 20 22 23 27 28
9 3 7 17 18 19 22 23 26 28
21 1 3 5 6 7 8 9 10 11 13 14 15 16 17 18 20 21 22 25 27 28
22 2 3 4 5 7 8 9 10 12 13 14 15 16 17 18 19 20 22 23 24 27 28
11 7 9 14 15 18 20 22 24 26 27 28
18 2 3 4 6 11 12 13 14 15 16 17 20 21 23 24 25 26 28
17 1 2 3 4 7 8 10 14 16 18 20 21 22 23 25 27 28
10 2 8 11 12 14 16 17 23 24 27
13 1 5 11 14 18 19 20 21 22 23 25 26 28
21 1 2 3 5 6 7 8 11 12 14 15 17 18 19 21 22 24 25 26 27 28
13 1 5 6 9 10 13 14 20 21 22 23 25 28
19 1 2 4 5 6 8 9 12 13 14 15 16 18 19 20 22 24 26 28
10 2 12 16 17 19 22 23 25 27 28
17 1 2 4 5 7 9 10 11 12 14 15 16 17 19 20 23 24
19 2 4 5 7 10 12 13 14 15 16 17 18 19 20 22 24 25 26 28
10 3 7 10 12 15 16 19 21 23 25
16 4 7 8 10 11 13 15 16 19 20 22 23 24 26 27 28
19 1 2 3 4 5 6 7 8 12 13 14 15 16 17 19 22 25 26 27
9 1 3 6 11 12 13 17 23 28
10 1 3 5 7 8 13 14 17 22 23
10 4 5 6 13 14 18 20 22 25 27
22 2 3 4 5 6 9 10 12 13 14 15 17 18 19 20 21 22 24 25 26 27 28
15 3 5 6 9 10 14 15 16 17 18 22 23 24 25 27
9 4 6 8 10 15 16 21 25 28
13 2 7 9 13 14 15 16 18 21 22 23 25 27
20 2 3 4 5 7 9 10 11 12 14 15 16 17 19 20 21 24 25 26 27
12 5 8 9 13 14 15 16 18 21 25 26 28
11 3 7 8 9 10 18 20 21 24 27 28
18 1 2 3 4 5 8 9 11 12 14 15 17 19 20 21 24 25 26
8 2 3 8 10 14 19 20 24
20 3 4 5 6 7 8 12 13 14 15 16 17 20 21 22 23 24 25 27 28
17 2 3 4 5 6 8 12 14 15 19 20 21 22 24 25 26 28
21 2 3 4 5 8 9 12 13 15 16 17 18 20 21 22 23 24 25 26 27 28
22 1 2 3 4 5 7 8 9 11 12 13 14 15 16 17 18 19 22 24 25 26 27
11 2 4 5 6 11 16 18 21 22 24 28
17 4 5 6 7 9 11 13 14 16 17 18 22 23 24 25 26 28
21 2 4 5 6 8 9 10 12 13 14 16 17 18 19 20 22 23 25 26 27 28
9 4 11 13 14 15 18 19 24 26
8 9 10 12 16 17 18 20 25
12 2 4 5 8 10 12 13 14 16 20 23 27
13 1 2 3 10 12 13 14 15 16 19 22 26 27
11 1 2 4 7 11 15 18 20 23 26 28
16 1 3 5 6 7 11 16 17 18 19 20 22 23 24 25 27
10 2 7 12 14 20 22 24 25 26 27
17 1 2 4 5 7 9 11 13 15 16 17 18 22 23 25 26 28
14 4 5 6 7 12 14 15 17 18 21 22 24 25 27
14 1 2 5 6 8 13 20 21 22 23 24 25 27 28
17 1 2 4 5 6 7 8 10 15 16 17 20 21 23 25 27 28
20 2 3 5 6 7 8 9 10 12 13 15 18 19 20 21 22 23 24 25 28
20 1 2 3 4 6 7 8 9 10 11 12 13 15 17 18 21 22 24 25 28
17 1 2 5 6 7 9 10 14 15 16 17 18 21 24 25 27 28
11 2 6 8 9 13 15 16 17 23 24 26
19 2 4 5 6 7 9 10 11 12 13 14 15 18 21 23 24 25 26 28
10 1 10 11 17 18 21 23 25 27 28
9 1 4 5 11 20 21 25 26 27
13 1 6 9 12 14 20 21 23 24 25 26 27 28
9 5 6 8 9 16 19 20 23 27
18 1 2 4 6 7 8 9 10 12 17 18 19 20 21 23 25 26 28
17 5 6 9 10 12 14 15 16 17 18 19 20 23 24 26 27 28
19 2 3 4 5 6 7 8 9 11 12 14 15 20 21 22 23 24 25 28
11 1 5 13 17 18 23 24 25 26 27 28
16 2 3 6 7 15 16 17 19 21 22 23 24 25 26 27 28
15 2 4 6 8 9 10 12 13 15 19 20 22 23 27 28
37 29 30 31 32 33 34 35 36 37 38 39 40 41 42 43 44 45 46 47 48 49 50 51 52 53 54 55 56 57 58 59 60 61 62 63 64 65
25 29 30 31 32 34 35 36 37 38 39 40 41 42 43 45 46 47 48 53 59 60 61 62 63 65
23 29 30 31 32 33 34 36 41 43 44 45 46 48 51 52 54 55 56 57 58 60 61 63
12 30 36 37 43 45 47 48 53 54 60 62 63
22 29 31 32 34 35 36 40 41 42 43 44 45 46 50 51 54 55 58 59 60 63 65
25 29 31 32 33 35 36 39 40 43 44 45 47 49 50 51 53 55 56 58 59 60 61 63 64 65
16 30 32 41 42 45 46 48 50 51 52 57 58 61 62 63 64
11 29 37 41 43 48 51 55 57 60 62 64
27 29 30 31 32 33 36 38 40 41 43 44 45 46 47 48 49 52 53 54 55 56 57 58 59 60 61 65
14 31 32 34 39 40 43 44 46 49 52 54 56 57 61
25 30 31 33 34 35 38 39 40 41 42 46 48 49 50 51 53 54 55 57 59 60 62 63 64 65
14 36 37 41 44 45 51 53 54 57 59 60 61 63 64
19 29 30 32 33 37 40 41 42 43 44 46 52 53 57 59 60 61 62 63
26 29 30 31 33 34 35 37 38 39 41 42 43 44 45 46 47 48 49 50 53 54 56 58 61 63 65
23 29 31 32 34 35 39 41 42 43 44 45 50 51 53 54 56 57 58 59 60 62 64 65
21 29 32 33 34 35 36 37 38 40 43 44 45 46 48 50 53 54 58 59 60 61
19 30 31 32 33 35 36 38 39 40 42 45 47 49 51 52 55 56 57 58
28 29 31 35 36 37 38 39 40 41 42 43 44 46 48 49 51 52 53 54 55 57 58 59 60 61 62 63 64
22 29 31 32 33 34 35 36 37 38 39 40 46 49 52 54 55 57 59 60 61 63 64
20 29 30 31 33 35 40 42 43 44 47 50 51 52 54 56 57 60 61 64 65
11 30 41 42 43 44 45 46 49 54 60 61
27 29 31 35 36 37 38 39 40 41 42 43 45 46 49 50 51 52 53 55 57 58 60 61 62 63 64 65
17 30 31 36 37 38 41 42 46 48 51 53 54 56 57 59 60 65
11 32 34 35 36 38 45 46 49 55 57 61
16 29 32 36 37 38 39 41 42 43 44 47 52 56 61 62 64
20 31 33 34 35 38 42 43 45 46 47 48 49 50 51 53 54 59 62 63 65
26 29 31 32 33 34 35 37 38 39 40 42 44 45 46 49 51 52 53 55 56 57 58 59 60 61 64
16 32 33 39 41 43 44 48 50 53 56 57 59 61 62 63 64
20 30 31 36 37 38 40 41 42 44 46 47 52 54 56 57 58 59 60 61 65
14 30 32 34 42 44 45 46 48 51 57 58 60 62 65
24 31 32 33 34 37 38 40 42 43 45 46 47 48 51 52 53 54 56 57 58 59 60 61 64
28 29 30 32 33 34 35 36 37 38 39 41 43 44 45 49 50 52 53 54 55 58 59 60 61 62 63 64 65
14 29 30 31 32 36 39 46 50 53 54 57 58 59 64
24 68 69 71 72 75 84 85 89 93 94 101 109 110 111 114 115 116 119 120 122 124 127 129 132
30 66 67 68 70 74 76 78 79 81 83 88 89 93 102 104 108 109 114 115 119 120 121 123 124 125 127 131 133 134 136
17 69 70 76 78 92 94 106 111 114 115 118 119 122 123 126 129 135
16 76 79 90 92 94 95 97 101 103 107 109 114 118 119 121 133
11 67 68 70 75 84 103 107 114 117 135 136
13 71 75 77 80 84 87 90 91 96 99 105 113 126
10 72 82 85 92 95 97 107 122 130 132
44 67 68 72 73 76 77 78 79 82 83 84 87 88 89 90 93 94 95 99 100 101 102 104 105 109 110 111 112 113 114 115 118 119 120 121 122 123 126 127 128 129 131 134 135
16 66 68 69 71 74 80 81 83 87 91 93 122 124 125 127 132
21 70 77 79 82 84 89 91 94 95 98 100 102 105 107 110 112 118 119 123 127 136
25 66 69 72 78 82 85 86 88 93 95 96 97 98 104 106 108 116 117 119 121 124 125 126 128 130
27 69 70 73 74 77 78 79 83 84 85 87 88 91 94 96 100 101 106 108 111 116 120 121 127 130 131 136
25 66 68 72 73 74 76 85 86 97 99 100 103 104 108 110 111 116 117 120 121 124 125 129 130 133
41 67 74 76 78 79 80 81 82 84 86 87 88 89 92 93 94 96 97 98 99 100 101 103 106 109 110 112 116 117 118 119 120 121 122 123 125 128 129 131 133 135
29 66 67 68 70 72 76 77 78 82 83 84 85 95 97 98 101 102 105 107 112 114 117 119 124 126 127 130 133 135
17 70 80 85 90 93 96 99 105 107 111 115 117 119 122 125 127 129
26 67 71 72 74 76 79 80 83 86 88 89 91 95 102 103 106 108 111 113 116 117 126 128 130 131 133
17 68 74 77 87 91 92 94 97 98 102 103 105 107 117 122 127 134
24 66 67 69 72 76 79 80 82 83 85 89 95 99 100 101 104 108 109 111 115 118 129 135 136
20 67 68 72 78 81 85 86 97 104 106 108 109 117 125 126 129 130 132 133 135
20 66 71 73 77 80 90 93 95 96 99 100 101 104 108 111 113 120 121 124 127
25 66 67 74 75 77 79 81 83 84 87 88 95 98 99 102 104 105 109 113 120 127 128 132 134 136
18 67 70 71 75 76 77 79 87 91 99 101 102 118 122 123 129 132 135
21 73 75 78 81 84 86 90 93 96 106 110 112 114 119 120 121 125 126 130 131 132
9 70 71 88 113 116 123 124 128 133
19 72 77 78 83 84 86 92 94 96 100 102 110 113 118 120 123 131 135 136
29 68 71 72 73 80 82 85 86 89 90 91 93 96 97 100 101 103 107 108 110 112 116 117 121 124 125 130 131 133
17 76 80 81 82 86 87 91 96 97 98 100 106 112 113 118 125 134
17 66 67 73 87 88 89 98 102 105 107 113 114 116 121 131 134 135
40 66 68 69 74 76 77 78 80 82 83 84 85 86 87 90 92 93 94 96 102 104 105 107 108 109 111 112 115 116 117 118 119 125 126 128 130 132 134 135 136
18 69 73 86 94 98 100 101 103 106 110 111 112 116 117 118 128 129 135
31 68 69 70 73 74 75 78 81 83 84 85 87 88 94 95 103 105 106 107 108 111 115 116 117 121 123 124 126 133 134 135
30 66 67 68 69 70 73 74 75 77 78 80 85 86 94 95 97 99 100 102 103 109 113 114 115 121 124 128 131 133 134
14 67 71 77 78 82 93 99 107 108 109 111 117 120 125
21 66 67 71 72 77 79 86 89 90 91 93 99 100 101 102 104 109 113 120 129 131
15 72 79 86 87 88 94 95 97 102 109 116 120 126 134 135
19 76 80 82 92 96 97 98 110 112 114 118 119 122 125 127 128 130 132 136
28 68 73 74 80 81 83 84 89 90 92 94 100 103 105 107 109 110 111 112 113 114 115 120 127 131 133 134 136
16 72 78 79 82 85 87 88 109 110 112 119 122 123 126 129 131
26 71 72 76 79 82 83 84 87 89 91 92 93 96 98 101 105 107 110 111 112 117 119 122 126 129 132
38 66 67 68 73 76 78 80 82 85 86 87 89 92 95 96 97 99 100 101 102 104 105 110 111 113 116 119 120 121 122 124 126 127 130 131 134 135 136
41 70 71 72 74 75 76 78 81 83 84 86 87 88 90 91 93 94 96 98 99 100 101 103 107 109 110 111 112 114 115 116 117 118 119 123 124 125 127 130 131 136
33 66 68 74 77 78 79 83 86 90 91 92 95 96 99 100 104 106 107 109 110 111 112 113 116 119 121 125 127 130 133 134 135 136
11 76 80 87 90 92 96 113 114 116 121 128
33 69 70 71 72 74 75 77 79 81 83 84 88 90 91 93 94 98 103 106 107 108 109 112 114 115 117 118 123 125 128 129 132 133
31 67 70 71 72 73 75 79 81 88 89 91 95 97 98 99 100 101 103 106 110 113 114 120 121 122 123 124 127 129 131 133
25 67 70 71 78 79 80 81 82 88 89 90 93 95 98 101 105 106 109 114 118 119 126 127 131 132
33 66 67 71 72 73 76 81 82 83 89 91 92 94 96 98 99 101 102 104 106 107 110 112 113 119 120 123 124 125 127 132 133 136
12 73 77 78 98 106 111 115 117 123 126 130 134
18 66 67 71 75 81 82 85 91 93 98 101 103 105 112 127 129 132 133
45 66 68 69 70 73 75 77 78 81 82 84 85 87 90 92 93 94 96 97 98 99 100 101 104 105 107 109 110 112 114 115 118 119 120 121 122 123 124 125 127 129 132 134 135 136
19 66 69 71 73 74 75 83 88 93 99 101 103 111 115 120 122 124 131 134
17 71 73 80 81 86 87 88 90 94 100 108 115 121 122 123 129 132
25 66 69 74 75 76 77 81 82 84 91 92 100 101 103 108 110 112 113 118 121 124 130 131 133 136
30 66 67 70 73 74 77 78 79 83 88 90 92 95 99 102 103 104 105 107 108 117 121 123 126 128 130 131 133 135 136
23 70 72 79 81 83 84 85 93 94 100 103 108 110 115 122 123 125 126 127 128 129 132 136
38 68 69 70 74 75 77 78 79 80 84 85 86 87 88 90 93 95 97 100 103 105 108 109 111 114 115 116 117 118 121 122 126 128 129 130 131 134 135
19 69 73 76 95 99 104 108 109 111 114 116 117 119 121 122 124 125 126 128
21 69 75 77 83 84 87 91 92 94 96 102 107 112 113 115 122 123 128 134 135 136
25 69 74 75 79 89 91 92 93 96 99 103 104 106 109 110 111 113 116 118 120 125 128 131 134 136
17 71 74 76 80 82 90 92 95 96 97 99 104 109 112 117 118 133
26 68 70 74 75 79 80 83 87 90 94 95 101 104 106 110 112 116 118 123 126 127 128 129 130 131 132
30 66 67 68 69 73 77 79 80 82 85 89 92 95 97 102 104 105 106 108 113 120 121 122 126 128 129 132 133 134 135
27 66 69 70 71 74 75 80 81 85 86 91 92 96 97 98 103 106 107 108 116 117 124 125 130 132 133 136
15 68 70 74 79 80 87 88 89 90 97 106 107 115 130 134
24 69 74 76 81 83 86 89 91 92 94 97 98 102 105 106 115 116 118 125 128 130 132 133 134
31 66 69 72 73 76 81 84 85 86 88 89 91 92 96 97 98 100 102 103 105 113 114 115 119 121 122 124 133 134 135 136
27 67 70 72 75 82 84 85 86 88 89 96 99 100 102 104 105 108 110 112 113 116 120 128 129 131 135 136
44 66 67 68 71 72 75 76 80 81 82 86 89 90 92 93 95 97 98 99 102 103 104 105 107 109 110 112 113 114 115 117 118 119 122 123 124 125 126 128 129 132 133 134 135
14 67 68 71 73 78 83 89 98 104 106 114 123 128 132
14 68 69 75 77 78 86 91 101 106 111 119 120 124 130
38 67 69 70 71 72 73 75 76 80 81 82 84 85 87 88 89 93 94 97 98 101 102 103 105 108 114 115 117 118 120 122 123 124 126 128 129 131 132
15 81 88 90 104 106 108 116 118 120 123 125 127 130 135 136
30 66 68 69 70 71 72 73 75 77 83 85 90 91 95 102 104 105 107 108 111 113 114 115 124 126 127 130 132 134 136
18 73 75 78 86 90 93 96 106 110 112 114 119 120 121 126 130 131 132
6 67 70 84 117 135 136
7 76 80 87 92 96 114 128
21 66 67 68 76 77 78 83 85 95 97 98 101 102 107 114 117 119 124 126 127 135
8 73 86 87 90 94 108 123 132
17 67 71 79 80 81 82 89 90 93 98 105 114 118 126 127 131 132
12 71 74 80 82 92 95 96 104 112 117 118 133
8 69 75 91 101 106 111 119 120
15 71 72 79 83 87 91 98 101 105 112 117 119 122 126 129
17 69 75 89 93 96 99 103 104 106 109 111 113 116 120 125 128 136
11 77 83 92 96 102 110 113 118 120 123 131
28 71 74 76 81 83 86 87 88 91 93 94 96 98 99 100 101 107 109 110 112 114 115 117 118 124 127 130 131
5 72 92 97 107 130
17 78 79 81 88 89 93 102 114 115 120 124 125 127 131 133 134 136
11 74 77 94 97 98 102 103 107 122 127 134
28 70 71 72 74 75 79 81 83 84 91 93 94 98 103 106 107 108 109 112 114 115 117 118 123 125 128 132 133
13 73 76 95 99 104 108 111 114 116 119 121 124 126
23 66 69 72 73 76 81 84 85 88 89 91 96 97 98 100 102 114 115 119 124 133 134 136
10 71 73 81 94 100 115 121 122 123 129
36 67 68 72 73 76 77 78 79 84 87 88 90 94 95 100 104 105 109 110 111 112 113 114 115 118 119 120 121 122 123 126 127 128 131 134 135
7 77 98 106 115 117 130 134
12 71 73 80 86 87 90 94 108 115 121 122 123
7 67 70 75 84 103 107 136
17 70 71 74 75 81 85 96 97 103 106 107 117 124 125 130 133 136
23 67 71 74 76 79 80 83 86 88 89 91 95 102 103 106 108 113 117 126 128 130 131 133
14 67 82 88 89 96 99 104 108 110 113 120 128 129 136
18 73 75 81 84 86 93 96 106 110 112 114 119 120 121 125 126 131 132
16 68 71 84 85 89 94 101 109 110 111 119 120 122 124 127 129
17 66 68 73 86 97 99 103 104 108 110 111 117 120 121 124 130 133
12 70 77 79 82 84 89 107 110 112 118 123 136
13 69 71 72 94 101 109 111 114 115 120 127 129 132
13 66 67 71 77 79 91 93 99 101 102 104 113 120
12 68 72 76 85 86 97 103 108 111 116 117 125
17 66 69 74 75 76 91 100 101 103 108 118 121 124 130 131 133 136
15 68 70 74 87 94 95 104 112 116 118 126 127 129 131 132
17 69 75 77 83 84 87 92 94 96 102 107 112 113 115 123 135 136
22 66 69 72 78 85 86 88 93 96 97 104 106 108 116 117 119 121 124 125 126 128 130
16 69 75 76 77 81 82 92 100 110 112 113 118 121 124 130 131
7 71 77 84 87 91 105 126
23 67 74 79 80 81 86 87 88 89 93 94 97 98 99 103 109 110 112 118 120 122 123 125
18 68 70 73 75 78 81 83 85 87 94 95 103 105 106 108 124 126 135
10 67 75 77 79 87 99 102 118 123 129
20 66 67 68 70 73 74 78 86 95 97 99 100 102 103 109 115 121 128 133 134
20 69 75 76 77 81 82 84 91 92 101 103 108 110 112 113 121 124 131 133 136
12 73 81 86 88 94 100 108 115 121 122 123 129
11 76 90 92 94 95 103 107 109 119 121 133
15 67 70 71 75 76 77 79 87 91 101 102 122 123 129 135
23 70 73 74 78 79 88 90 92 95 99 102 103 104 105 108 117 123 126 128 130 131 133 136
13 68 72 78 81 85 104 117 125 126 129 132 133 135
27 70 71 72 75 81 83 84 88 91 93 94 98 100 101 103 107 109 110 111 114 115 116 119 124 125 127 131
10 67 68 71 78 83 89 104 114 123 128
17 69 76 81 83 86 89 91 94 97 98 105 106 116 118 125 130 133
21 66 68 69 70 71 72 73 75 77 85 91 102 107 108 113 114 124 126 127 130 132
12 82 87 91 96 98 100 106 112 113 118 125 134
18 68 71 72 75 84 89 94 101 109 110 111 114 119 120 122 127 129 132
10 68 69 74 80 83 87 93 124 125 132
19 71 72 79 82 83 84 89 92 96 98 101 105 107 111 112 119 122 129 132
32 69 70 74 75 77 78 79 84 85 86 88 90 93 95 97 100 103 105 108 109 111 114 116 117 118 121 122 126 128 129 134 135
26 68 71 75 76 80 81 82 86 89 90 92 95 98 104 107 112 114 118 119 123 124 125 126 128 132 133
8 72 78 79 82 87 109 112 131
10 81 82 87 96 97 100 106 113 118 125
14 73 75 78 81 86 93 106 112 114 119 120 121 125 126
12 71 80 81 86 87 88 94 115 121 122 123 129
20 68 71 72 73 80 82 86 89 91 101 103 108 110 112 116 121 124 125 130 131
15 66 71 74 75 80 86 91 92 98 107 116 124 125 133 136
8 68 69 75 91 101 106 111 120
22 73 78 79 83 84 90 95 100 101 104 111 113 114 115 120 121 122 123 126 127 131 135
28 67 69 70 71 72 76 80 82 84 85 89 93 94 97 101 102 108 114 115 117 118 120 122 123 124 126 129 132
11 67 68 71 73 78 98 104 106 123 128 132
12 76 80 82 96 97 98 110 112 122 127 128 136
27 70 71 72 75 76 78 87 90 91 93 96 98 99 100 101 109 110 111 114 115 116 119 123 124 127 130 131
27 66 67 68 76 78 82 85 86 87 89 96 99 100 101 102 110 111 116 119 120 121 124 126 127 131 134 135
19 67 68 69 70 73 74 78 80 95 97 100 102 103 109 113 121 124 128 134
25 67 69 72 73 76 80 81 82 89 94 98 102 103 105 115 118 120 122 123 124 126 128 129 131 132
16 66 67 69 79 85 89 95 102 104 105 120 121 122 132 133 135
18 69 72 78 82 85 86 88 95 98 104 106 108 117 119 124 125 126 130
10 76 90 94 95 101 103 114 119 121 133
7 68 77 86 91 111 119 124
17 66 74 79 81 83 84 88 95 98 99 105 109 113 120 127 132 136
10 77 87 92 97 103 105 117 122 127 134
21 67 70 71 78 79 80 81 82 88 89 90 93 95 98 106 118 119 126 127 131 132
13 74 79 86 88 91 95 102 113 116 117 126 128 133
17 66 68 72 75 77 83 91 95 105 107 108 113 114 124 130 134 136
15 72 78 83 86 94 96 102 110 113 118 120 123 131 135 136
17 70 79 84 85 93 94 100 108 110 115 122 123 125 126 127 128 129
18 72 76 79 82 83 84 87 89 91 92 93 105 107 112 117 122 129 132
8 68 78 89 98 106 114 123 132
26 67 69 71 72 76 80 81 82 84 85 93 97 98 102 105 108 114 115 118 120 122 123 124 128 129 132
20 67 70 71 78 79 81 82 89 90 93 95 98 101 109 114 118 119 127 131 132
15 67 71 75 76 77 79 87 91 99 101 102 122 129 132 135
7 67 68 75 103 114 117 135
10 67 68 72 81 86 106 117 125 129 132
22 66 74 75 77 81 83 84 87 88 95 98 99 102 104 105 109 113 120 127 132 134 136
15 68 74 79 80 83 87 94 95 101 104 112 116 123 126 132
11 80 81 86 91 96 97 100 106 113 118 134
14 67 88 89 98 102 105 107 113 114 116 121 131 134 135
14 73 86 98 100 103 106 110 111 112 117 118 128 129 135
18 72 73 76 81 85 86 91 96 98 100 103 105 115 119 124 133 134 135
24 66 67 70 73 74 77 83 90 92 95 99 103 104 105 107 108 117 123 126 128 130 131 135 136
25 68 69 75 77 78 82 92 93 96 98 99 101 104 105 107 110 114 119 122 124 125 132 134 135 136
26 67 68 71 72 75 80 81 82 90 92 93 97 98 104 105 109 110 113 115 117 118 119 124 128 133 134
13 69 70 77 78 79 85 87 91 96 100 101 120 121
13 67 77 79 87 91 99 101 102 118 122 129 132 135
36 66 68 69 70 73 77 78 81 84 87 90 92 93 94 96 97 99 101 104 105 107 110 112 114 118 120 121 123 124 125 127 129 132 134 135 136
6 76 90 96 113 116 121
8 71 75 77 91 96 99 105 113
9 71 77 93 99 108 109 117 120 125
12 81 88 104 106 116 118 120 123 127 130 135 136
9 68 70 79 87 88 89 90 97 134
11 66 67 90 91 93 100 104 109 113 120 131
16 66 69 71 73 74 88 93 99 103 111 115 120 122 124 131 134
31 68 70 74 75 77 78 79 80 84 85 86 88 90 93 95 97 108 109 114 115 116 117 121 122 126 128 129 130 131 134 135
19 66 75 79 81 83 84 87 88 95 99 102 104 105 113 120 127 132 134 136
31 66 68 69 74 76 77 78 80 82 85 87 92 93 102 104 105 108 109 111 112 115 116 117 118 119 126 128 130 132 135 136
7 76 92 96 113 114 116 128
15 66 67 76 79 80 82 83 85 95 100 101 104 115 129 135
25 66 68 69 70 71 72 73 75 77 83 85 90 91 95 102 107 108 113 114 115 127 130 132 134 136
14 71 73 80 81 86 87 90 94 100 108 115 121 123 132
12 66 71 72 77 79 89 91 99 101 104 109 113
18 66 67 69 76 79 80 82 83 85 89 100 101 104 108 109 115 129 136
18 69 75 83 84 91 92 94 96 102 107 112 115 122 123 128 134 135 136
10 71 75 77 80 84 87 91 99 105 126
19 69 74 75 79 91 93 96 99 103 104 106 109 116 118 120 128 131 134 136
20 71 74 75 77 79 83 84 88 90 93 94 98 106 107 114 115 117 123 125 132
12 73 76 95 104 108 114 116 117 119 125 126 128
13 66 71 80 90 95 101 104 108 111 120 121 124 127
12 68 69 75 77 86 91 101 111 119 120 124 130
13 66 67 69 76 80 83 85 89 104 109 118 129 135
23 66 69 74 76 78 80 82 90 94 96 105 107 109 111 112 115 117 118 125 128 130 135 136
20 68 70 74 75 79 83 87 90 94 95 101 104 106 112 126 127 128 129 131 132
10 67 68 78 83 89 98 106 114 123 132
24 66 70 73 74 78 83 88 90 95 99 102 104 107 108 117 121 123 126 128 130 131 133 135 136
13 70 82 84 89 91 95 98 100 102 112 123 127 136
13 73 80 81 87 88 94 100 108 115 121 123 129 132
24 66 68 74 76 77 78 80 82 84 85 87 96 104 108 111 115 117 118 119 125 130 132 134 135
22 72 76 77 87 90 93 95 99 100 101 102 104 105 112 115 118 120 121 122 126 128 134
26 66 67 71 72 73 82 83 89 91 92 96 98 102 104 106 107 112 113 119 120 123 124 125 127 132 136
13 67 74 79 83 86 88 91 95 103 106 108 113 117
11 66 67 87 98 105 113 114 116 121 131 134
10 70 74 80 87 88 89 97 106 107 130
7 67 68 70 84 114 117 136
11 69 104 109 111 119 121 122 124 125 126 128
13 70 72 79 81 93 94 108 122 123 126 128 129 132
19 70 75 79 81 88 89 91 97 100 103 113 114 120 123 124 127 129 131 133
21 66 69 72 73 85 86 88 89 92 96 100 103 105 113 114 119 121 122 133 134 136
24 66 67 68 69 70 73 74 75 77 78 85 86 95 97 99 100 102 109 114 115 124 128 131 133
23 67 70 75 81 82 84 87 89 93 94 97 98 102 103 105 108 117 120 122 126 128 129 131
14 70 76 78 92 94 106 111 115 118 119 122 123 126 135
13 69 77 83 84 91 94 112 115 122 123 128 135 136
33 66 67 68 72 76 80 82 89 90 92 93 95 97 99 102 104 105 109 110 112 113 114 117 118 122 123 124 125 126 128 132 133 134
23 67 73 74 77 78 79 83 88 90 92 95 99 102 104 105 108 123 126 128 130 133 135 136
7 70 71 88 113 123 124 128
10 73 77 78 98 106 115 123 126 130 134
21 66 72 73 74 76 85 97 99 100 103 104 110 111 116 117 121 124 125 129 130 133
15 66 67 68 69 79 82 85 95 97 102 104 106 126 128 134
13 69 73 74 79 87 88 96 100 106 108 111 120 121
13 73 75 84 86 90 96 106 119 120 125 126 131 132
9 90 92 94 97 101 109 114 119 133
30 66 68 74 76 77 78 80 82 83 85 86 87 90 92 105 107 111 112 115 116 117 118 119 125 126 128 132 134 135 136
12 66 68 76 85 86 100 103 111 116 120 121 129
12 68 74 79 80 88 89 90 97 106 107 115 130
24 67 68 70 76 77 78 82 83 85 95 97 98 101 102 107 112 117 119 124 126 127 130 133 135
22 70 73 77 78 83 88 90 92 95 99 102 103 105 107 117 121 123 128 131 133 135 136
13 82 83 87 89 91 96 98 101 105 111 117 119 126
16 71 72 76 79 83 84 89 91 92 96 101 107 110 126 129 132
33 66 68 69 74 76 77 78 80 82 84 85 86 87 92 93 94 96 102 104 107 108 109 112 115 117 118 119 125 126 130 132 134 136
23 66 69 72 73 81 84 85 86 88 89 96 97 98 100 103 105 114 115 119 122 124 135 136
34 67 74 76 78 79 80 81 82 84 86 87 88 89 92 93 94 96 97 98 99 100 101 103 106 109 112 116 117 120 121 125 128 129 131
18 70 71 79 80 81 89 90 98 101 105 106 109 114 118 119 126 131 132
7 82 92 95 97 122 130 132
26 71 74 75 81 83 87 88 90 91 93 98 99 103 107 109 111 112 114 116 117 119 123 127 130 131 136
16 67 79 83 90 92 102 104 107 108 121 123 126 128 130 131 133
11 66 69 71 74 75 83 93 99 111 120 122
17 74 75 77 82 84 91 92 101 103 110 112 113 118 121 124 130 136
9 72 79 86 88 94 116 126 134 135
15 68 74 77 87 92 94 97 98 102 103 105 107 117 122 127
20 68 69 71 72 84 85 89 93 94 101 109 111 115 116 119 120 122 124 127 132
13 69 70 76 92 94 106 111 114 118 119 122 129 135
25 71 72 76 80 81 84 85 87 88 93 97 98 102 105 114 115 118 120 122 123 124 126 129 131 132
9 70 80 87 88 89 90 107 130 134
7 72 82 97 107 122 130 132
8 74 82 90 104 109 117 118 133
9 67 75 84 103 107 114 117 135 136
23 67 68 70 72 76 77 78 82 85 95 97 98 101 102 105 107 112 114 119 124 126 130 135
17 68 69 71 72 75 84 85 89 93 109 110 111 115 119 120 129 132
18 68 70 75 80 83 94 101 104 106 110 116 123 126 127 128 130 131 132
15 66 72 78 82 85 93 95 96 97 106 108 116 119 125 128
11 70 80 85 90 93 96 105 107 115 119 129
17 66 67 68 69 70 73 78 85 86 95 99 100 102 109 115 121 133
16 66 71 72 79 86 89 90 99 100 101 104 109 113 120 129 131
19 66 69 78 82 85 86 88 93 96 97 98 106 108 116 117 119 124 126 130
26 69 76 81 84 85 88 89 91 92 96 98 100 102 103 105 113 114 115 119 121 122 124 133 134 135 136
14 66 74 76 86 97 103 104 110 116 117 121 124 125 133
15 68 76 85 86 97 99 110 111 116 117 120 121 124 129 130
19 66 67 72 76 82 83 92 99 101 102 104 106 110 112 120 123 124 125 136
17 68 75 79 83 90 94 95 101 104 106 110 112 126 127 129 131 132
27 66 74 78 83 86 91 92 95 96 99 100 104 106 109 110 111 112 113 116 119 121 125 127 130 133 134 135
16 66 73 77 80 90 93 95 96 100 101 104 111 113 120 121 124
13 70 81 83 85 100 103 108 110 123 125 128 132 136
13 69 70 76 92 94 106 111 114 115 119 123 129 135
15 78 79 80 81 82 88 93 95 98 105 114 118 119 126 131
12 74 91 92 97 98 105 116 125 130 132 133 134
18 66 67 69 76 79 82 83 85 89 95 99 100 101 109 111 118 129 136
21 66 67 69 72 76 79 82 83 89 95 99 101 104 108 109 111 115 118 129 135 136
18 69 72 84 85 86 89 91 97 98 100 102 103 113 119 121 122 134 135
33 66 68 69 70 73 75 77 82 85 87 90 94 97 98 99 100 101 104 105 107 109 110 115 119 120 121 123 124 127 129 132 134 136
10 66 69 71 74 81 83 87 93 122 124
19 68 71 73 80 89 90 91 97 100 101 103 110 112 116 117 121 124 125 131
7 67 78 82 93 111 117 120
12 71 74 80 82 90 92 96 99 112 117 118 133
17 68 72 73 74 86 99 100 103 108 110 116 117 120 121 125 129 133
20 66 67 74 75 77 79 81 83 87 88 99 102 104 105 113 120 127 132 134 136
14 87 88 89 98 102 105 107 113 114 116 121 131 134 135
23 67 70 71 73 75 81 95 97 98 99 100 101 103 106 110 113 120 121 122 123 127 129 133
12 75 81 96 106 110 112 119 120 121 126 130 131
33 67 74 76 78 79 80 81 82 84 86 87 88 89 92 94 96 97 98 100 101 103 106 112 117 118 120 121 122 123 128 129 131 135
14 73 76 95 99 104 108 111 117 119 121 122 124 125 128
9 67 71 82 99 107 108 109 111 117
11 78 79 82 85 87 110 112 119 122 123 126
13 66 73 87 88 98 102 105 107 113 114 121 131 135
10 68 70 80 87 88 89 90 97 130 134
16 66 71 73 77 80 90 93 95 96 99 100 101 108 120 121 124
13 66 71 79 86 89 90 91 93 100 101 102 104 120
36 70 71 72 74 75 76 78 81 83 84 86 87 88 90 91 93 94 96 98 99 100 101 103 107 111 114 115 116 117 118 124 125 127 130 131 136
18 66 69 72 78 85 88 93 95 98 108 116 117 121 124 125 126 128 130
20 69 70 71 74 75 80 81 86 91 92 96 103 106 107 108 116 117 130 133 136
5 72 95 97 122 130
11 69 76 92 106 114 118 119 122 126 129 135
13 69 70 79 84 85 87 88 91 101 106 108 116 121
10 66 73 83 88 93 99 103 111 124 131
16 70 72 82 84 85 88 96 102 104 110 112 113 128 129 131 136
24 66 68 69 70 73 74 75 77 80 85 86 95 99 102 103 109 113 114 115 121 124 128 133 134
11 70 80 85 90 96 99 107 117 119 125 129
4 88 113 123 128
22 66 67 68 75 76 86 89 95 97 98 104 109 110 113 114 117 118 122 126 128 133 135
12 69 72 79 82 83 95 99 104 108 109 129 136
12 68 70 74 80 88 89 90 97 107 115 130 134
6 71 80 87 99 105 113
23 66 67 68 74 79 81 83 88 89 93 102 104 109 119 120 121 123 125 127 131 133 134 136
20 69 74 76 81 83 89 91 92 97 102 105 106 115 116 125 128 130 132 133 134
11 81 88 104 106 116 118 120 123 125 135 136
27 69 70 73 74 75 78 81 83 84 87 88 94 95 103 105 107 108 111 115 116 117 121 124 126 133 134 135
15 67 68 72 86 97 104 106 108 109 125 126 129 130 132 133
5 87 90 92 116 128
17 70 74 77 78 79 84 87 88 91 96 106 108 111 120 121 130 131
27 68 69 74 77 78 79 80 84 85 86 90 93 100 103 108 114 116 117 118 121 122 128 129 130 131 134 135
18 66 67 74 77 79 90 92 95 102 103 107 121 126 128 130 131 133 135
9 76 80 81 87 96 98 118 125 134
10 71 75 77 80 87 90 96 99 105 126
14 66 67 71 72 79 90 91 99 102 104 109 120 129 131
13 69 71 72 84 89 109 110 115 119 120 124 127 132
9 71 80 90 92 96 104 112 117 118
32 66 68 69 70 77 78 84 87 90 92 93 97 98 99 100 104 105 107 109 110 112 114 115 118 119 120 122 124 125 127 132 135
13 68 69 71 74 80 81 83 87 91 93 122 124 127
12 70 79 81 94 100 103 108 115 122 126 127 129
20 69 71 74 75 77 81 83 88 93 98 106 107 108 109 115 118 125 128 132 133
10 79 92 94 95 101 103 107 118 119 133
21 67 68 69 70 74 75 78 85 86 99 100 102 103 109 113 114 115 121 128 133 134
10 74 79 80 88 89 97 106 107 115 130
9 73 77 78 98 106 111 115 123 126
21 74 78 80 87 88 92 93 96 97 98 99 100 101 112 116 117 121 125 129 133 135
24 68 69 70 73 75 78 81 85 88 94 95 105 107 108 111 115 116 117 121 123 124 126 133 135
14 68 74 87 91 92 94 97 98 102 103 107 117 122 127
14 70 85 90 93 96 99 107 111 115 119 122 125 127 129
17 67 71 72 77 79 86 90 91 93 99 100 101 102 109 120 129 131
24 66 67 68 70 72 76 77 78 82 83 84 95 97 101 102 105 112 114 117 119 124 130 133 135
15 69 73 76 95 104 108 109 111 114 117 119 122 125 126 128
33 66 67 71 72 76 80 81 82 86 89 90 92 95 97 98 99 103 104 105 107 109 110 113 114 117 122 123 125 126 132 133 134 135
9 80 85 90 93 99 107 115 127 129
8 71 77 84 87 90 105 113 126
20 72 76 79 82 83 84 87 89 92 93 105 107 110 111 117 119 122 126 129 132
12 80 85 90 93 96 105 111 115 117 119 122 127
13 76 80 82 92 96 110 112 114 118 119 125 127 128
15 66 67 70 73 77 79 83 90 95 102 103 105 117 123 126
11 72 82 87 109 110 112 119 122 126 129 131
33 66 68 73 76 78 80 85 86 89 92 95 97 99 100 101 102 104 105 110 111 116 119 120 121 122 124 126 127 130 131 134 135 136
12 67 68 78 85 86 104 108 109 126 129 132 135
25 66 67 72 77 78 82 83 84 85 95 97 98 101 102 105 107 114 117 119 124 126 127 130 133 135
17 66 68 70 71 90 102 104 105 107 108 111 114 124 126 132 134 136
20 66 68 74 77 79 83 86 90 91 95 96 99 104 106 107 110 112 119 133 135
23 66 67 68 74 76 79 81 83 88 89 93 104 108 109 114 115 119 120 121 123 127 133 136
17 68 70 72 76 77 78 82 83 97 102 105 112 114 119 124 130 133
19 66 72 76 84 85 86 88 89 91 97 98 105 113 115 119 121 124 133 136
18 67 70 71 72 75 79 91 97 99 100 101 103 114 120 123 124 129 133
11 66 89 98 102 107 113 114 116 121 131 134
35 67 74 76 78 80 81 82 84 86 87 88 89 93 94 96 97 98 99 100 101 103 106 109 116 117 118 119 120 121 122 123 129 131 133 135
12 66 67 75 82 85 98 103 105 112 127 129 132
6 77 80 84 87 96 105
10 68 70 74 79 87 88 90 115 130 134
22 67 70 72 75 82 84 86 88 89 96 99 100 102 108 110 112 113 116 129 131 135 136
27 67 71 72 73 76 81 82 83 94 96 98 99 102 104 106 107 112 113 119 120 123 124 125 127 132 133 136
19 70 72 75 82 85 86 96 99 102 105 108 110 112 113 116 120 128 129 135
9 75 77 80 84 90 91 96 113 126
16 69 71 75 84 89 93 94 101 109 110 116 120 122 124 127 129
9 70 79 80 88 97 106 107 130 134
22 67 78 79 83 84 87 89 94 100 101 104 110 112 115 118 119 121 122 126 127 129 131
19 69 74 76 81 83 89 91 92 94 97 98 105 115 118 125 130 132 133 134
11 67 73 88 89 98 105 107 121 131 134 135
30 72 74 76 78 81 83 86 87 88 90 91 93 94 98 99 100 103 107 110 111 112 114 116 118 119 123 124 125 130 131
19 66 72 73 76 84 86 89 91 96 98 102 103 105 114 115 119 122 133 136
29 67 68 71 73 76 80 82 83 88 92 94 98 99 100 101 102 107 110 113 114 116 121 122 126 130 132 133 134 136
42 70 71 72 73 74 76 77 80 85 86 89 90 93 94 95 96 97 99 100 102 107 108 109 113 114 115 116 117 118 119 121 122 123 125 126 127 128 129 130 131 132 135
34 68 69 70 71 74 75 76 81 82 88 91 92 94 96 97 99 101 102 104 105 107 111 112 114 115 119 121 125 127 129 130 132 134 136
25 66 69 70 73 77 81 84 85 90 93 94 95 98 99 100 101 107 108 112 113 117 122 123 128 134
44 66 67 68 70 71 75 77 78 79 81 82 84 86 87 89 91 92 93 94 96 97 98 100 102 104 106 108 109 110 111 112 117 120 121 123 124 125 128 130 131 133 134 135 136
35 67 70 73 74 75 76 77 78 79 82 87 88 89 94 95 96 97 99 100 101 103 104 107 108 109 110 111 113 116 118 120 122 128 130 134
43 66 67 70 71 74 76 78 80 81 82 85 86 88 89 90 91 92 94 95 96 98 99 100 102 104 105 106 108 109 112 113 114 115 121 123 125 126 128 131 132 134 135 136
25 73 75 76 77 80 81 82 84 85 87 94 95 96 97 100 105 106 110 113 116 119 121 129 131 135
38 70 71 72 75 76 77 78 79 80 81 83 84 86 87 88 89 91 94 97 98 100 101 102 103 104 110 112 113 116 117 118 119 121 124 127 130 133 135
35 66 69 71 75 77 78 81 82 83 84 88 92 93 94 95 96 99 100 105 106 107 109 110 111 115 116 117 118 119 120 121 122 124 133 135
22 66 67 72 73 77 79 85 87 88 89 90 92 96 98 103 106 111 112 116 121 131 134
28 67 68 72 73 75 81 84 85 86 90 92 94 95 96 99 100 103 104 105 107 113 114 120 122 124 128 130 136
42 66 68 70 71 73 74 75 76 77 81 82 83 86 89 91 92 93 94 96 97 98 99 101 102 104 107 110 111 112 113 115 117 119 121 125 127 129 130 132 134 135 136
41 68 72 74 76 78 79 80 82 84 85 86 90 92 94 97 98 102 103 104 105 108 109 110 114 116 118 119 121 122 123 124 125 126 128 129 131 132 133 134 135 136
28 66 68 72 73 75 76 78 79 81 89 93 96 99 100 103 108 110 111 113 114 115 118 119 121 124 125 129 136
25 66 71 76 79 84 86 91 92 95 96 99 101 103 112 116 120 121 123 124 125 126 129 132 133 134
41 67 68 69 70 73 75 76 78 79 80 82 83 84 89 90 93 94 96 97 100 102 103 104 105 106 109 112 114 116 117 118 119 120 122 123 124 128 129 130 132 135
49 66 67 68 69 71 72 74 75 76 79 81 82 83 85 86 88 89 90 91 93 94 95 96 100 103 104 106 108 109 111 112 113 115 116 117 118 119 120 121 122 123 125 126 127 128 130 131 134 136
29 67 69 74 75 76 78 81 83 85 86 88 89 93 98 99 100 101 102 107 108 112 113 114 116 117 120 124 126 132
38 66 68 69 72 73 75 77 78 79 81 83 84 86 87 88 91 93 94 95 96 99 102 103 104 105 107 108 112 113 116 117 118 119 127 129 132 134 135
24 72 75 79 80 81 86 87 91 95 96 98 100 108 109 111 113 114 119 121 122 123 130 131 133
42 68 69 70 73 74 75 77 80 81 83 84 85 86 87 88 89 90 91 92 94 95 98 100 101 103 104 106 108 109 110 111 115 117 119 121 123 124 126 129 133 134 136
36 66 68 72 74 77 78 80 82 84 86 88 92 95 97 98 100 101 106 107 108 111 112 113 114 120 121 122 124 125 127 128 129 130 132 135 136
41 68 69 70 71 72 73 74 75 76 79 80 81 83 84 85 91 92 93 95 100 101 102 104 105 108 109 111 113 114 115 120 122 123 126 127 129 132 133 134 135 136
43 67 68 70 73 75 77 78 82 83 84 85 86 87 89 90 92 93 96 97 98 99 101 102 104 107 109 110 113 115 116 117 118 119 120 121 122 123 126 127 128 130 131 136
21 66 68 72 75 77 84 87 90 91 92 98 108 113 114 119 120 122 123 124 130 132
34 67 68 70 71 72 74 79 80 81 82 83 84 86 89 92 94 96 97 101 103 104 105 110 111 114 115 116 120 122 125 126 128 130 136
39 66 67 68 70 71 72 75 78 79 81 85 88 89 92 95 96 97 98 99 101 103 104 106 108 111 112 113 114 115 117 118 119 124 125 126 127 132 133 134
36 68 69 70 71 73 74 75 76 79 82 84 87 89 90 91 92 93 96 98 101 107 108 109 111 112 113 115 118 119 122 125 127 128 129 132 134
37 73 75 76 78 79 80 81 83 85 89 90 91 92 93 95 96 97 98 101 104 105 106 108 110 111 112 113 114 118 122 127 129 131 132 134 135 136
26 67 70 72 74 76 81 85 89 92 93 96 98 99 103 104 105 110 118 121 122 124 127 128 131 134 135
33 67 72 74 75 77 79 82 84 89 90 91 93 95 97 98 101 106 108 110 111 112 113 114 118 119 120 121 122 127 128 130 131 134
48 67 68 70 71 72 73 74 76 77 78 80 84 86 89 90 91 92 94 95 96 99 100 101 102 103 105 106 107 109 112 113 114 115 116 118 120 121 122 123 124 125 127 128 129 130 131 132 135
34 68 69 70 76 78 81 82 86 87 88 89 91 93 96 98 104 105 106 107 108 111 112 113 114 116 117 122 124 125 126 127 129 131 132
41 68 70 72 73 74 75 76 77 78 79 81 84 86 90 91 92 93 95 96 99 100 101 105 106 107 110 113 116 117 119 120 121 122 123 124 127 128 132 133 134 135
44 66 69 70 71 72 74 75 76 79 83 85 87 88 89 91 92 93 94 95 96 97 98 99 102 103 104 105 107 109 110 111 112 114 115 116 119 120 122 123 124 128 129 132 135
38 67 72 73 74 76 77 79 81 82 83 86 87 95 96 97 98 99 100 101 102 103 104 107 109 110 113 115 116 117 119 120 127 130 131 132 133 134 136
45 67 69 70 71 72 73 74 76 77 79 81 82 84 85 86 88 89 90 92 93 94 95 98 100 102 103 106 109 111 113 114 115 117 120 122 123 124 126 128 129 131 132 133 134 136
29 66 67 68 76 81 85 86 89 90 91 93 95 102 104 106 107 110 112 113 114 116 119 122 123 124 125 127 132 133
31 69 74 77 78 80 82 84 85 87 90 94 95 96 97 100 104 105 108 109 112 113 116 119 122 123 124 125 128 131 135 136
47 67 69 73 74 75 77 78 79 83 84 90 92 93 94 95 96 97 98 99 100 101 102 103 104 106 107 109 110 111 113 114 115 116 117 118 119 120 123 125 127 128 129 132 133 134 135 136
32 67 69 71 72 78 79 81 90 91 94 95 96 97 98 99 100 101 103 105 107 109 110 111 114 117 122 123 125 126 130 133 135
22 73 74 76 79 80 82 84 85 88 89 97 100 109 114 116 119 120 126 127 128 130 132
43 66 67 68 69 71 72 74 76 78 79 83 84 85 86 87 88 89 90 91 92 93 95 99 100 101 103 104 105 111 112 114 115 116 119 124 125 126 127 130 131 133 135 136
28 66 75 76 78 80 81 82 84 86 90 93 94 96 97 100 101 104 106 114 115 116 119 122 126 128 131 132 135
47 68 69 70 71 72 74 76 82 85 86 87 88 89 91 92 93 96 98 99 100 101 102 105 106 107 108 109 110 113 116 117 118 119 120 121 122 123 125 126 127 128 129 130 132 134 135 136
38 68 70 71 73 74 76 77 79 81 82 84 85 88 89 92 93 94 98 99 100 101 103 107 112 113 116 117 119 121 123 128 129 130 131 132 133 134 135
42 66 67 68 69 70 71 73 75 77 78 81 84 85 87 88 89 90 91 94 95 99 100 101 104 106 108 110 113 114 115 119 120 123 125 126 127 128 129 130 132 133 134
28 66 69 70 76 79 80 84 85 90 91 93 97 98 101 102 111 113 115 120 121 123 126 128 132 133 134 135 136
34 68 71 73 75 77 80 84 88 91 94 95 96 98 100 101 107 108 109 110 111 112 117 118 123 124 127 128 129 130 131 132 134 135 136
31 66 67 71 78 79 81 83 84 85 88 90 91 93 94 99 102 103 104 105 106 108 109 110 111 114 118 121 122 128 135 136
28 69 70 71 75 80 83 86 87 94 96 98 99 100 101 102 104 108 110 112 114 115 117 118 126 128 129 132 136
25 68 69 70 73 74 75 76 81 85 86 92 96 101 104 106 107 108 111 113 114 116 118 124 128 132
43 67 68 69 70 71 72 73 75 77 78 79 82 85 87 88 90 91 92 93 95 96 97 98 101 102 103 104 105 107 108 112 114 115 116 118 119 120 121 122 126 127 133 135
45 67 69 70 71 72 73 74 75 76 78 81 82 84 85 86 89 91 93 94 95 96 98 100 101 103 104 105 106 107 109 111 112 114 115 116 118 119 120 121 123 124 129 133 134 136
33 68 70 71 72 73 77 79 80 84 85 86 88 89 91 92 105 107 108 111 112 114 115 116 117 118 123 124 126 128 129 131 132 136
24 66 67 69 71 72 73 78 81 87 98 102 105 106 107 108 112 114 119 120 122 126 127 128 136
32 66 69 70 73 75 77 79 82 84 85 86 93 94 95 96 97 98 99 100 104 105 108 110 114 115 121 122 126 127 129 133 136
35 66 70 71 74 76 78 79 80 84 85 86 87 92 94 96 98 99 100 101 103 107 108 109 116 118 119 121 125 126 129 130 133 134 135 136
36 67 69 70 72 73 74 77 78 79 82 84 89 93 95 98 101 103 105 107 109 112 115 117 119 120 121 122 123 124 127 131 132 133 134 135 136
30 68 69 70 71 72 74 77 80 84 86 96 97 101 102 103 109 112 113 115 116 117 120 123 124 126 128 131 132 134 136
39 66 67 68 69 70 71 72 77 78 80 82 83 87 88 89 93 94 98 99 102 106 110 112 114 116 117 118 121 122 123 124 125 126 127 128 130 131 132 133
29 69 76 78 79 82 83 86 91 93 97 99 100 102 109 111 112 113 114 115 117 118 119 120 125 129 130 132 134 135
32 67 69 71 72 75 78 79 84 86 87 88 89 93 94 100 101 104 105 106 107 108 109 111 112 118 120 121 122 123 129 130 132
24 66 67 69 71 75 80 85 88 92 93 94 103 105 107 109 112 118 121 125 127 131 132 134 135
30 68 69 73 75 78 79 81 84 87 89 91 93 95 96 97 98 101 107 108 109 110 112 113 116 117 118 120 126 130 134
33 69 72 73 78 79 80 81 83 84 89 90 93 95 97 98 99 102 104 106 107 110 111 113 117 120 121 125 128 130 132 133 135 136
40 67 72 74 76 77 78 80 81 82 83 85 87 88 91 93 96 97 100 101 102 103 104 106 107 111 112 113 115 116 119 120 122 123 124 126 127 129 132 135 136
35 67 72 73 74 75 76 78 83 84 86 88 92 93 94 95 97 101 104 107 109 111 114 117 119 121 122 125 127 128 129 130 131 132 134 135
25 66 69 74 75 82 87 90 92 93 95 96 103 106 108 112 114 116 118 121 122 126 129 133 135 136
29 67 69 71 73 74 79 80 83 87 88 92 98 99 102 105 108 111 112 115 116 117 118 119 120 125 130 132 135 136
28 68 69 75 76 77 83 84 85 86 88 89 90 94 95 101 109 110 112 114 115 117 122 127 128 129 131 134 135
34 67 68 69 70 77 78 79 81 82 83 84 85 86 91 94 99 102 104 106 107 109 112 118 119 121 122 123 124 125 126 130 134 135 136
26 67 68 69 71 73 79 87 93 94 96 98 99 107 111 114 116 117 120 121 125 127 129 131 132 134 135
22 67 69 70 72 74 76 78 81 83 84 88 92 94 102 107 111 112 113 114 122 124 131
36 68 69 70 71 72 73 74 76 78 79 85 90 91 92 93 94 97 98 99 104 106 110 112 113 115 116 117 118 119 120 121 123 125 130 134 136
47 66 68 71 72 73 74 75 77 78 80 81 84 85 86 87 88 89 90 91 92 93 95 96 97 98 99 102 107 110 111 112 113 116 117 118 120 121 122 125 126 127 128 130 132 133 135 136
46 66 67 68 71 72 74 75 76 77 78 80 81 83 85 86 87 88 90 91 92 93 95 96 98 99 100 103 104 105 107 108 109 113 115 116 121 126 127 128 129 130 131 133 134 135 136
35 71 73 74 75 76 77 78 79 82 88 90 91 92 93 94 95 96 98 100 104 108 111 113 114 115 116 120 122 123 124 125 127 129 130 136
36 67 68 71 73 75 77 78 79 82 84 85 87 92 93 94 96 98 99 103 108 109 110 111 112 114 116 117 118 119 122 123 125 126 127 128 130
33 66 68 69 70 73 74 76 79 81 86 87 89 91 93 95 99 105 106 107 113 116 117 118 119 120 122 124 125 126 130 131 134 136
28 67 69 74 77 79 80 81 82 83 85 87 88 94 97 99 101 105 106 108 109 114 116 120 122 123 126 128 131
22 68 71 79 83 85 86 87 92 93 98 101 102 107 113 114 118 121 122 123 125 128 130
41 66 67 68 69 70 71 72 75 76 77 80 81 83 84 86 89 90 91 93 96 97 98 99 100 101 106 108 109 110 117 118 120 122 123 124 125 127 130 131 132 135
33 66 67 68 69 70 71 73 74 76 78 82 84 86 88 100 101 104 105 109 111 114 117 118 119 123 125 126 128 130 131 132 134 135
46 66 67 68 69 71 73 75 77 78 79 80 81 82 83 86 88 92 94 95 96 97 101 102 103 104 105 106 109 110 111 113 115 116 117 118 119 120 122 125 127 128 129 131 133 134 136
25 76 78 80 84 85 86 89 92 95 97 98 100 102 103 105 106 108 109 119 120 121 125 126 133 134
30 66 69 74 76 77 78 80 81 83 85 87 89 90 94 96 97 106 109 111 112 117 121 123 125 126 128 133 134 135 136
35 67 69 70 71 73 76 78 79 81 84 86 87 90 92 94 96 101 103 105 107 109 111 114 115 118 119 122 125 126 129 131 132 133 134 135
29 66 69 70 71 72 73 75 80 83 85 89 91 92 93 96 100 102 107 109 115 117 120 122 123 125 128 130 132 136
41 66 68 69 70 71 72 73 75 76 80 82 83 84 85 86 89 91 92 93 95 96 100 101 102 103 105 106 110 111 113 115 116 117 120 122 125 126 129 130 131 136
24 69 73 77 79 81 83 91 93 97 98 102 103 105 108 112 114 116 119 121 123 126 129 130 134
26 69 72 73 74 75 79 82 84 92 93 95 98 105 106 109 111 112 114 115 118 120 121 122 127 129 134
49 68 70 71 72 73 74 75 76 77 78 79 82 83 84 86 87 88 89 90 93 94 96 99 103 104 106 108 109 110 111 113 114 115 116 117 118 119 121 123 124 125 126 128 129 131 132 133 134 135
46 67 69 71 72 73 75 77 79 80 81 82 83 84 85 88 89 90 92 93 94 95 96 97 99 100 101 102 107 110 112 114 115 116 117 118 119 120 123 125 126 131 132 133 134 135 136
22 70 75 76 77 78 83 85 88 90 93 96 97 102 103 110 117 118 119 127 133 134 136
45 66 68 69 70 72 73 74 75 76 77 78 81 82 83 84 85 88 91 92 93 95 96 97 99 100 101 103 104 106 107 109 111 113 115 118 119 122 123 124 127 130 131 133 134 135
32 69 74 79 82 83 86 90 94 96 97 99 101 103 104 105 106 108 110 111 112 113 114 116 117 122 124 125 126 128 129 133 136
28 67 68 69 70 75 78 79 87 88 89 90 91 96 99 100 102 106 108 109 111 113 115 118 119 129 133 135 136
31 66 67 68 73 75 78 80 87 88 91 93 94 95 96 98 99 103 105 112 115 117 118 121 122 123 124 126 128 129 131 136
36 66 67 68 70 71 73 77 79 81 84 85 87 91 92 96 97 98 99 101 102 103 104 106 107 108 109 114 115 118 121 122 125 126 131 134 136
49 66 67 68 69 70 71 74 75 77 78 79 80 82 83 84 85 88 89 90 91 92 93 96 97 98 101 103 104 105 106 107 108 109 110 112 115 116 117 118 119 121 123 125 126 127 132 134 135 136
42 66 67 68 71 72 73 75 76 77 78 81 83 84 86 87 88 90 91 93 94 96 97 98 101 102 103 105 109 110 111 112 113 115 116 118 119 125 127 128 129 132 136
33 66 67 68 70 71 72 74 75 76 77 78 79 80 81 83 85 86 88 90 92 99 100 103 105 110 111 122 124 125 126 127 128 131
34 67 68 71 72 74 78 79 80 82 83 86 94 95 96 100 101 102 103 112 113 114 115 117 118 120 121 124 125 126 129 130 131 133 134
49 66 68 69 70 71 72 73 74 76 78 79 80 81 82 85 86 89 90 91 92 94 95 97 98 99 100 102 103 105 106 108 109 111 112 113 117 118 120 123 124 125 126 128 129 130 132 133 134 136
40 66 67 68 69 70 72 74 76 77 83 84 85 87 88 89 91 95 96 98 99 100 103 104 108 109 110 114 116 117 121 122 123 124 125 127 129 132 133 134 135
22 67 71 72 73 77 79 80 82 84 88 89 93 99 102 109 114 116 117 118 124 126 129
41 68 69 70 71 74 75 77 78 80 84 85 86 89 91 93 96 98 99 101 102 103 105 106 107 108 109 111 112 113 114 115 117 118 119 123 124 126 128 131 134 136
34 66 67 68 69 72 73 74 80 81 83 85 86 88 89 91 94 95 96 98 101 102 103 104 105 114 122 123 124 128 129 132 134 135 136
44 66 68 69 70 71 73 76 78 79 80 81 84 86 87 90 91 92 94 95 97 98 101 102 103 104 105 108 109 110 111 112 115 120 121 122 123 125 127 129 130 131 132 134 135
26 66 69 72 73 74 75 88 90 94 97 98 100 102 104 107 110 111 113 117 118 121 128 129 130 133 134
44 67 68 69 70 71 73 74 75 78 79 80 81 83 87 88 89 90 92 95 97 98 99 100 101 102 103 105 108 109 111 112 113 116 117 118 119 120 123 126 127 130 134 135 136
42 67 69 71 72 73 75 77 78 80 81 82 83 84 85 90 93 94 95 99 100 101 103 104 106 107 108 109 110 111 112 115 117 119 122 123 126 128 130 131 133 135 136
39 66 67 68 69 72 75 76 77 78 80 81 82 84 86 89 91 92 95 96 98 99 101 105 106 110 112 113 116 117 119 120 122 123 124 125 127 128 131 134
35 67 69 70 77 79 80 81 83 84 85 86 89 92 93 95 99 100 101 103 106 109 110 112 113 115 120 121 122 124 125 127 128 130 132 133
22 66 75 79 80 86 87 88 91 93 96 99 100 105 108 115 119 121 124 125 129 132 135
42 66 67 68 69 70 71 72 75 76 78 79 80 82 83 84 85 87 88 91 92 93 99 103 105 106 107 109 110 111 112 120 121 122 123 124 127 128 131 133 134 135 136
45 66 67 68 72 74 75 78 79 80 82 85 86 88 89 92 94 95 97 98 99 100 102 104 105 106 107 108 109 110 111 114 116 119 121 122 123 124 126 127 128 129 130 131 133 136
22 66 68 70 76 77 80 84 85 90 91 96 102 105 106 110 112 118 119 121 130 133 134
37 66 68 70 73 74 75 77 79 82 83 84 85 86 87 88 90 91 92 94 95 99 102 103 104 105 107 111 113 115 116 117 122 125 128 129 135 136
22 70 75 78 79 83 85 90 91 93 97 98 100 106 107 112 113 114 125 128 131 134 136
49 66 67 68 70 72 73 74 75 76 78 81 83 84 85 86 90 91 92 93 94 95 96 99 100 102 103 105 106 107 108 109 110 111 114 116 117 118 119 120 122 123 125 126 127 129 130 131 133 135
43 66 68 71 75 76 77 79 81 82 83 84 85 86 87 88 89 90 91 92 93 94 95 97 98 100 101 103 104 105 107 111 112 116 118 124 125 126 127 128 129 133 135 136
37 66 67 72 77 79 81 82 85 86 87 88 89 90 91 93 94 97 98 101 102 105 107 108 109 116 118 119 120 122 123 127 128 129 130 132 133 134
43 66 68 69 70 72 73 74 75 77 78 79 81 82 85 86 87 88 89 91 92 93 94 95 97 98 99 100 102 103 106 111 112 113 114 118 124 128 129 130 131 133 134 136
45 67 69 71 72 73 74 75 80 81 82 83 86 89 90 91 92 93 94 96 98 100 101 102 104 105 106 107 108 110 111 112 113 116 118 119 120 122 124 125 128 129 130 131 133 136
32 67 68 69 70 73 76 78 80 81 83 84 88 89 94 96 99 101 102 103 109 111 112 113 114 118 120 122 123 125 126 130 136
33 67 68 69 71 74 75 77 80 81 82 83 84 86 87 89 90 94 95 97 98 99 103 105 106 111 114 120 121 122 123 126 128 134
36 68 69 71 74 75 76 78 79 81 87 88 90 91 94 95 97 98 101 102 104 105 106 107 109 113 115 119 121 123 127 128 130 131 132 133 136
30 66 69 70 73 74 76 79 82 83 92 94 96 105 106 112 115 116 117 119 120 121 122 123 124 126 127 128 129 130 133
26 71 72 74 76 79 80 82 83 89 90 93 94 96 102 104 106 107 108 115 117 120 121 129 130 131 132
41 67 68 70 71 72 73 74 77 78 79 81 82 83 84 88 89 90 92 94 95 98 99 100 102 103 104 106 108 112 113 114 116 117 118 121 124 127 129 130 134 135
25 70 71 74 81 84 89 90 92 99 103 109 111 112 114 115 118 119 121 123 125 126 130 132 133 135
28 66 68 69 70 75 76 78 79 82 83 84 85 88 90 92 103 104 106 113 116 117 118 120 121 125 128 129 135
48 66 67 69 70 71 72 73 74 75 78 81 82 84 85 86 88 89 91 92 93 95 96 97 98 100 101 102 103 104 106 110 111 113 114 115 116 118 119 122 123 124 125 128 129 131 132 134 136
36 66 68 69 71 72 78 79 80 81 83 84 87 89 92 93 94 100 102 104 106 107 112 113 114 116 118 119 120 121 122 126 127 128 130 133 136
36 66 69 71 75 79 80 81 82 83 84 85 88 89 92 93 94 96 97 99 101 102 103 105 110 112 114 115 118 119 120 123 126 128 129 130 135
48 66 68 70 72 73 74 76 77 78 84 87 88 89 90 94 96 97 98 99 100 102 103 104 105 106 107 108 109 110 113 114 115 116 117 119 121 122 123 124 125 126 127 128 129 130 131 134 135
28 67 71 76 77 79 84 90 91 92 93 96 97 98 99 100 103 104 105 108 111 112 117 118 120 122 123 128 132
26 66 67 75 77 80 87 91 92 95 103 105 107 109 111 112 113 114 115 117 118 122 127 128 129 130 133
38 66 67 68 69 73 74 75 77 78 83 85 87 88 89 90 91 92 93 95 97 98 100 106 107 108 110 112 115 117 121 122 125 126 128 130 132 133 135
32 66 67 69 72 73 76 77 80 81 82 83 84 87 88 90 91 95 96 97 100 103 104 106 107 108 114 115 118 121 127 134 135
31 68 69 71 80 81 84 85 86 87 88 89 90 93 94 97 99 101 104 105 108 111 113 117 118 121 122 124 128 129 134 135
24 68 70 72 73 75 80 83 91 93 94 95 99 101 108 112 114 115 117 122 123 124 125 126 128
31 70 71 73 75 76 77 78 79 80 81 84 90 91 93 94 95 99 100 102 103 105 108 109 114 117 118 119 120 124 129 132
26 66 68 78 83 84 86 89 90 93 95 100 101 102 110 111 113 122 124 125 127 129 130 132 134 135 136
25 67 77 81 83 84 86 90 91 96 99 101 102 105 107 109 110 111 115 117 118 120 122 125 130 134
27 66 69 70 71 72 73 75 84 85 87 88 90 92 96 99 100 102 105 109 110 113 115 121 122 131 133 136
27 66 71 72 75 77 78 84 86 88 91 92 94 97 99 101 103 108 109 110 111 112 114 117 118 123 126 131
32 68 69 71 73 74 75 78 82 83 88 90 91 94 97 98 99 107 111 112 114 115 118 119 120 121 122 124 126 130 133 135 136
43 67 70 71 72 73 74 75 76 77 80 82 86 87 90 91 93 94 95 97 98 99 101 102 103 105 107 109 110 112 113 115 116 117 118 119 121 124 126 128 130 132 133 136
36 66 69 70 72 74 76 78 81 84 85 87 91 92 93 96 97 98 102 103 105 106 107 109 110 114 119 120 121 122 123 129 130 131 132 135 136
30 66 67 69 71 74 75 78 79 82 84 88 89 93 96 97 104 107 109 111 112 115 119 120 122 124 125 127 130 133 134
41 66 67 68 69 70 74 75 76 77 78 80 81 82 85 88 90 94 95 96 98 101 103 109 110 111 112 113 117 118 121 122 124 125 127 128 129 131 132 133 134 136
47 67 68 71 72 73 74 75 77 78 79 80 82 84 85 86 87 89 91 92 94 95 96 98 99 100 101 102 103 104 105 107 109 111 112 115 116 118 121 122 125 127 128 129 130 131 133 135
45 66 67 68 69 70 71 72 75 79 80 81 82 86 87 88 90 92 95 99 100 102 104 106 107 108 109 112 113 114 115 116 117 118 119 120 121 122 123 125 128 130 131 133 135 136
35 67 68 72 81 83 84 85 86 88 89 91 92 93 95 96 98 100 102 104 110 111 113 114 115 118 119 125 126 127 128 129 130 134 135 136
46 68 69 70 71 72 74 76 77 78 82 83 86 90 91 93 94 95 96 98 99 100 103 105 106 107 109 110 111 112 113 114 115 117 120 121 122 123 125 127 128 129 130 131 133 134 136
45 66 67 68 69 70 73 74 76 78 79 81 82 84 85 86 87 89 93 95 97 99 102 103 104 105 107 108 113 114 115 116 117 119 120 123 124 126 127 128 129 130 131 132 133 135
33 66 68 69 74 81 82 83 85 86 87 88 89 92 94 95 96 97 99 103 104 108 110 111 114 118 119 122 130 131 132 133 134 136
47 66 67 68 71 74 75 76 78 79 81 83 84 85 86 87 88 89 94 95 96 99 101 103 104 105 106 108 109 110 111 113 114 115 116 117 118 123 124 125 126 127 128 129 130 132 133 135
38 66 68 69 72 73 76 77 80 83 84 86 87 88 90 94 95 96 97 99 100 101 102 104 105 106 107 108 109 111 116 122 123 127 129 132 133 135 136
44 67 70 74 76 77 79 82 83 84 85 87 89 90 91 93 95 96 97 99 101 103 105 109 110 111 113 114 115 116 118 120 122 123 124 125 126 128 130 131 132 133 134 135 136
44 67 68 70 71 72 74 76 77 79 80 81 82 85 86 89 90 92 94 95 96 97 98 100 102 103 104 107 110 111 112 113 115 116 119 120 122 123 124 126 128 130 132 135 136
46 67 68 69 70 71 72 73 74 75 78 79 80 81 82 85 86 91 94 96 97 98 100 101 102 104 105 107 110 113 115 116 119 120 122 123 124 126 127 128 129 130 131 132 133 135 136
33 67 70 73 74 77 78 80 81 82 83 84 85 87 89 91 94 97 98 99 104 105 108 109 117 119 120 123 125 126 127 132 134 135
28 68 71 73 74 76 78 84 85 86 87 93 94 95 100 102 104 105 108 110 113 114 115 116 117 118 119 122 131
41 67 70 72 73 75 76 80 81 85 86 88 91 93 94 96 99 100 101 102 103 104 105 107 110 111 112 113 114 115 118 119 120 121 122 123 125 128 131 132 133 136
33 68 72 81 82 83 84 85 89 90 93 94 97 98 100 101 102 104 106 108 112 113 117 122 123 124 125 126 127 128 131 134 135 136
31 67 70 73 74 78 79 82 83 85 86 87 88 91 93 96 97 98 101 105 110 114 117 119 120 122 123 124 125 127 128 131
41 67 69 71 72 74 76 77 78 80 82 84 85 88 89 92 94 96 98 100 101 103 104 106 107 108 111 112 113 114 116 118 120 121 123 125 127 128 129 130 134 136
37 66 67 68 70 71 72 74 75 79 80 84 88 89 90 91 93 98 99 100 102 103 105 109 112 113 116 117 119 120 121 124 128 129 130 132 133 136
26 70 72 74 79 84 87 88 89 91 92 98 99 100 102 105 107 111 116 118 120 123 124 125 128 131 136
48 67 68 69 72 73 74 75 76 77 79 80 84 85 86 87 89 92 93 95 96 97 99 100 103 104 105 106 107 109 111 112 113 115 116 117 118 120 123 124 126 127 128 129 130 131 133 135 136
21 69 72 74 76 78 83 90 94 95 99 101 102 116 117 126 127 128 129 130 134 136
34 67 69 70 72 73 74 77 78 79 82 83 84 86 87 88 94 97 98 100 101 107 108 109 112 113 114 116 119 120 122 123 124 132 136
40 66 67 71 72 74 77 78 80 81 82 85 86 87 88 91 93 94 101 103 105 107 111 114 116 117 118 119 120 122 123 125 126 127 128 130 131 133 134 135 136
24 67 68 74 76 77 79 82 83 85 86 87 89 90 92 101 104 105 108 109 111 121 128 130 136
23 66 69 72 76 77 80 83 86 89 91 92 96 98 101 105 108 109 112 116 119 122 127 130
40 67 69 72 73 74 75 76 77 78 79 80 83 85 86 87 88 90 91 94 95 99 100 102 105 106 107 108 110 111 114 115 117 118 119 120 125 126 131 132 133
36 66 67 68 69 70 71 73 75 78 80 81 82 86 89 90 91 94 95 96 100 103 106 107 110 112 113 115 117 118 120 121 122 123 125 127 133
48 66 67 68 69 71 72 73 74 80 84 85 86 88 89 92 93 94 95 96 97 100 101 103 104 105 106 107 108 109 110 111 114 115 117 118 120 121 122 123 125 126 127 129 130 131 132 134 136
30 69 70 76 77 81 86 89 90 94 95 97 98 99 100 102 103 106 107 110 112 113 119 120 121 124 125 127 133 134 135
24 68 69 70 71 76 77 78 85 89 91 93 94 95 102 108 109 113 117 123 124 126 129 130 132
21 68 73 77 80 81 89 99 100 101 105 107 111 113 119 121 122 127 128 132 133 135
33 69 71 75 76 77 79 84 85 87 88 89 96 97 99 101 104 105 107 109 112 113 114 118 119 122 123 124 125 127 129 131 132 135
35 66 67 68 71 74 77 78 83 84 86 89 90 92 93 94 98 99 103 107 108 109 111 112 115 117 118 119 122 124 127 130 131 134 135 136
27 71 72 74 75 83 86 87 88 89 91 92 93 95 97 98 100 104 105 116 118 119 120 121 126 128 131 134
35 67 69 71 76 77 79 80 83 85 86 89 90 91 92 94 95 97 101 102 103 104 105 106 107 108 110 111 112 114 116 117 118 120 122 136
46 66 67 68 69 70 71 72 73 75 76 77 78 80 82 83 84 85 87 88 93 95 96 99 101 103 104 108 109 110 111 113 115 119 120 121 122 123 124 125 127 128 129 132 133 135 136
39 69 70 72 75 79 81 82 84 85 87 88 89 92 95 96 97 98 99 102 104 105 106 107 111 112 113 115 117 118 120 121 123 126 127 132 133 134 135 136
31 68 69 76 77 78 80 81 88 90 93 95 99 102 103 105 106 110 112 113 114 115 119 121 123 124 126 129 130 131 135 136
36 66 67 72 75 76 77 78 81 85 86 87 90 91 92 97 99 102 103 107 108 109 110 113 114 115 116 117 119 120 121 122 126 127 128 130 133
38 68 69 72 74 77 78 79 85 88 89 90 91 92 94 96 98 99 102 103 104 106 107 108 109 110 111 112 113 114 116 118 119 120 123 127 129 130 134
40 69 71 72 75 76 77 78 79 80 81 82 84 85 90 92 93 94 96 98 99 101 103 104 105 106 107 108 109 110 111 113 116 118 123 125 127 128 131 134 135
46 66 67 68 69 70 72 74 76 77 78 79 80 82 83 85 87 88 92 93 95 96 97 99 100 102 103 104 106 107 108 109 110 111 112 113 115 116 117 118 124 125 126 127 128 131 134
44 67 70 71 72 74 76 78 79 81 82 83 84 86 87 88 89 91 93 95 97 98 99 101 102 103 105 106 107 110 112 114 115 116 120 122 125 126 127 128 129 131 132 133 135
29 67 70 71 73 76 79 80 85 87 89 91 95 96 98 99 101 105 106 107 109 112 123 125 127 128 129 132 135 136
35 75 78 79 83 85 86 87 88 90 92 94 96 97 99 102 104 105 107 108 109 110 111 114 116 118 119 121 122 123 124 125 127 129 130 135
38 67 68 70 73 74 75 77 79 81 83 84 85 88 89 90 91 92 93 94 95 96 97 98 100 107 109 116 117 118 120 121 122 124 130 131 133 135 136
48 66 67 69 71 72 73 74 77 78 80 83 85 86 87 88 89 90 92 93 94 95 96 97 99 102 104 106 107 108 109 110 112 113 115 116 118 119 120 124 125 127 128 129 131 132 133 134 135
48 66 67 68 70 71 72 73 74 75 76 77 78 79 81 82 84 87 89 91 92 93 94 95 96 97 98 99 100 101 104 107 109 110 111 112 113 114 115 116 117 118 119 120 122 131 132 134 135
30 66 67 71 72 74 75 77 80 81 85 89 90 97 98 99 102 103 106 110 111 112 114 115 116 121 124 126 128 134 136
24 67 68 69 70 72 75 79 80 83 89 93 95 96 99 105 109 113 114 118 127 129 130 131 132
41 66 70 71 72 73 75 78 81 82 83 85 87 90 91 92 93 96 99 101 103 104 105 110 111 113 114 115 116 117 118 119 121 122 123 125 128 129 130 131 134 135
26 66 70 72 74 77 78 83 84 91 96 97 102 106 111 114 116 118 119 122 126 127 129 131 134 135 136
23 70 72 74 75 77 79 80 81 85 87 96 98 100 101 108 109 114 119 121 125 126 133 136
29 67 70 72 73 74 77 78 79 82 86 88 89 90 93 94 99 101 102 105 108 110 116 117 122 129 131 132 133 136
48 67 68 69 70 72 73 74 76 77 78 79 80 81 83 85 86 87 88 89 90 91 92 93 95 97 98 99 101 102 105 106 108 109 111 112 114 115 116 117 118 120 125 127 128 129 131 132 134
46 67 69 70 71 72 73 75 76 77 78 79 80 81 83 85 87 88 90 91 95 97 99 100 101 102 103 106 107 108 112 113 114 115 118 119 120 121 123 124 125 126 127 129 130 131 134
38 66 67 68 72 75 78 79 81 82 83 84 86 87 88 89 90 91 92 93 96 98 102 108 112 113 114 115 116 119 123 125 126 127 129 130 132 134 135
39 68 70 71 74 75 76 77 79 80 82 85 86 88 89 90 91 93 95 100 101 102 106 107 108 113 115 118 119 120 121 123 124 126 127 128 129 130 133 135
40 66 67 68 70 73 75 76 78 79 84 85 87 89 90 92 94 95 96 98 99 100 101 103 104 106 108 109 110 111 113 116 117 119 122 125 126 127 129 131 134
35 67 68 69 71 72 73 74 75 76 83 85 86 90 91 95 99 102 105 106 109 111 112 115 116 117 118 119 121 126 127 128 130 132 133 135
36 66 67 71 73 76 78 81 82 84 86 87 88 89 90 91 92 93 95 96 101 103 105 106 108 109 110 112 113 118 119 123 124 128 132 133 134
44 67 69 72 75 76 77 78 80 83 85 86 87 89 90 92 94 96 97 98 99 100 101 102 103 105 106 110 111 112 113 116 118 119 120 121 124 126 127 129 130 131 132 133 136
38 66 68 69 70 71 72 73 76 80 83 84 85 87 91 92 97 98 101 102 104 106 110 111 113 114 116 117 118 120 123 127 128 130 131 132 133 135 136
45 66 68 69 70 72 75 76 77 78 79 81 83 84 86 87 88 89 92 93 94 95 98 99 101 102 103 105 108 109 110 112 114 115 117 118 120 121 125 126 128 129 130 134 135 136
34 68 69 70 72 73 81 83 84 85 86 92 93 94 95 96 97 98 100 102 105 106 107 109 110 114 115 116 117 118 120 127 129 131 134
32 66 67 69 73 76 77 78 79 80 83 90 92 98 100 105 106 107 108 109 110 112 115 116 120 123 124 125 130 132 134 135 136
37 67 69 70 72 73 75 78 83 85 89 92 93 95 96 98 99 101 102 104 105 109 111 113 114 116 119 120 122 124 125 127 129 131 132 133 134 136
32 70 71 72 73 74 76 78 81 92 93 94 95 97 101 102 107 111 112 113 114 115 116 119 121 124 125 127 129 133 134 135 136
23 71 72 73 74 75 78 81 91 93 94 96 97 100 108 111 113 117 128 130 131 134 135 136
25 66 69 72 76 77 78 82 87 91 93 94 95 97 99 103 104 111 117 119 122 124 126 131 135 136
29 68 69 70 72 73 76 80 81 82 83 85 87 88 91 93 97 101 105 112 114 117 118 124 127 128 129 130 131 135
26 67 68 71 78 81 87 88 90 91 94 96 98 101 102 103 106 111 114 115 117 121 128 130 132 134 136
27 66 67 69 70 75 76 79 80 84 85 87 90 93 94 100 107 110 114 118 119 122 123 127 128 132 134 135
24 67 77 80 84 92 93 96 99 100 101 104 109 112 113 114 115 117 119 121 124 125 128 130 134
49 66 67 69 70 72 73 74 75 77 78 81 84 85 86 87 88 90 93 94 95 96 97 98 99 100 101 102 103 104 106 107 108 111 115 116 117 118 121 123 124 125 126 128 129 132 133 134 135 136
46 66 67 68 70 71 73 74 75 79 81 83 86 88 89 91 93 95 96 97 98 99 101 102 103 104 106 109 110 111 114 115 119 120 121 122 124 125 126 127 128 131 132 133 134 135 136
21 67 72 76 78 79 80 82 86 87 93 97 103 105 110 116 119 127 129 133 134 135
49 66 67 68 70 72 73 74 75 76 77 78 79 80 81 82 83 85 87 88 89 91 92 93 94 96 98 99 102 105 106 108 109 113 114 116 118 119 120 121 122 124 126 128 129 130 132 133 134 136
35 67 68 69 72 75 78 82 83 84 85 86 88 92 95 97 99 102 104 107 109 110 113 114 117 118 119 120 122 125 126 128 129 130 134 135
43 68 70 75 76 77 78 80 82 84 85 87 88 90 91 92 93 94 96 97 100 102 104 108 109 110 111 112 114 115 117 118 119 120 121 122 126 127 129 130 132 133 134 135
44 67 69 74 76 77 78 79 80 81 84 85 86 87 88 89 90 91 93 98 100 101 102 103 105 106 107 109 110 113 114 115 118 119 120 122 127 128 129 130 132 133 134 135 136
28 67 68 70 71 78 85 86 88 90 91 92 94 96 99 103 106 109 112 113 115 118 119 121 123 127 129 130 131
30 66 68 70 71 72 73 74 78 81 88 90 94 98 101 105 110 112 113 114 115 117 121 123 124 125 126 127 130 131 134
29 67 68 69 70 71 74 75 76 78 79 84 87 89 90 94 96 99 100 103 105 106 116 117 118 121 122 124 128 130
38 66 68 70 72 73 74 82 83 85 86 87 88 89 90 91 95 96 97 99 106 107 110 111 112 113 116 118 119 120 121 122 123 124 125 126 129 131 132
29 67 68 69 74 75 79 80 86 87 88 90 91 92 94 97 99 100 101 105 107 109 110 112 115 117 121 129 130 131
39 68 72 74 75 77 79 80 84 88 90 91 92 93 94 97 98 100 102 103 105 107 108 110 111 112 113 114 115 116 118 119 120 122 123 124 130 131 135 136
36 66 68 69 72 76 79 80 82 84 85 86 87 89 90 91 94 95 96 97 100 102 105 106 111 114 116 120 123 125 126 129 130 132 133 135 136
41 66 68 69 73 75 76 78 79 81 82 83 84 85 87 89 92 93 94 96 97 98 100 101 102 105 106 109 111 113 115 116 117 118 121 122 124 125 126 128 131 136
44 66 68 69 72 73 74 75 76 77 78 79 80 84 85 87 89 90 91 92 93 94 95 100 103 104 105 106 107 108 110 111 114 116 117 120 121 124 126 129 131 132 133 134 136
44 66 68 69 71 72 74 75 76 78 80 81 82 83 85 86 89 90 91 92 93 94 96 98 99 101 102 103 107 109 112 113 114 115 117 118 121 122 124 129 130 131 133 134 135
44 66 67 68 70 73 74 76 79 80 81 83 84 85 86 87 88 89 90 91 93 96 97 100 101 102 103 104 105 106 109 110 111 115 117 120 122 123 124 125 126 131 133 134 136
42 68 69 71 74 75 77 81 82 83 84 85 86 90 93 94 95 96 98 99 100 101 102 103 104 105 109 110 112 114 115 117 118 121 123 124 125 127 128 132 133 134 135
46 66 69 71 72 73 74 76 78 80 81 83 84 85 86 87 89 90 92 93 94 95 96 97 98 99 100 101 102 103 104 105 106 107 111 112 114 115 116 119 125 128 129 130 132 133 134
39 70 71 72 73 76 79 81 82 83 86 87 88 90 93 94 95 96 99 101 103 104 105 106 108 112 113 115 116 118 119 120 123 124 127 130 131 133 134 135
47 69 70 72 73 74 76 77 80 82 83 84 85 87 88 89 90 92 93 94 95 97 98 100 101 102 103 104 105 106 109 110 112 113 114 115 116 119 120 121 123 124 126 127 129 130 131 134
24 68 72 73 76 78 79 81 85 90 104 106 108 109 113 114 116 120 123 127 128 132 133 135 136
28 68 69 71 74 75 76 85 86 89 91 92 95 97 98 99 103 105 106 112 115 117 121 122 123 124 125 131 133
38 66 70 72 76 78 79 80 81 84 85 86 88 92 93 99 100 103 107 109 110 111 112 114 115 116 118 119 121 122 124 126 127 129 130 131 133 135 136
47 66 67 68 71 72 74 76 77 78 82 83 85 86 87 89 90 91 92 93 95 98 99 100 101 103 107 108 110 111 112 114 117 118 119 120 121 123 124 126 127 128 130 132 133 134 135 136
42 67 68 69 72 79 81 82 84 86 87 89 90 91 92 93 94 96 97 98 100 101 103 104 105 109 110 112 114 115 117 118 119 120 121 123 125 126 127 128 129 131 134
32 66 68 70 73 78 79 80 86 91 96 97 102 104 107 108 109 111 112 115 116 117 118 119 125 126 128 129 131 132 133 135 136
31 67 71 72 73 76 77 80 82 85 86 87 91 92 95 96 97 102 104 106 108 113 115 116 118 120 126 127 129 131 133 135
29 68 71 73 75 76 84 86 89 90 92 94 95 97 99 100 101 105 106 112 116 121 124 125 128 130 132 133 134 135
43 67 68 69 70 71 72 75 78 79 82 88 89 91 92 93 94 100 101 103 104 106 107 108 109 110 112 114 115 116 117 119 120 121 122 123 125 127 130 131 132 134 135 136
26 68 69 70 71 76 80 83 84 85 89 93 95 96 97 98 106 107 108 110 112 114 122 123 128 129 131
40 67 68 69 71 72 74 76 77 81 82 86 93 94 95 97 99 101 102 106 107 108 109 111 113 114 115 117 119 120 121 123 125 126 127 128 129 131 132 134 135
47 66 67 68 69 70 71 74 75 77 78 80 82 83 85 86 87 89 90 94 95 96 98 99 100 101 102 103 104 106 108 109 110 111 113 114 117 119 120 121 122 123 127 128 130 132 133 134
33 67 68 69 72 81 82 84 91 97 98 99 100 101 102 103 104 106 108 109 111 112 114 115 116 117 118 119 122 124 125 128 129 133
26 69 70 71 74 77 79 84 88 89 91 92 98 102 105 107 111 112 113 116 117 120 123 126 131 132 133
49 67 68 69 70 74 75 77 79 80 81 82 85 88 89 90 91 93 94 95 96 97 100 101 102 103 104 105 107 108 109 110 112 115 118 119 122 123 124 125 126 127 128 129 130 131 132 133 135 136
35 67 68 70 71 72 74 77 82 83 89 90 93 94 96 97 100 101 103 104 105 107 108 109 111 114 116 117 118 119 122 124 126 128 129 130
21 66 69 72 73 82 84 87 95 98 99 103 116 117 118 120 123 126 128 131 135 136
23 66 67 69 73 77 78 83 84 88 92 93 96 100 105 106 111 112 114 118 119 126 127 135
27 66 68 69 70 71 73 80 83 85 87 92 95 96 97 100 102 103 106 108 110 113 119 122 126 127 128 136
44 66 67 69 72 73 77 78 80 81 82 83 84 86 87 89 90 92 93 94 95 97 98 100 101 104 107 108 109 110 113 115 118 119 121 122 124 125 127 128 129 131 133 135 136
31 69 71 73 74 78 81 82 83 85 88 89 90 92 95 96 97 98 102 106 107 110 113 115 116 121 124 125 127 128 133 135
34 67 70 72 74 76 79 82 84 88 90 91 93 95 96 97 98 99 100 101 102 103 106 109 110 111 112 115 116 122 123 129 130 132 133
46 66 67 69 71 72 73 76 77 78 79 81 83 84 85 86 88 90 91 92 93 95 97 98 100 102 103 105 107 108 109 110 112 113 114 118 120 121 122 123 126 127 130 132 133 134 136
24 68 70 73 75 76 78 79 84 86 87 95 97 102 104 105 108 109 111 119 120 121 123 133 136
38 68 71 73 75 80 85 86 87 89 90 91 92 93 94 96 99 101 102 104 105 106 107 109 110 112 113 116 117 119 120 122 125 126 128 130 131 133 136
41 66 67 68 69 72 73 74 76 77 78 81 82 83 84 85 88 89 90 96 97 98 99 100 102 103 104 106 108 111 113 115 116 117 121 124 126 127 131 132 134 136
23 69 70 71 74 76 79 86 89 90 96 107 112 113 120 121 122 125 126 127 130 132 134 136
44 66 67 68 70 71 72 73 76 79 80 81 83 85 86 89 90 91 92 93 94 95 96 97 99 100 101 105 107 110 111 113 115 116 118 119 120 122 124 125 127 130 133 135 136
23 68 69 73 74 79 83 84 93 97 99 103 104 111 115 116 118 119 120 122 125 129 134 136
39 68 71 72 77 79 80 81 84 85 86 87 89 90 91 93 94 95 96 97 100 101 102 107 108 110 112 116 117 119 120 122 123 124 125 126 127 130 134 135
45 68 70 71 73 75 78 79 80 81 82 83 84 85 87 88 89 90 91 92 93 95 96 97 98 99 100 103 104 105 106 107 112 115 117 121 122 123 124 125 127 128 129 130 131 133
45 66 67 72 73 74 78 80 81 83 85 86 87 88 89 90 91 92 93 94 96 97 98 99 100 102 104 105 107 108 113 116 117 120 121 122 123 125 126 127 128 129 130 133 134 136
30 66 70 72 74 75 79 82 87 90 91 93 95 97 101 104 106 109 110 111 113 116 117 118 121 124 127 128 130 132 134
22 69 70 71 74 76 79 82 87 90 95 96 103 104 105 106 112 114 121 123 124 129 133
32 66 70 73 78 81 82 83 84 85 86 87 91 93 96 100 102 103 104 105 107 110 113 115 116 122 126 127 129 130 131 132 135
30 66 67 72 73 75 76 79 84 86 87 89 90 94 98 99 100 102 107 110 112 113 115 116 125 128 129 131 132 133 135
33 69 70 74 75 77 78 80 82 86 87 88 89 90 91 93 94 95 97 99 101 102 103 107 110 111 117 120 123 124 125 126 128 133
37 66 68 72 74 75 76 78 80 81 84 86 88 90 91 92 95 98 100 101 103 104 105 106 107 109 110 113 116 120 121 122 123 124 125 127 135 136
39 66 68 69 70 72 73 74 76 78 79 80 82 88 90 95 96 98 100 104 105 106 107 108 109 111 112 113 115 118 122 123 124 126 127 128 131 132 133 134
23 66 68 73 79 80 82 83 87 89 92 93 96 99 101 108 114 116 117 124 130 133 134 136
25 70 71 78 79 81 83 85 90 91 93 99 103 105 107 108 110 111 112 115 119 121 124 125 129 132
29 66 67 68 75 77 78 83 86 88 89 91 92 93 96 97 102 104 107 108 109 112 114 115 116 118 125 131 132 136
38 68 69 70 77 78 82 83 84 85 86 87 88 89 90 94 95 97 101 103 105 106 108 109 113 118 119 120 121 123 124 125 126 129 130 132 133 135 136
47 67 68 69 70 72 73 74 75 76 78 80 81 82 83 84 88 89 90 93 94 96 97 98 100 101 102 105 106 107 109 110 115 116 117 119 120 122 123 124 125 126 130 131 133 134 135 136
31 66 68 70 71 74 76 77 78 84 85 86 87 88 91 92 93 98 100 101 106 110 111 113 115 116 117 118 123 130 131 136
35 72 75 76 77 78 79 84 86 88 89 90 91 93 95 96 97 98 100 104 105 107 109 110 111 114 115 118 120 121 124 126 127 129 134 135
44 66 67 68 69 71 72 73 76 78 79 81 83 84 86 88 89 90 91 95 97 98 99 100 101 103 105 106 109 110 112 113 114 115 116 118 120 123 124 127 128 130 131 135 136
22 67 68 75 76 79 82 85 88 90 91 92 94 99 102 108 120 122 124 127 130 133 134
45 66 67 68 70 71 72 73 75 76 77 78 79 80 81 84 85 88 89 90 91 92 93 95 99 102 104 105 106 110 113 115 116 118 120 121 123 124 125 128 130 131 132 134 135 136
31 67 69 70 73 74 76 77 80 81 84 85 86 91 92 95 96 101 104 108 111 112 113 114 120 121 122 123 125 128 130 131
14 141 143 145 146 148 149 151 153 157 158 161 162 164 166
12 137 138 141 145 152 153 157 161 162 163 164 166
4 139 148 153 158
14 140 142 143 144 145 147 149 150 152 154 160 161 162 166
19 138 139 140 141 142 143 144 146 148 150 153 155 156 158 159 161 162 164 165
13 138 139 140 143 144 145 146 147 155 156 160 165 166
5 137 144 153 157 161
5 145 153 155 157 158
8 143 145 151 154 155 163 164 166
16 139 140 141 142 143 144 147 148 153 155 157 158 159 161 163 164
7 143 146 155 156 157 160 164
16 137 138 139 140 142 144 147 150 152 154 155 156 159 160 163 165
13 139 141 143 145 146 147 150 152 154 161 163 164 165
7 139 142 147 155 156 158 159
7 138 139 142 144 151 156 157
6 144 147 150 156 164 166
11 141 143 144 145 152 157 158 159 160 162 166
11 139 140 143 145 148 149 152 153 156 160 165
7 137 138 148 149 153 154 160
10 137 138 139 142 147 151 159 161 165 166
8 140 142 146 148 150 155 159 160
12 137 140 142 143 146 154 158 160 161 162 163 164
10 137 145 146 148 149 151 154 158 160 161
15 137 138 140 142 144 149 152 153 154 157 160 161 162 163 164
6 140 147 149 150 159 160
20 138 139 140 141 142 145 147 148 149 150 151 152 154 156 157 160 162 163 165 166
9 138 147 148 150 155 156 157 165 166
6 138 141 144 154 162 165
9 141 145 147 148 153 157 159 163 166
15 138 145 146 147 148 149 152 153 155 157 158 160 161 162 165
11 138 139 140 143 144 150 152 155 158 161 162
5 147 148 156 163 164
15 139 141 143 145 146 147 148 150 151 155 156 158 159 165 166
8 137 150 151 154 156 163 164 166
16 137 140 141 148 151 152 153 154 157 160 161 162 163 164 165 166
10 137 143 144 146 153 155 158 159 161 164
11 137 140 141 142 145 149 150 152 153 157 166
9 137 148 151 152 153 157 159 162 164
15 137 139 140 142 143 146 148 151 152 156 159 160 161 163 164
14 137 138 139 140 142 146 149 150 151 153 154 155 161 165
13 140 141 144 145 148 149 150 152 153 154 158 162 163
6 144 149 155 156 158 160
5 138 150 151 157 163
6 137 138 141 156 163 164
7 143 152 153 155 157 162 163
7 138 139 140 141 142 159 165
10 137 140 141 144 145 149 154 155 157 163
8 137 138 145 149 150 152 162 166
7 139 140 141 142 143 144 159
4 147 149 150 166
9 137 142 146 151 154 156 160 164 165
15 137 140 141 142 144 145 147 151 152 154 159 161 162 164 166
8 141 142 149 150 154 158 161 163
11 138 139 141 142 146 148 152 156 158 162 165
26 137 139 140 141 142 143 144 145 146 147 149 150 152 153 154 155 156 157 158 159 161 162 163 164 165 166
14 137 141 142 144 146 147 154 155 158 159 161 162 164 166
7 138 143 144 145 146 149 150
10 139 143 144 147 149 151 154 156 158 165
20 138 139 142 143 146 147 148 150 151 152 153 156 158 159 160 161 162 164 165 166
23 137 140 141 143 145 146 147 148 149 150 152 153 154 155 158 159 160 161 162 163 164 165 166
8 139 140 142 145 150 157 159 164
1 149
8 141 144 146 151 155 156 158 161
4 138 148 151 160
12 138 146 147 148 154 155 156 161 162 163 164 165
11 137 138 140 142 148 151 153 157 159 162 166
7 143 147 152 162 163 165 166
11 137 145 147 149 151 152 154 157 160 163 166
9 139 141 144 145 149 151 152 153 159
7 139 143 144 151 158 159 160
6 146 151 155 157 159 165
6 146 151 154 156 160 165
15 138 139 143 146 148 149 150 153 155 156 157 158 160 163 165
11 140 141 148 151 152 153 154 161 162 163 165
9 142 145 149 150 152 154 160 162 166
4 139 141 149 153
4 144 146 155 156
5 143 151 154 156 158
15 138 139 140 141 142 143 144 146 148 150 153 155 158 164 165
4 144 151 156 158
9 138 139 140 143 146 147 156 160 165
6 151 152 157 159 162 164
6 137 142 148 153 162 166
9 139 143 145 148 149 152 156 160 165
6 143 145 155 163 164 166
5 152 162 163 165 166
11 138 139 143 146 148 150 155 156 157 160 163
9 140 141 145 148 149 150 152 154 158
3 149 155 156
8 141 143 145 149 151 153 157 161
4 143 152 155 157
10 137 140 142 144 145 147 152 154 164 166
4 146 151 156 165
7 148 150 155 156 157 165 166
5 138 142 144 156 157
12 138 139 142 146 148 150 153 158 159 161 165 166
17 137 141 145 147 148 152 153 154 155 158 159 161 162 163 164 165 166
9 137 141 144 154 155 159 161 162 164
5 138 141 144 162 165
9 139 140 142 148 153 158 159 161 164
17 140 143 146 148 150 153 154 155 158 159 160 161 162 163 164 165 166
6 143 145 151 163 164 166
10 141 143 145 146 148 149 153 157 158 166
2 148 153
9 139 140 143 144 150 152 155 158 162
6 137 138 141 152 161 164
8 140 144 149 152 153 160 161 163
8 138 139 143 149 153 158 163 165
4 139 145 159 164
4 151 152 162 164
12 137 138 139 140 144 147 150 154 155 156 160 165
4 147 149 150 160
2 157 163
14 140 141 143 145 146 148 149 150 155 158 159 161 165 166
10 139 143 145 146 147 150 152 163 164 165
2 149 166
4 143 145 146 150
13 137 138 140 144 152 153 154 157 160 161 162 163 164
4 142 154 161 163
6 137 154 158 160 163 164
6 137 148 152 153 157 159
4 147 155 156 159
4 143 152 157 162
5 138 139 144 156 157
5 137 146 151 154 160
5 137 155 158 159 161
9 138 139 140 142 150 151 153 155 165
8 137 138 141 145 153 161 163 166
3 137 153 157
6 139 141 142 156 158 162
8 137 140 141 142 145 149 150 152
6 137 138 148 149 153 154
6 141 142 150 154 161 163
8 137 141 142 144 147 155 161 166
5 137 156 163 164 166
6 137 140 144 155 157 163
7 143 144 149 152 154 160 166
10 138 139 143 153 156 158 161 162 164 166
7 139 143 145 152 154 161 163
9 139 143 145 146 147 148 156 158 166
3 143 153 163
5 138 139 142 144 157
3 137 144 157
4 140 149 150 159
5 137 150 151 154 163
4 138 144 151 156
15 138 139 143 146 147 148 150 151 152 153 156 158 161 164 166
7 137 140 141 149 150 152 153
10 140 143 144 145 147 155 156 160 165 166
6 141 142 149 154 158 161
9 138 141 153 157 161 162 163 164 166
3 144 164 166
3 151 155 157
2 148 153
3 144 158 160
5 143 144 151 159 160
4 142 149 154 163
8 137 143 144 146 153 158 159 164
5 146 151 155 157 165
16 137 139 140 143 145 147 150 152 154 155 156 158 159 161 162 163
8 138 139 140 143 152 155 161 162
5 145 146 148 158 160
4 138 141 142 165
9 138 139 143 144 146 155 160 165 166
4 144 158 159 160
7 137 146 153 158 159 161 164
10 140 141 144 145 148 149 152 153 158 163
4 149 150 152 162
14 138 141 142 144 148 150 153 156 158 159 161 162 164 165
8 146 147 154 155 156 163 164 165
23 139 140 141 142 143 144 145 146 147 149 150 152 153 154 155 156 157 161 162 163 164 165 166
7 137 138 145 149 150 162 166
6 138 139 142 144 151 157
7 140 141 144 145 150 152 162
8 139 141 143 145 146 156 158 165
9 137 140 148 151 153 157 159 162 166
5 137 151 154 160 163
6 137 142 154 160 162 163
11 138 139 140 141 149 150 151 152 154 157 166
12 137 138 140 142 144 149 153 157 160 161 162 163
2 147 166
4 140 147 149 160
4 142 150 159 160
3 137 141 156
16 141 142 143 144 145 146 147 150 153 154 158 161 162 163 165 166
6 137 152 153 157 159 162
3 138 148 160
4 143 156 157 160
9 139 140 143 144 150 152 155 158 161
7 137 151 152 153 157 159 164
6 137 146 151 154 160 161
8 137 140 142 149 152 153 157 166
9 138 139 140 143 144 147 156 160 165
5 139 147 155 158 159
3 138 157 163
8 140 148 149 150 152 153 154 158
12 138 143 146 148 149 153 155 156 157 158 160 163
4 145 150 152 162
6 142 149 150 154 158 163
3 153 157 158
7 145 148 153 157 159 163 166
2 157 158
3 144 155 160
10 137 140 143 146 154 158 160 161 162 163
3 137 163 164
8 141 143 145 152 154 161 164 165
3 156 158 160
6 152 153 155 157 162 163
3 150 157 163
13 138 139 146 148 150 151 152 153 156 158 159 161 162
8 145 146 148 153 157 158 161 162
3 147 150 166
2 149 166
5 137 143 155 158 161
7 148 151 152 157 159 162 164
16 137 139 141 143 144 145 147 149 152 153 156 159 161 162 163 164
4 138 150 155 166
7 139 144 145 151 152 153 159
10 138 147 148 154 155 156 161 162 163 164
6 139 144 151 158 159 160
8 138 139 146 148 152 156 158 162
3 137 138 164
4 138 144 151 157
3 147 149 166
4 138 144 154 165
5 138 150 155 165 166
9 138 140 143 144 146 147 155 156 165
8 141 143 152 157 158 159 162 166
5 137 149 152 154 166
6 145 148 149 154 160 161
6 137 148 153 157 159 164
5 143 146 155 156 157
13 138 140 141 142 143 144 146 150 153 155 161 162 165
3 146 159 165
4 140 142 155 159
13 139 140 141 143 144 147 148 155 157 158 159 161 164
9 146 148 151 153 158 161 162 164 166
8 139 143 148 149 153 155 156 165
9 141 151 160 161 162 163 164 165 166
4 138 141 144 154
4 139 141 142 159
3 147 149 150
4 146 151 156 160
2 138 160
4 141 145 153 157
6 143 146 156 157 160 164
4 144 147 156 166
6 140 143 149 152 160 165
8 141 144 145 157 159 160 162 166
3 149 150 160
10 138 140 147 148 149 150 154 156 163 166
4 140 150 157 159
6 138 139 142 144 151 157
5 143 152 155 157 163
4 138 141 156 164
10 141 147 148 149 150 151 152 154 160 166
3 147 152 166
3 139 147 156
5 137 138 141 163 164
4 148 149 153 160
6 137 146 151 156 164 165
5 143 147 162 165 166
6 139 142 159 161 165 166
6 143 146 155 156 157 160
5 147 150 156 157 166
10 137 139 140 142 144 152 155 156 159 163
9 140 147 149 150 154 160 161 162 166
4 145 149 150 162
11 141 144 145 148 150 152 153 154 158 162 163
9 141 144 145 149 152 154 158 162 163
4 149 155 156 160
11 137 142 147 150 152 154 155 156 159 160 165
6 137 142 146 154 164 165
4 137 151 163 164
5 141 142 149 154 158
7 145 146 147 149 153 155 158
9 138 139 141 142 146 148 152 156 165
5 144 158 159 161 164
4 138 139 140 159
4 139 141 142 165
3 138 150 163
4 145 149 152 166
3 155 157 158
6 137 149 151 152 154 163
6 141 144 146 156 158 161
3 155 157 158
3 137 157 161
3 147 156 163
10 139 141 143 146 147 150 152 161 163 165
3 138 148 151
5 138 139 140 142 159
4 148 156 163 164
2 150 151
7 137 145 152 153 162 163 166
5 141 145 147 157 159
2 155 157
7 138 139 146 149 151 154 161
3 138 141 164
8 140 141 142 149 150 152 153 166
17 138 140 141 142 147 149 150 151 152 154 156 157 160 162 163 165 166
5 146 151 156 160 165
6 140 141 150 152 153 157
7 139 140 143 145 148 149 160
6 137 145 151 154 157 160
6 137 138 153 157 159 162
7 141 143 152 157 158 160 162
7 137 145 146 149 154 158 161
5 152 155 157 162 163
10 146 147 154 155 156 161 162 163 164 165
11 137 142 144 147 155 158 159 161 162 164 166
4 140 149 150 159
4 140 150 159 164
7 139 143 144 147 149 154 158
4 139 140 141 159
9 137 138 141 152 153 161 163 164 166
5 137 139 147 159 161
3 147 149 166
4 139 141 142 144
4 144 156 164 166
15 141 143 148 149 150 152 153 154 155 159 161 162 163 164 166
8 138 140 142 151 153 159 162 166
4 137 141 163 164
3 144 153 157
4 149 156 158 160
9 137 138 142 148 151 153 159 162 166
13 137 138 139 140 142 144 147 152 155 156 160 163 165
9 137 138 139 142 146 151 154 155 165
5 141 146 151 155 156
4 141 144 154 162
9 137 141 142 145 149 150 152 153 157
3 139 153 158
18 137 141 143 146 147 148 149 150 153 154 155 158 161 162 163 164 165 166
5 142 151 154 156 165
4 141 156 163 164
9 137 138 142 148 151 153 157 162 166
3 138 150 151
9 140 143 144 145 147 150 152 161 162
8 137 140 143 146 151 152 159 163
7 141 142 144 147 154 162 166
7 139 140 143 146 148 159 164
6 138 143 144 146 149 150
7 139 141 145 149 152 153 159
11 139 140 141 142 143 144 148 153 159 161 163
2 139 153
11 140 143 144 145 149 150 152 154 160 161 162
7 141 148 153 157 159 163 166
7 139 141 144 145 149 151 159
5 150 151 154 163 166
5 141 142 158 161 163
4 146 155 159 165
6 140 144 149 150 152 163
3 137 138 163
4 147 149 150 160
4 142 145 150 159
6 143 144 149 151 154 165
5 138 144 146 149 150
7 143 146 148 151 153 157 162
8 137 143 144 146 153 155 158 161
4 147 148 156 163
2 138 151
7 137 143 144 146 155 158 161
5 139 148 156 162 165
13 138 139 140 141 143 144 150 155 156 159 161 164 165
4 139 140 142 159
8 138 143 145 147 155 156 160 166
4 144 149 156 160
11 137 141 142 144 146 154 155 159 161 162 164
17 140 141 142 143 145 147 149 150 152 153 154 155 156 157 159 163 164
18 137 139 140 142 143 145 146 147 148 150 152 153 157 159 160 162 164 166
12 140 141 144 146 148 149 150 153 154 164 165 166
15 137 138 141 142 147 150 151 153 154 156 157 159 162 163 166
9 139 143 144 147 149 150 160 161 163
14 139 140 142 143 145 147 148 152 156 157 158 159 160 166
17 139 141 142 143 144 148 150 151 152 154 156 157 159 161 162 164 165
17 140 141 142 143 144 148 150 152 153 154 155 156 157 158 160 164 166
14 138 140 141 142 145 148 149 154 155 158 160 162 165 166
18 137 138 139 140 142 143 144 148 149 151 152 153 157 158 159 160 164 166
15 139 140 141 142 143 144 146 147 148 151 156 157 163 164 165
10 140 143 145 148 150 156 160 163 164 165
12 137 142 143 144 146 148 149 151 153 154 156 165
16 137 138 142 144 145 147 149 150 152 153 154 155 157 161 163 166
18 139 140 141 142 144 145 147 148 149 151 155 157 159 161 162 163 164 166
20 140 141 143 144 145 146 147 148 150 153 154 156 158 160 161 162 163 164 165 166
14 137 139 141 142 143 145 146 147 149 152 153 158 163 164
14 137 138 139 140 141 150 151 153 155 157 158 162 163 166
9 138 139 140 144 146 155 160 162 166
10 139 140 144 146 148 149 151 156 158 161
14 137 139 142 144 147 150 154 157 158 159 160 162 164 166
16 137 140 141 142 144 145 146 147 149 152 154 156 160 163 164 166
9 137 141 144 145 150 153 154 159 161
10 138 139 143 145 151 152 158 162 164 165
19 138 139 140 141 144 145 147 148 149 150 151 153 154 158 159 160 162 163 165
11 137 142 143 144 145 149 154 156 159 161 163
12 137 138 139 141 148 150 151 152 154 163 164 165
20 137 138 140 144 146 147 149 150 151 153 154 156 157 158 159 160 161 163 164 166
15 139 140 141 143 145 146 147 154 155 156 158 160 162 164 165
19 137 138 139 141 142 143 145 147 149 150 151 153 154 155 157 160 161 164 165
12 140 144 149 150 151 153 154 157 158 159 161 165
14 138 139 141 142 145 146 150 152 155 158 162 163 165 166
16 137 138 139 140 141 145 147 148 150 157 158 159 160 162 164 165
19 139 140 142 143 145 146 147 149 150 151 152 153 154 158 160 162 163 164 166
10 139 140 142 143 148 151 158 160 162 163
10 140 145 146 147 149 154 160 161 165 166
16 137 138 141 142 144 145 146 148 149 150 151 154 155 157 162 165
20 137 138 139 143 146 147 150 151 152 153 154 155 156 157 158 159 160 162 163 166
10 137 140 141 144 149 151 160 161 163 164
13 138 141 145 146 147 149 150 151 153 157 160 163 165
10 138 139 140 145 148 152 156 164 165 166
13 137 138 145 146 148 149 150 151 152 156 160 163 165
10 138 139 144 147 151 153 156 160 163 165
18 137 138 144 146 147 148 149 150 151 153 155 156 157 158 161 162 163 165
19 139 140 141 142 143 144 146 147 148 150 153 155 157 159 160 162 163 165 166
12 139 141 142 144 145 147 151 153 156 160 163 164
13 137 140 142 143 144 147 150 152 155 158 159 163 165
13 138 140 141 145 146 147 150 154 155 157 158 159 163
16 137 138 139 142 147 148 149 151 154 156 158 159 162 163 164 166
14 140 141 143 144 146 147 149 152 157 159 161 162 163 165
14 140 142 146 147 149 150 151 152 155 158 159 161 164 166
15 137 141 142 145 147 148 149 151 152 153 158 160 162 164 166
10 140 146 147 150 155 157 159 163 164 165
11 138 139 141 146 147 148 155 156 160 162 165
15 137 140 143 144 145 146 148 150 152 155 157 159 161 163 165
16 141 144 146 147 148 151 152 154 155 156 157 159 160 162 164 165
13 137 138 140 144 145 146 149 150 151 154 160 162 164
15 138 141 142 145 146 150 153 155 156 158 160 162 164 165 166
13 138 142 143 144 146 148 149 152 154 155 157 163 165
19 138 139 140 142 143 144 145 148 149 153 154 155 159 160 162 163 164 165 166
18 137 139 142 143 144 145 146 147 148 152 156 159 160 161 163 164 165 166
11 138 145 147 148 149 155 156 157 161 164 166
18 139 141 142 144 146 148 149 150 153 155 156 157 158 159 160 162 164 165
17 137 139 140 144 145 147 148 149 150 151 154 156 157 159 160 164 165
14 139 140 141 142 144 145 146 151 153 154 157 161 163 164
16 138 139 140 143 145 147 148 149 157 158 160 161 163 164 165 166
15 137 139 141 143 144 150 151 152 154 155 158 160 164 165 166
11 137 139 143 149 152 153 154 155 156 164 166
14 137 140 144 146 147 148 149 151 153 158 162 163 164 165
10 139 146 149 153 154 155 156 160 161 165
10 137 142 143 144 148 150 152 156 160 163
18 140 142 143 144 145 147 149 150 151 152 156 158 159 160 161 164 165 166
9 139 140 145 148 152 156 160 163 166
14 137 140 142 146 147 148 149 150 153 157 158 160 164 165
9 139 144 149 151 153 154 156 161 166
15 137 138 139 140 143 147 148 149 154 156 157 158 162 163 164
15 140 141 145 147 148 150 151 152 154 156 159 160 162 164 166
13 137 141 142 144 145 146 150 151 154 157 162 164 166
14 137 138 139 142 143 144 147 151 152 153 157 159 160 161
10 137 138 140 142 145 148 151 155 163 166
13 142 144 145 146 147 148 149 151 152 155 162 163 166
9 139 140 141 142 144 148 156 158 165
9 137 140 146 156 157 160 161 165 166
15 139 140 141 144 146 148 150 151 152 153 156 159 161 162 165
18 137 138 139 140 144 146 147 148 149 151 152 154 155 156 158 160 164 166
16 142 143 145 147 148 150 152 153 155 157 160 161 162 163 165 166
17 138 140 141 144 145 146 147 148 149 152 153 154 155 159 160 163 166
10 137 138 143 150 152 157 158 160 161 166
17 138 139 140 141 142 143 145 147 150 154 155 157 158 159 163 164 166
9 139 141 144 148 149 154 155 157 161
9 138 142 143 151 153 158 159 162 163
14 137 141 143 145 148 150 152 153 156 157 158 161 164 166
9 143 144 147 148 150 154 155 156 158
15 138 141 142 143 144 146 148 149 151 152 157 159 164 165 166
19 137 138 139 140 142 144 145 149 150 151 153 154 157 160 161 162 163 165 166
13 137 139 140 143 145 146 153 155 157 158 159 161 163
13 137 139 142 143 146 147 148 155 156 158 159 160 162
11 139 140 146 148 152 155 157 158 159 162 165
19 137 138 140 142 143 144 146 148 150 151 153 156 157 160 161 162 163 164 166
16 137 138 139 140 141 142 143 146 147 150 151 153 154 157 164 166
18 138 139 143 144 145 149 152 153 154 156 157 159 161 162 163 164 165 166
16 138 139 140 141 143 144 146 147 150 153 154 156 157 160 161 162
20 138 139 141 144 145 147 149 150 151 152 153 154 155 158 159 160 161 162 165 166
14 137 138 139 140 144 149 151 153 155 159 161 163 165 166
16 141 142 143 144 148 149 150 151 152 154 156 157 158 159 162 164
14 137 139 142 145 146 147 148 150 152 156 157 159 163 165
10 140 141 146 151 152 156 157 158 162 163
11 138 139 141 149 150 151 152 157 159 165 166
16 137 140 141 144 145 147 148 150 151 152 155 156 158 162 164 166
13 137 139 142 144 146 147 148 152 153 160 161 162 163
12 137 138 141 143 145 146 147 151 154 157 158 161
12 141 142 148 149 153 154 155 157 158 160 161 163
9 140 146 148 156 157 158 159 160 161
15 139 141 143 144 146 148 151 152 154 155 160 161 163 165 166
14 137 139 141 144 147 148 151 154 157 158 159 162 163 165
12 137 139 142 145 146 148 151 153 154 158 163 166
13 140 143 145 147 149 151 153 154 157 158 162 164 165
15 138 140 143 144 146 147 149 151 153 154 155 157 158 160 163
14 138 140 145 148 149 150 151 153 154 157 158 163 165 166
19 139 142 143 144 146 148 149 151 152 153 154 156 157 159 160 161 162 163 165
14 137 138 139 143 144 145 146 148 150 152 153 159 163 165
14 137 139 140 141 149 152 156 157 158 159 160 161 164 165
11 138 139 141 144 150 153 155 157 158 161 165
12 137 139 140 144 146 147 150 154 155 158 164 166
9 137 143 145 147 151 154 157 160 165
16 137 139 141 142 143 145 146 152 154 155 156 157 158 163 165 166
9 137 141 144 153 156 157 159 162 164
11 137 139 147 148 153 154 156 158 161 163 164
13 141 144 145 147 150 151 153 157 159 162 163 165 166
15 138 139 140 141 143 145 147 149 151 152 155 156 159 160 166
12 137 138 140 143 145 152 153 156 157 162 163 166
13 137 139 142 146 149 153 155 156 159 162 163 164 166
9 139 141 143 144 145 146 150 157 166
11 138 141 143 144 145 151 153 154 156 159 164
19 137 138 139 140 141 142 144 145 147 149 151 152 153 155 157 159 161 162 163
19 137 138 139 141 142 143 144 150 152 153 155 157 158 159 160 163 164 165 166
15 138 139 140 141 144 145 147 148 151 152 154 156 160 161 166
19 137 138 139 140 141 142 143 144 145 151 153 155 157 158 160 161 163 165 166
17 139 140 142 143 144 146 149 151 152 155 156 157 160 161 162 164 166
18 138 139 141 142 143 144 145 147 148 149 150 153 157 159 160 161 164 165
19 137 138 140 141 142 143 144 146 148 149 151 153 154 155 158 160 164 165 166
12 140 143 144 146 148 149 152 154 155 156 161 166
12 138 141 145 146 148 149 150 152 158 161 162 166
20 137 139 140 141 142 143 144 145 146 148 149 151 153 154 157 158 159 160 161 162
20 137 138 140 141 144 145 146 147 148 149 151 152 154 155 156 158 160 161 163 165
20 137 138 139 142 143 144 145 147 148 149 150 153 156 157 158 159 160 162 163 164
11 137 143 151 153 155 156 161 162 163 164 166
16 137 138 139 140 141 145 149 150 151 153 159 161 162 164 165 166
12 138 142 148 151 152 154 156 159 161 162 164 165
9 137 142 144 145 148 150 152 155 157
16 137 139 141 142 143 144 146 147 150 151 152 154 155 158 161 166
11 140 141 145 146 149 152 153 158 159 162 165
15 138 141 142 144 146 147 148 152 155 157 158 159 161 164 165
9 138 142 153 154 156 157 160 163 164
14 138 140 142 143 147 150 152 154 158 160 161 162 164 165
9 139 141 145 146 155 156 160 164 165
18 137 138 140 141 142 143 146 149 152 153 154 156 158 159 161 164 165 166
20 137 138 139 141 142 146 149 150 152 153 154 156 157 158 159 160 162 164 165 166
18 137 138 139 143 144 145 146 147 148 151 152 153 154 155 156 158 161 162
10 142 144 145 148 150 152 155 157 158 166
16 138 139 140 142 143 144 145 148 149 150 152 156 157 158 161 163
9 138 141 142 145 147 148 155 159 165
9 137 144 148 155 157 159 160 161 166
18 137 138 140 142 143 144 146 147 148 149 151 152 153 155 158 161 162 163
20 138 139 140 141 142 143 144 145 147 149 150 152 155 156 157 160 161 162 163 164
18 138 140 141 142 143 144 145 146 147 148 151 154 157 160 162 164 165 166
13 138 143 144 145 146 149 150 154 155 160 163 164 166
19 137 138 141 143 146 147 149 150 151 154 155 156 157 159 161 162 163 164 165
10 137 143 146 149 152 154 156 159 163 166
15 137 139 140 141 145 146 148 149 154 155 158 159 160 163 165
13 137 138 139 140 141 143 148 151 156 157 161 162 164
19 137 138 139 143 144 145 150 151 152 153 154 156 157 158 159 160 161 162 166
11 139 142 146 147 150 152 154 157 159 162 166
14 139 143 146 147 149 150 151 156 157 159 160 163 164 165
10 138 144 146 150 154 155 157 158 159 166
19 137 139 140 141 142 143 144 145 146 147 148 153 154 155 160 161 162 163 166
11 138 143 146 147 150 152 154 159 164 165 166
9 137 142 145 150 151 157 159 161 165
16 137 138 139 143 144 145 146 148 149 153 154 159 160 161 162 166
15 139 140 141 142 144 146 147 148 150 151 155 159 161 162 165
19 138 139 140 141 143 145 146 147 150 153 155 156 157 159 160 162 163 165 166
9 137 141 145 147 151 155 159 162 165
17 137 139 140 141 143 144 145 146 149 152 155 156 158 160 162 164 166
16 137 139 140 142 143 144 145 146 147 149 151 154 155 157 164 166
11 139 140 142 147 149 151 152 155 158 161 165
10 137 144 146 147 151 153 154 155 164 165
19 137 138 140 142 144 146 147 149 150 152 154 156 157 158 159 161 162 163 165
12 137 138 139 141 144 146 150 153 155 163 164 165
17 140 141 142 143 144 145 146 147 148 155 156 157 160 161 162 165 166
15 138 139 142 143 145 146 147 149 150 151 155 156 158 160 164
10 137 138 141 143 149 151 155 160 163 166
18 137 141 142 143 144 146 147 148 150 152 154 155 156 160 161 162 165 166
20 138 139 140 141 142 143 144 145 148 149 150 151 154 155 156 158 159 161 163 166
11 138 139 142 148 150 151 156 157 158 165 166
17 139 141 142 143 144 146 151 152 153 158 160 161 162 163 164 165 166
19 137 138 139 140 141 145 146 148 149 151 153 156 158 159 161 162 163 164 165
19 138 142 144 145 146 147 148 149 150 154 155 156 158 160 161 162 164 165 166
10 140 141 150 151 153 155 158 161 164 166
16 137 139 140 141 142 147 152 155 157 158 159 160 161 162 164 165
17 138 139 140 141 142 144 148 150 151 152 157 158 160 161 162 163 166
17 137 138 139 140 142 144 145 146 151 152 155 156 159 161 162 165 166
16 137 138 140 141 146 148 150 151 152 153 155 156 157 158 159 163
10 138 140 143 145 148 151 157 160 164 166
9 138 142 144 147 153 156 160 163 165
15 140 142 144 145 146 149 150 151 152 153 154 159 160 162 165
19 137 140 141 143 144 146 147 149 150 151 153 154 155 156 158 162 163 164 165
18 138 140 141 144 146 148 150 153 154 155 156 157 159 161 163 164 165 166
17 137 138 139 140 141 143 145 146 147 149 150 151 152 154 157 162 165
9 137 142 149 151 152 155 156 160 164
16 138 139 140 141 142 143 145 150 152 154 155 156 160 161 163 165
16 138 140 141 145 148 149 150 152 153 155 156 158 159 160 162 164
17 139 140 142 150 151 153 154 155 156 157 158 159 161 163 164 165 166
16 137 139 140 143 144 146 147 148 151 153 154 155 159 160 161 165
18 138 145 146 147 148 149 150 153 154 155 156 159 160 161 162 163 164 165
19 137 140 141 142 144 145 147 148 149 150 155 157 158 159 161 162 163 164 165
12 137 138 139 140 141 144 145 150 154 157 159 160
15 138 143 144 145 147 150 153 155 156 159 161 163 164 165 166
16 137 138 139 140 143 144 145 147 149 150 152 156 159 160 163 164
11 137 142 146 149 150 151 152 153 160 162 163
9 141 142 143 144 150 156 160 163 164
13 139 142 148 149 150 151 154 157 160 161 162 164 166
12 139 140 146 147 148 149 150 155 157 158 160 163
11 139 141 142 149 151 156 157 159 161 164 165
12 141 144 145 149 150 152 153 156 158 159 164 165
15 140 144 145 146 148 149 152 156 157 160 162 163 164 165 166
20 137 138 139 140 141 143 144 145 146 151 153 154 155 156 158 159 160 163 164 165
12 137 138 142 145 148 150 156 158 159 161 163 164
15 138 139 140 141 142 145 148 149 151 153 154 156 158 163 166
11 137 139 145 146 149 151 155 158 159 161 165
9 137 142 143 147 151 154 158 162 166
11 140 146 148 149 153 155 157 160 163 164 166
12 137 139 143 144 146 147 151 152 157 160 164 165
10 145 148 150 151 152 155 160 162 163 165
20 137 138 139 140 141 143 146 147 151 154 157 158 159 160 161 162 163 164 165 166
17 138 139 143 144 145 147 148 151 154 155 156 157 158 159 160 163 164
17 137 138 139 141 143 148 149 151 152 153 155 156 157 158 164 165 166
15 137 142 143 144 146 148 154 155 156 157 158 161 163 165 166
18 137 139 140 141 142 145 146 150 151 152 153 157 158 159 160 161 162 164
9 141 145 151 153 154 157 159 160 166
9 141 142 144 145 147 152 153 160 166
13 137 138 142 146 149 151 152 155 158 159 163 164 165
10 137 139 140 150 153 158 160 162 164 166
14 138 145 147 148 149 150 151 155 159 161 162 163 164 165
18 138 141 142 143 144 145 146 147 152 154 155 157 158 160 161 162 164 165
10 137 138 142 145 147 149 150 152 163 165
9 140 145 146 148 151 153 155 156 160
16 137 138 143 145 147 148 150 151 152 154 155 156 157 159 161 165
20 137 138 139 140 142 143 145 148 149 152 153 155 156 157 158 160 161 163 165 166
9 137 138 139 145 152 154 157 158 163
17 139 141 146 149 150 151 152 153 154 156 157 158 160 162 163 164 165
10 137 141 142 145 146 147 148 149 152 163
18 138 140 141 143 144 145 146 147 148 149 151 152 154 156 158 161 165 166
19 138 140 144 145 146 149 150 151 152 153 154 155 156 158 159 161 163 165 166
9 141 144 146 147 149 151 154 158 160
11 137 139 142 143 145 147 148 150 159 162 163
12 138 139 141 143 144 152 153 156 157 161 162 163
12 138 143 145 151 152 155 156 157 158 161 164 165
20 137 138 141 142 143 144 146 148 150 152 153 155 156 159 160 161 162 163 164 166
14 140 142 143 144 145 148 150 153 154 155 158 161 164 166
20 137 139 140 142 143 146 149 150 151 152 153 155 156 157 158 162 163 164 165 166
20 137 138 139 141 143 144 145 146 147 148 149 150 154 155 158 159 161 164 165 166
14 139 141 142 143 144 147 149 151 153 158 160 161 162 163
9 140 141 145 148 149 157 161 163 165
18 137 138 139 140 141 142 144 147 153 154 157 158 160 161 162 163 164 165
18 137 139 140 142 145 146 147 148 149 150 151 156 158 159 160 162 163 166
11 137 141 143 146 147 151 154 157 158 161 165
17 140 144 145 147 148 150 151 153 155 156 157 159 161 162 163 165 166
18 137 138 139 141 142 144 145 146 148 150 152 154 157 160 161 162 163 166
12 138 139 140 146 147 150 152 157 158 163 164 166
17 139 140 141 142 143 144 145 146 148 150 151 152 158 160 164 165 166
11 138 143 145 148 149 151 159 161 163 164 165
16 137 139 141 146 147 148 153 154 155 156 158 160 161 162 165 166
12 141 142 143 146 151 153 155 158 160 162 163 164
10 138 142 143 147 148 151 152 157 162 166
15 138 139 141 143 144 145 146 150 153 154 155 159 160 164 165
20 137 138 141 142 143 144 146 147 148 149 150 152 153 155 157 159 161 162 164 165
14 139 140 141 142 145 146 147 148 150 152 159 161 163 165
13 140 141 142 146 148 149 151 152 156 159 161 162 165
16 138 141 142 146 147 148 149 150 151 153 154 155 162 164 165 166
19 138 140 143 144 146 147 148 149 150 151 152 154 157 158 159 162 163 164 166
16 137 138 139 140 142 143 144 147 148 150 153 154 155 156 157 166
14 137 138 139 140 142 146 149 151 152 153 156 157 160 162
17 137 141 143 146 147 149 150 152 154 155 156 157 158 161 163 164 165
15 137 139 141 142 143 144 146 148 152 153 155 160 161 164 166
17 138 139 140 141 144 146 147 149 150 157 158 159 160 161 163 164 165
18 137 142 143 144 145 146 147 148 149 150 152 153 157 158 159 160 163 165
17 138 141 142 144 145 148 149 153 155 156 157 159 160 161 162 164 165
10 139 141 143 144 145 146 155 157 162 165
11 137 142 143 144 145 150 154 155 156 157 164
9 137 139 141 147 150 151 160 162 163
10 137 138 139 145 152 157 162 163 165 166
10 137 138 142 143 146 153 157 161 162 166
12 138 142 143 149 151 152 157 161 162 164 165 166
14 143 144 145 147 149 153 154 155 157 159 160 161 164 166
18 138 139 140 143 144 146 148 149 150 152 155 156 158 159 161 162 163 164
11 137 138 140 141 147 150 154 155 158 159 166
10 140 143 144 147 149 154 155 156 160 162
17 138 139 140 143 145 146 147 149 150 152 153 157 160 161 163 164 166
16 137 138 141 144 145 146 149 151 154 156 159 160 161 163 165 166
16 143 144 145 146 148 150 151 153 155 156 159 160 161 162 164 165
17 137 138 141 142 143 144 149 153 154 156 157 159 161 162 163 165 166
14 138 145 147 149 152 153 154 156 157 158 159 160 163 166
