203 1413
73 1 2 3 4 5 6 7 8 9 10 11 12 13 14 15 16 17 18 19 20 21 22 23 24 25 26 27 28 29 30 31 32 33 34 35 36 37 38 39 40 41 42 43 44 45 46 47 48 49 50 51 52 53 54 55 56 57 58 59 60 61 62 63 64 65 66 67 68 69 70 71 72 73
53 1 5 7 8 9 10 11 13 15 16 17 18 19 23 24 26 27 29 30 32 33 34 35 36 37 38 39 41 43 44 45 46 48 49 50 51 52 53 56 57 58 60 61 62 65 66 67 68 69 70 71 72 73
48 1 2 4 5 6 7 9 10 11 13 15 16 18 19 20 22 26 27 28 29 30 31 32 33 34 36 38 39 40 42 43 44 46 47 50 52 55 56 57 58 59 61 62 64 68 69 70 71
43 1 2 4 5 6 7 10 12 13 14 15 18 22 24 25 26 27 29 32 33 34 35 37 40 41 42 44 48 49 51 52 55 56 59 60 61 62 63 64 67 68 69 71
50 2 3 4 5 8 9 10 12 13 14 15 16 17 18 19 20 21 23 24 25 26 27 31 32 35 37 39 41 42 43 45 48 50 51 52 53 55 57 58 60 61 63 64 65 66 67 69 70 71 72
34 1 2 4 5 11 12 13 15 17 19 21 22 23 25 28 29 32 33 34 35 36 39 40 41 43 44 54 58 62 63 64 68 71 72
56 1 2 3 5 6 7 9 10 11 12 15 16 17 18 19 20 21 22 23 24 25 26 27 28 34 35 38 39 40 41 42 43 44 45 46 47 48 49 51 53 55 56 57 58 59 61 62 63 64 66 67 68 70 71 72 73
48 1 3 4 5 6 7 8 9 10 11 12 14 15 24 26 27 30 32 34 35 39 41 42 43 44 45 46 47 48 49 50 51 52 54 55 57 58 59 60 61 62 64 65 67 68 70 71 73
52 1 4 5 7 8 9 11 12 13 14 16 17 18 19 20 21 23 24 25 26 27 28 29 30 31 32 34 37 41 42 43 44 45 47 48 52 53 54 55 56 57 62 63 64 65 66 67 68 69 70 71 73
35 4 6 8 14 16 19 22 25 26 28 30 31 33 34 35 36 37 38 41 43 44 47 48 50 52 54 57 59 60 61 65 67 70 72 73
26 3 8 13 16 17 18 23 27 29 32 33 34 37 38 39 40 42 46 48 57 58 59 64 65 69 73
39 1 2 4 9 11 13 15 17 20 21 22 24 25 27 29 30 31 32 33 35 36 37 39 40 44 46 48 49 50 54 57 59 61 65 66 67 70 71 72
27 3 8 9 10 11 12 15 16 17 22 26 27 28 29 32 33 35 37 38 39 48 59 60 63 64 71 73
54 1 2 3 4 5 6 7 8 9 10 11 12 13 14 16 17 18 19 21 23 24 25 27 28 29 31 32 34 35 36 37 38 39 40 41 42 44 46 47 49 50 51 54 55 56 60 62 63 65 66 67 68 71 72
51 1 2 4 6 7 8 9 11 12 13 14 18 19 21 22 23 24 25 26 29 30 31 32 33 34 35 36 38 41 42 44 45 47 49 51 52 54 55 56 59 60 62 64 65 66 67 68 70 71 72 73
52 1 2 4 5 6 7 8 12 13 15 17 18 20 21 22 23 24 25 27 29 30 31 32 33 34 35 36 37 39 40 42 43 45 46 47 48 50 51 52 54 55 56 57 58 60 61 65 66 69 70 72 73
58 2 3 4 5 6 8 10 11 12 14 15 17 18 19 20 21 22 23 25 26 27 28 29 31 32 33 34 35 37 38 39 40 41 42 44 45 46 47 48 49 50 53 54 55 57 59 60 61 62 63 64 65 66 67 69 70 72 73
44 3 4 5 6 8 9 10 11 14 15 17 19 20 21 22 24 26 28 29 30 32 33 35 37 38 41 42 43 45 46 47 48 50 51 53 55 57 58 61 62 63 68 70 71
39 3 6 13 17 21 22 24 26 27 29 30 32 33 34 35 37 38 40 41 43 46 48 49 50 51 53 54 55 56 60 61 62 63 64 67 70 71 72 73
33 2 6 7 8 9 12 13 15 18 20 22 23 25 26 27 34 38 39 40 44 47 50 51 54 58 60 63 64 65 66 68 69 70
43 2 5 6 7 8 9 13 14 16 17 18 19 20 21 22 23 24 26 27 31 32 34 37 39 40 42 44 45 49 50 51 52 54 58 59 60 61 64 66 69 70 72 73
51 2 3 4 5 6 7 9 11 12 13 14 15 16 18 19 20 23 24 26 27 29 31 32 34 36 37 38 39 40 41 42 43 45 46 47 49 52 54 58 60 61 62 63 64 65 67 68 70 71 72 73
33 1 5 7 13 15 18 19 21 22 23 25 26 28 29 30 31 32 34 38 39 51 52 54 57 59 60 61 62 63 64 66 71 72
22 2 9 12 13 14 15 18 21 22 24 27 28 37 43 45 50 53 60 62 63 65 68
41 1 2 3 5 7 11 12 13 14 15 16 17 19 20 23 24 26 27 28 30 35 37 38 39 40 42 44 45 46 47 50 51 54 57 59 60 63 64 66 67 68
55 3 4 6 7 8 10 11 12 14 15 17 18 19 20 22 23 24 25 26 27 28 30 32 34 35 36 37 38 40 41 42 43 44 45 46 47 48 49 51 53 54 55 56 57 59 60 61 62 63 64 65 66 69 71 73
26 3 4 6 10 13 15 16 21 22 25 35 36 40 41 43 44 45 48 49 55 58 63 64 66 68 72
28 4 5 8 11 15 16 17 18 25 28 30 34 37 39 41 42 44 48 54 55 56 58 60 65 67 68 71 73
44 1 2 3 4 5 9 10 13 15 17 18 19 20 21 23 29 30 31 32 37 38 39 41 42 43 45 46 48 49 50 51 52 56 57 59 62 64 65 67 68 70 71 72 73
51 1 3 4 6 8 9 12 13 14 15 16 18 19 20 22 24 26 30 31 32 33 34 36 37 38 39 40 41 43 44 46 47 48 49 50 51 52 53 54 57 58 59 61 62 64 66 67 68 69 70 72
42 3 5 7 8 11 13 16 17 18 21 22 24 27 28 29 31 32 35 36 37 38 42 43 45 46 47 50 51 53 54 56 57 58 59 63 64 65 66 69 70 71 73
53 2 4 7 9 10 12 13 14 16 17 18 19 20 21 24 26 28 30 31 32 33 35 36 37 38 40 41 42 43 44 45 46 47 48 50 51 52 54 55 56 58 59 61 62 63 64 66 67 68 70 71 72 73
43 3 5 6 7 9 10 13 14 15 16 20 26 27 28 30 31 32 33 34 35 36 39 41 42 43 45 48 50 51 52 54 55 59 60 61 62 63 64 65 66 69 70 73
41 1 2 3 4 5 6 8 9 10 14 15 17 18 21 22 25 26 27 28 32 33 35 37 39 40 41 45 48 49 50 52 59 60 61 62 63 66 68 69 70 73
40 2 4 6 7 9 11 12 13 14 16 17 20 21 22 24 26 27 29 30 33 35 37 40 42 43 44 48 49 52 54 57 58 61 62 64 67 70 71 72 73
53 1 5 6 8 9 10 12 13 14 15 16 17 18 19 20 21 22 23 24 25 26 27 29 30 32 33 34 35 38 39 41 42 43 44 45 47 48 50 51 54 55 57 59 60 61 62 63 65 66 67 70 71 72
56 1 3 4 5 6 8 9 10 11 12 14 15 16 17 18 21 23 24 28 29 30 31 32 33 34 35 37 38 39 40 41 42 43 44 45 46 47 49 50 52 53 54 56 57 58 59 60 61 62 63 64 65 67 71 72 73
51 1 2 3 4 5 6 7 8 9 12 13 14 16 17 18 20 21 27 28 29 30 31 32 35 36 37 38 39 42 45 47 48 50 51 52 53 56 57 58 59 60 61 62 63 65 66 67 68 69 71 72
28 1 2 5 6 8 11 17 22 23 25 27 34 35 37 42 44 51 53 54 56 59 60 63 64 67 68 70 73
39 1 2 6 8 11 14 16 19 20 23 24 25 27 30 31 34 35 36 40 41 43 44 46 47 48 50 51 52 54 55 57 61 64 66 67 69 70 72 73
41 1 2 3 4 5 6 8 12 14 17 19 20 24 25 27 29 31 33 35 36 37 38 41 44 45 47 48 49 50 54 56 58 60 61 63 65 67 68 69 70 72
25 3 6 9 14 16 21 25 29 30 31 33 34 39 42 43 44 46 49 52 56 57 59 62 63 72
50 1 2 3 4 5 7 8 9 10 12 13 14 15 16 17 18 23 24 25 27 32 33 34 36 37 40 41 42 45 47 48 49 51 53 54 55 56 57 58 59 60 62 63 65 66 67 68 69 70 72
25 1 6 10 14 17 18 19 23 24 28 32 34 37 38 39 40 43 44 48 49 51 57 63 64 73
56 1 2 3 4 5 6 8 10 11 12 13 15 16 17 18 19 20 21 22 23 26 27 28 29 32 33 34 36 38 39 40 43 44 46 47 49 50 51 53 55 56 57 58 59 62 63 64 65 66 67 68 69 70 71 72 73
51 1 2 3 5 7 8 9 10 11 13 15 17 18 19 20 21 22 23 26 29 30 31 32 35 36 37 38 39 40 41 42 43 44 45 48 52 53 55 57 58 59 61 62 63 64 65 67 69 70 72 73
30 7 8 10 11 13 15 16 18 22 30 37 38 43 44 47 48 49 51 52 55 56 57 58 59 63 64 66 67 70 71
38 2 3 4 5 7 9 12 13 14 16 19 25 26 27 29 31 32 35 36 37 40 41 42 44 47 48 50 51 52 55 58 59 60 63 64 70 71 72
42 1 4 5 9 12 13 14 15 16 17 21 22 23 26 28 29 30 31 35 40 42 44 46 47 48 51 52 53 54 55 56 58 61 62 63 65 68 69 70 71 72 73
31 4 6 8 9 10 12 14 15 17 18 22 23 24 25 26 36 40 43 48 49 51 52 53 54 55 57 58 60 67 70 71
49 1 2 3 5 6 10 11 14 15 17 18 19 20 22 23 24 25 26 28 29 30 31 32 33 36 37 39 44 46 47 48 49 50 51 52 53 54 55 57 58 59 60 61 64 65 67 68 70 72
29 2 4 5 9 14 19 20 23 27 31 32 35 36 38 40 43 44 46 47 48 49 50 56 57 60 62 65 66 70
42 1 3 4 9 11 13 15 16 17 20 21 25 26 27 28 29 31 32 33 35 36 38 40 41 42 45 46 47 50 51 52 54 56 58 59 61 64 65 66 69 72 73
53 3 5 6 7 8 9 10 11 13 14 17 18 19 20 21 24 25 26 28 29 30 31 32 33 34 35 36 38 40 41 42 43 45 46 47 48 49 50 51 52 53 54 55 59 62 63 65 67 68 69 70 71 73
44 1 2 4 5 8 12 13 14 15 16 18 19 20 21 22 23 25 27 28 31 34 35 36 37 42 43 45 46 47 49 52 53 54 55 57 58 60 61 64 65 66 67 70 73
23 2 7 9 12 13 14 18 20 24 28 29 31 32 34 36 40 44 47 49 54 56 58 65
47 1 2 5 6 7 8 9 10 11 13 14 16 17 18 19 20 21 25 29 31 33 34 35 36 37 38 39 44 45 47 48 50 51 52 53 54 55 57 59 60 62 64 68 70 71 72 73
42 1 2 3 4 6 8 9 10 13 14 16 18 19 21 22 23 24 29 32 33 34 35 39 40 43 44 46 48 50 51 52 56 57 58 59 61 62 63 67 68 69 71
51 1 2 3 4 6 7 8 9 11 12 13 17 18 19 20 21 24 25 26 27 28 30 31 33 34 37 38 39 40 42 43 47 48 49 53 54 56 57 58 60 62 63 64 66 67 68 69 70 71 72 73
35 3 4 7 10 11 14 15 19 20 23 25 27 28 32 33 38 40 41 42 43 44 45 48 52 53 55 56 57 58 60 62 65 68 70 71
35 1 3 5 8 9 14 15 17 18 19 20 21 22 24 27 28 29 37 39 40 42 46 47 51 52 53 55 56 59 60 61 63 70 71 72
39 2 6 7 8 9 11 14 15 16 18 20 21 24 26 29 33 34 35 36 39 42 43 44 46 48 51 52 53 54 56 57 58 59 60 67 68 69 71 72
37 4 6 7 9 10 12 14 16 17 18 19 20 22 24 26 29 32 33 35 37 38 43 46 50 52 54 55 56 57 58 61 63 64 66 70 72 73
49 1 2 4 5 7 8 9 10 13 14 15 16 18 21 22 23 27 28 29 32 33 34 37 39 40 42 43 44 45 46 47 51 52 53 54 56 58 59 61 63 64 65 66 67 69 70 71 72 73
52 2 3 4 5 6 8 10 12 16 17 18 19 20 22 23 24 25 26 27 28 29 30 31 32 33 37 38 39 40 41 42 45 46 49 50 51 52 53 56 57 58 59 60 61 62 63 64 67 68 69 72 73
50 1 2 3 4 7 8 11 13 14 15 16 17 18 20 22 23 24 25 27 28 29 31 32 33 35 38 39 40 42 43 44 45 47 49 50 51 52 54 55 57 58 62 63 64 65 66 67 68 70 73
53 1 3 4 5 6 8 9 15 17 19 21 22 23 24 28 30 31 33 35 36 37 38 39 40 41 42 43 44 45 48 49 50 51 52 53 54 55 56 57 58 59 60 62 63 64 65 66 67 69 70 71 72 73
26 2 4 5 8 10 13 18 20 27 28 31 34 35 39 44 49 51 55 56 61 63 65 66 70 71 73
55 1 2 3 4 5 6 7 8 9 10 11 13 14 15 17 18 20 21 23 25 26 27 28 30 32 33 35 36 37 39 40 41 44 46 48 49 50 51 52 53 54 58 59 60 61 62 63 64 66 67 68 69 70 72 73
58 1 2 3 4 5 6 8 10 11 12 13 14 15 17 18 19 21 22 23 24 25 26 27 28 29 30 31 32 33 34 36 38 39 42 43 47 48 50 51 53 54 55 56 57 59 60 61 62 63 64 65 66 68 69 70 71 72 73
36 1 2 3 5 6 7 10 11 15 16 18 19 22 23 27 29 30 31 32 33 34 37 39 40 43 46 47 50 52 53 55 56 58 59 60 72
55 1 2 5 6 8 9 11 12 14 15 19 20 21 22 24 25 26 27 28 29 30 31 32 33 35 36 39 40 41 42 43 44 45 48 49 52 53 54 55 56 57 58 59 60 61 63 64 65 66 68 69 70 71 72 73
55 1 2 3 6 7 8 9 10 11 14 15 16 18 19 20 21 22 23 24 26 27 29 30 31 32 36 37 38 39 41 43 44 45 46 47 49 50 51 53 54 55 56 57 58 59 60 61 62 63 64 65 66 69 70 71
22 4 7 9 13 14 18 20 25 26 27 29 37 52 53 54 59 61 65 66 71 72 73
36 2 3 4 9 10 13 16 18 19 20 21 26 27 30 31 33 34 36 37 40 41 45 54 55 56 58 60 61 63 64 67 68 69 70 71 73
36 2 6 9 13 15 16 17 18 19 22 23 25 27 30 31 33 35 36 37 39 42 43 44 46 48 51 53 56 58 59 60 61 62 66 68 71
48 2 3 4 5 6 7 13 14 15 16 17 19 20 23 24 25 26 27 29 31 32 33 34 35 37 40 42 43 44 46 47 49 50 51 52 53 55 56 57 59 62 63 64 65 69 71 72 73
43 2 3 5 7 8 11 14 19 20 21 23 25 26 29 31 32 33 34 35 36 37 38 39 43 44 47 48 49 50 51 52 53 54 55 56 57 58 59 62 63 69 71 72
52 1 2 5 6 7 8 9 10 11 14 16 17 18 21 22 23 24 25 26 28 29 30 31 32 33 35 37 38 39 42 43 45 46 47 48 49 51 52 53 54 57 58 61 62 63 64 65 66 69 71 72 73
57 1 2 3 4 5 6 7 8 9 11 12 15 16 17 18 19 20 21 22 23 24 25 26 27 28 29 30 32 33 34 36 38 40 43 44 45 46 47 48 49 50 51 52 55 57 58 60 61 62 63 64 65 67 70 71 72 73
56 1 2 3 5 6 7 8 9 10 11 12 13 14 15 18 19 20 22 24 26 27 28 30 31 32 33 34 35 36 37 38 39 41 43 44 45 46 48 49 50 51 52 53 54 57 58 60 61 62 63 64 66 67 69 70 73
34 2 4 5 8 9 12 14 20 21 23 24 25 28 29 36 40 41 42 44 46 47 48 49 52 55 57 58 60 62 63 65 67 68 70
40 1 2 4 5 7 9 10 14 15 16 17 18 19 20 22 24 25 27 31 35 37 38 39 41 43 44 45 46 48 49 51 56 57 58 60 64 66 68 69 71
51 1 2 4 5 6 7 8 10 12 13 14 15 16 17 19 20 21 22 23 25 26 29 31 32 33 34 35 36 37 38 39 41 43 44 45 47 50 51 53 55 56 57 60 64 65 67 69 70 71 72 73
40 3 5 10 11 13 14 15 16 17 18 19 24 25 26 28 29 30 31 33 35 36 39 40 44 50 51 52 53 55 56 57 59 60 61 62 63 64 66 70 71
23 4 7 9 12 16 22 23 26 29 31 32 35 38 43 51 54 58 59 60 61 62 68 71
42 1 3 4 5 6 9 11 12 13 16 18 21 22 23 24 26 27 28 29 30 31 33 34 35 36 42 43 45 46 47 49 50 55 56 58 62 63 64 65 68 70 71
56 4 5 6 7 8 9 11 12 13 14 15 16 17 18 19 22 23 24 25 27 28 29 30 32 33 34 36 37 40 41 42 45 46 47 48 50 51 52 54 55 56 57 58 59 60 61 62 65 66 67 68 69 70 71 72 73
52 1 2 5 7 8 9 10 11 12 13 14 20 22 24 25 27 28 33 34 35 36 38 39 40 42 43 46 47 49 50 51 52 53 54 55 56 57 58 60 61 62 63 64 65 66 67 68 69 70 71 72 73
47 1 3 5 6 7 9 10 11 13 15 16 19 20 21 24 25 26 29 30 31 32 33 34 37 40 41 42 43 44 47 50 52 53 54 55 56 57 58 59 60 61 63 65 68 69 70 72
57 1 2 3 4 5 7 8 9 10 11 12 13 14 15 16 18 19 20 21 22 23 25 27 28 29 30 31 32 34 35 36 37 38 39 40 41 42 43 46 47 48 51 52 54 56 57 59 60 61 62 63 64 65 66 67 69 70
27 2 11 12 14 16 20 22 23 26 30 31 32 33 42 45 47 51 55 59 62 63 65 67 68 70 71 73
32 3 7 10 11 14 15 17 18 21 22 24 25 26 27 28 33 38 44 47 51 52 53 54 56 59 60 64 65 66 67 68 69
33 2 4 5 6 7 9 10 13 17 18 19 29 30 31 32 34 35 36 38 40 41 42 46 47 49 51 53 56 57 60 64 65 66
48 1 3 5 6 7 8 10 11 13 16 18 20 21 22 25 29 30 32 33 34 35 36 37 38 42 43 45 46 48 49 50 51 52 55 56 58 59 60 61 62 63 64 65 66 67 69 70 73
47 1 2 6 7 8 10 13 14 15 16 17 18 19 20 21 23 24 25 28 29 33 34 36 37 38 40 41 42 45 47 49 50 53 54 58 59 60 61 62 64 66 67 68 69 71 72 73
53 1 4 5 8 9 10 11 12 13 14 15 17 18 19 21 22 23 25 26 29 31 32 35 40 41 42 43 44 45 47 48 49 50 52 53 54 55 56 57 58 59 60 61 62 63 64 65 66 67 69 70 71 72
47 2 3 4 5 7 8 9 13 14 15 17 18 19 20 23 24 25 27 29 30 32 33 34 36 37 39 40 42 43 49 50 52 55 56 58 59 60 62 63 65 66 67 68 69 71 72 73
71 74 75 76 77 78 79 80 81 82 83 84 85 86 87 88 89 90 91 92 93 94 95 96 97 98 99 100 101 102 103 104 105 106 107 108 109 110 111 112 113 114 115 116 117 118 119 120 121 122 123 124 125 126 127 128 129 130 131 132 133 134 135 136 137 138 139 140 141 142 143 144
32 77 78 79 80 83 84 85 86 88 89 90 94 95 96 99 101 103 104 107 108 113 114 117 127 129 130 133 134 136 138 139 142
47 74 75 76 77 78 79 81 82 83 84 87 88 91 92 93 94 95 96 97 100 102 103 104 105 106 107 109 111 112 113 114 116 117 118 121 123 131 132 133 134 136 137 138 139 140 143 144
33 74 76 78 79 81 82 83 87 89 94 95 100 101 102 104 108 113 115 119 120 121 125 126 127 128 132 134 136 137 140 141 142 143
41 74 75 77 78 80 84 86 88 89 91 92 93 95 96 99 100 101 103 105 106 107 108 110 111 113 115 117 118 119 120 121 123 124 132 133 135 137 140 141 142 144
44 74 76 77 78 80 81 83 85 87 88 89 90 91 92 94 96 98 99 105 106 107 109 110 112 116 117 118 119 120 122 123 124 125 128 130 131 132 133 134 138 139 141 142 143
27 75 81 84 87 92 93 95 97 99 102 106 108 109 110 113 116 117 118 121 122 124 125 139 140 141 142 144
46 77 78 79 80 81 82 83 88 89 90 93 97 98 99 101 102 103 104 106 107 108 109 110 111 113 114 115 116 117 119 120 122 124 125 127 128 129 130 131 134 136 138 140 142 143 144
54 74 75 77 79 81 82 83 85 87 89 90 91 92 94 95 96 97 98 100 101 102 103 104 105 107 108 109 110 111 112 114 115 118 121 122 123 124 125 126 128 129 130 131 132 133 134 135 136 137 139 140 141 143 144
36 74 77 78 79 87 89 91 98 101 102 104 105 107 108 109 110 112 113 116 117 118 119 121 123 124 125 127 130 131 134 135 136 138 139 141 144
22 87 89 90 94 96 102 103 104 107 108 110 115 118 121 122 123 124 129 132 137 139 142
36 76 77 78 80 82 83 87 89 90 91 92 96 98 101 102 105 106 108 111 114 116 117 119 121 122 123 126 127 129 130 131 134 136 141 142 143
27 74 76 79 81 83 84 91 93 94 96 97 103 104 110 113 115 121 123 124 125 128 129 131 135 137 138 141
22 74 81 82 84 85 91 97 98 99 101 102 106 116 121 125 126 127 132 134 138 139 142
37 74 75 78 81 82 83 85 88 89 90 92 93 94 95 96 97 98 100 104 106 108 109 110 111 112 113 120 121 126 130 131 134 135 137 139 142 143
32 76 82 84 86 87 91 92 93 96 98 100 101 105 106 109 115 116 117 119 120 125 126 127 130 131 133 134 136 138 139 140 141
24 75 76 77 84 87 88 89 93 94 96 99 100 103 104 105 109 115 116 122 125 128 133 135 141
45 74 75 76 77 79 81 82 83 85 89 90 92 93 94 97 98 100 101 103 104 105 106 107 108 110 111 112 113 114 115 116 117 119 120 121 122 126 127 129 133 134 138 139 143 144
23 75 79 81 84 85 87 90 96 98 99 101 102 109 110 111 115 120 121 124 127 129 133 137
29 76 77 78 79 80 82 84 90 91 98 104 105 107 108 109 110 112 113 116 118 121 122 124 130 133 135 138 139 142
48 74 75 76 80 82 83 84 88 89 90 91 92 95 96 98 99 100 102 103 104 105 106 107 109 110 111 112 114 115 116 118 119 120 121 123 127 128 129 131 132 133 135 136 137 138 139 140 143
27 75 79 80 82 84 85 86 87 88 90 94 102 106 108 112 114 116 117 119 121 122 123 130 131 140 142 144
22 76 79 82 84 85 87 89 94 100 105 106 110 114 116 118 119 121 127 138 142 143 144
37 79 80 82 83 85 89 90 93 95 97 98 99 100 102 103 104 105 106 107 108 110 111 112 116 117 119 122 126 127 131 132 137 138 139 140 142 144
47 74 75 76 77 78 80 81 83 84 85 86 87 88 89 91 92 93 94 97 98 102 103 104 106 108 109 110 111 116 117 118 119 122 123 124 125 127 128 131 132 134 135 136 140 141 143 144
38 74 76 77 78 81 82 84 86 87 88 90 91 93 94 98 102 103 110 111 113 114 115 117 119 122 123 128 129 131 133 135 136 137 138 139 140 141 143
22 77 82 89 95 99 100 109 110 116 117 119 120 122 123 125 128 129 131 134 138 141 142
48 74 77 78 79 80 82 84 86 88 89 92 95 96 99 101 102 104 105 106 107 108 109 110 111 112 113 114 115 116 117 119 120 121 126 128 129 131 132 133 134 135 136 137 139 141 142 143 144
47 76 77 78 79 81 82 83 87 88 89 90 92 93 94 95 96 97 98 99 100 102 103 106 107 108 109 110 111 112 117 118 120 121 122 124 125 126 127 128 129 132 133 134 136 139 140 142
48 75 77 78 79 81 83 84 86 87 88 89 90 92 94 96 97 98 99 100 101 102 104 105 106 107 108 113 115 117 119 122 123 125 126 127 128 129 130 131 132 133 134 135 136 137 139 141 142
52 75 76 77 78 79 80 82 83 84 85 86 87 88 89 90 91 93 95 97 99 100 101 102 103 104 107 110 111 112 113 114 119 120 122 123 124 125 127 128 129 130 131 132 133 134 135 136 137 138 139 141 144
30 74 77 83 86 87 88 89 90 92 94 96 101 102 103 104 108 110 115 116 119 122 124 128 129 131 134 136 138 140 142
30 74 76 77 80 82 83 90 92 94 95 96 98 99 101 107 109 117 118 120 121 122 124 127 128 129 131 136 138 141 143
51 76 77 78 79 81 82 83 84 86 87 88 91 93 94 96 97 98 99 101 102 103 105 106 107 109 110 111 112 113 114 115 116 117 118 120 123 124 125 127 128 129 131 132 133 135 137 140 141 142 143 144
33 74 76 78 79 80 81 90 91 93 95 96 98 99 100 104 105 108 109 112 113 114 115 116 125 127 128 131 132 134 136 139 140 141
52 74 75 76 79 80 81 82 84 86 87 88 92 93 94 95 96 97 98 99 102 103 104 105 106 107 108 109 111 112 113 114 115 116 117 118 119 121 124 125 126 128 130 131 132 133 135 136 137 138 142 143 144
42 75 76 80 81 82 84 86 87 88 90 91 92 94 95 97 98 99 100 106 107 108 109 110 111 113 114 115 116 117 118 120 126 127 128 129 130 135 136 137 139 142 143
34 76 79 80 83 89 93 95 98 101 102 103 104 105 107 108 109 110 111 112 113 115 118 120 121 122 124 125 126 133 134 135 140 142 143
54 74 75 76 77 80 81 82 83 84 85 86 87 88 91 92 93 95 96 99 101 104 105 106 107 108 109 110 111 112 113 114 115 116 117 118 119 121 123 124 126 127 128 129 130 131 132 134 135 136 139 140 142 143 144
53 74 76 77 78 79 80 82 83 84 85 86 88 89 91 93 94 95 98 99 101 102 104 105 106 107 108 109 110 111 112 113 115 116 118 119 120 121 123 124 126 127 128 130 132 133 134 135 137 138 141 142 143 144
24 76 79 82 95 99 101 102 106 108 109 111 112 114 117 118 121 126 129 130 135 136 137 141 143
30 74 76 79 82 83 84 86 87 90 91 92 93 94 98 106 108 109 114 116 117 119 120 122 125 127 131 133 138 142 144
45 74 75 76 77 80 82 85 86 87 90 93 94 95 96 99 100 104 105 106 108 109 111 112 113 115 116 117 120 122 123 124 127 128 129 130 131 132 134 135 136 137 138 140 142 144
31 74 75 79 81 85 86 87 90 91 92 93 96 99 102 103 104 107 109 111 116 117 118 120 122 129 131 132 133 136 141 143
34 74 77 79 80 82 85 86 89 92 93 94 96 98 99 100 101 102 103 104 110 111 115 122 123 124 127 129 130 131 134 136 140 141 143
47 74 75 76 77 78 79 80 81 82 83 86 89 91 92 93 94 97 98 100 103 104 105 106 107 113 114 115 116 118 119 120 122 123 124 126 127 129 134 135 136 137 138 139 140 141 143 144
45 76 77 79 80 82 86 89 91 92 93 94 95 96 97 98 99 100 102 103 106 109 110 113 115 117 118 119 120 121 123 124 125 126 127 128 129 130 132 133 135 136 137 139 142 144
51 74 75 77 79 80 81 82 84 85 86 87 88 89 90 91 93 95 96 97 98 99 102 103 105 106 108 111 113 114 115 116 117 118 119 121 122 123 124 125 126 127 129 133 134 135 136 137 138 140 141 144
35 77 80 81 82 83 85 86 88 92 93 95 102 103 105 107 109 113 114 118 119 121 125 127 128 132 133 134 135 136 138 139 140 141 142 143
43 76 77 78 79 80 82 86 87 90 91 93 95 98 100 101 102 103 104 105 106 107 108 109 111 112 113 114 115 116 117 121 122 123 126 127 128 132 133 135 136 137 138 140
49 75 76 78 80 81 82 84 86 87 88 89 90 91 93 94 95 98 99 100 101 105 106 107 109 110 111 112 113 114 116 118 120 122 123 124 125 127 128 129 131 132 134 135 137 138 140 141 142 143
40 77 78 79 80 81 85 87 88 89 90 91 92 95 96 97 99 101 102 103 105 106 109 110 111 117 119 120 122 123 124 125 127 130 131 133 136 137 140 141 142
42 74 75 77 79 80 81 82 83 85 86 87 91 94 96 97 98 99 101 102 103 104 105 108 110 112 113 115 117 121 122 123 125 126 127 130 131 132 134 135 141 142 143
32 74 75 79 80 83 85 87 90 95 99 101 103 104 105 106 107 110 112 115 116 117 120 124 126 127 128 130 132 134 135 138 144
23 74 75 83 86 89 98 102 104 107 115 116 120 124 126 128 130 131 135 137 138 139 140 143
45 75 76 77 79 82 83 85 86 88 91 93 94 95 96 97 99 102 105 107 108 109 110 111 112 113 114 115 116 118 119 120 123 124 125 127 128 130 131 132 134 136 137 138 139 144
27 79 80 82 83 84 88 91 92 93 94 99 105 110 111 113 115 117 120 122 123 125 130 132 134 139 143 144
40 74 75 77 79 80 82 83 86 87 88 89 90 91 92 96 97 98 100 102 103 105 107 112 113 114 118 120 121 124 126 128 130 132 133 137 138 139 140 142 143
23 77 78 79 80 88 89 90 92 95 99 100 103 106 107 111 112 116 121 124 128 130 133 136
28 78 79 81 82 88 89 90 92 94 95 99 100 101 104 107 109 111 112 115 119 122 124 130 139 140 141 142 144
45 74 75 76 77 79 80 81 82 83 85 87 89 90 91 94 96 98 100 101 104 105 106 108 109 111 113 116 117 118 119 121 122 123 124 128 132 133 134 136 137 139 140 141 142 144
54 75 76 77 78 79 80 81 82 83 84 85 86 87 88 92 94 96 97 99 100 101 102 103 104 105 106 107 108 109 110 111 113 114 116 117 118 120 125 126 127 128 129 130 131 132 135 137 138 139 140 141 142 143 144
39 75 76 77 78 81 82 83 85 86 88 89 91 92 94 96 99 100 101 103 104 106 110 112 113 118 119 121 123 127 129 131 133 138 139 140 141 142 143 144
26 79 82 91 92 95 97 101 103 106 107 109 113 114 122 123 124 127 128 131 134 135 136 137 141 142 143
41 77 78 79 81 82 83 84 85 87 90 91 92 93 95 100 101 102 103 106 107 109 111 112 113 114 117 120 121 122 124 125 126 129 130 131 132 137 139 140 143 144
54 74 75 76 77 78 80 81 82 83 85 86 87 88 89 91 93 94 95 97 100 103 104 105 107 108 109 111 112 114 115 117 118 120 121 122 123 124 125 126 128 129 131 132 133 134 135 136 137 138 139 140 141 143 144
54 74 75 76 78 79 80 81 82 83 84 86 87 88 89 90 91 92 95 96 97 99 100 104 105 107 108 109 110 111 114 115 116 118 119 120 122 123 124 125 127 128 129 131 132 134 135 136 137 139 140 141 142 143 144
50 74 75 76 77 78 79 80 82 83 84 85 87 89 90 91 92 93 94 95 96 97 98 99 101 104 105 107 109 110 111 112 113 115 117 118 121 122 124 126 128 130 131 132 134 136 138 139 141 143 144
23 77 79 87 89 92 93 95 96 102 107 114 116 118 122 124 125 127 129 130 131 132 134 137
24 77 78 79 86 87 91 94 95 105 108 110 114 116 118 120 121 122 124 127 133 136 137 138 139
25 75 76 77 78 82 83 84 90 91 103 108 109 114 115 116 117 123 124 127 128 129 131 133 136 139
27 76 79 80 85 93 95 97 98 100 101 102 103 107 108 114 119 120 121 123 124 127 129 130 134 140 141 143
49 76 77 78 79 80 81 82 83 84 85 87 88 89 91 92 93 94 97 99 100 101 103 105 106 108 110 111 113 114 115 117 119 120 121 122 123 124 126 127 129 132 136 137 138 139 141 142 143 144
41 74 75 76 78 79 80 81 83 86 88 89 90 91 94 95 96 97 98 100 102 103 104 105 106 107 112 114 116 118 119 120 126 127 128 129 130 133 136 138 139 143
42 75 76 77 80 83 85 86 87 88 90 93 94 97 98 100 101 105 106 108 112 113 115 116 118 119 120 121 122 123 124 125 126 129 130 135 136 138 139 140 142 143 144
46 74 75 77 78 79 81 82 84 85 87 88 89 90 93 94 97 98 99 100 101 102 103 106 107 108 110 111 112 113 116 118 119 120 121 122 123 124 125 126 128 130 137 139 140 143 144
33 74 83 85 86 90 91 92 93 94 96 97 98 101 102 103 111 113 114 118 121 123 125 127 129 131 132 133 134 135 139 141 142 144
22 74 75 76 78 79 83 87 92 94 95 99 102 104 112 116 123 128 136 137 138 139 140
49 76 78 79 81 82 86 87 88 89 90 91 93 94 96 97 98 101 102 103 104 105 106 108 109 110 111 112 113 115 118 119 120 122 123 124 126 127 128 131 134 135 136 137 138 139 140 141 143 144
36 74 78 79 85 88 89 90 91 92 93 94 95 98 99 102 103 105 109 111 112 113 116 118 120 121 124 125 127 130 132 136 138 141 142 143 144
34 74 75 76 77 84 87 88 89 90 91 95 99 100 101 102 105 107 108 109 110 114 115 117 119 120 122 124 126 127 130 138 142 143 144
36 75 76 77 78 81 82 85 86 88 90 91 94 99 102 104 107 109 112 113 114 115 118 119 120 126 127 131 133 134 135 136 137 138 139 140 143
32 75 78 80 81 87 92 93 94 95 96 97 100 102 105 106 109 111 112 113 116 118 119 121 123 127 131 133 138 140 141 142 143
10 146 151 157 161 166 167 168 172 178 180
20 147 149 150 155 156 158 159 160 161 164 165 167 168 170 171 172 173 175 179 181
14 146 149 153 154 156 166 167 168 169 173 175 177 179 182
8 148 154 157 163 164 167 172 178
21 145 148 149 150 152 154 156 157 159 162 164 167 168 172 173 174 175 176 179 181 182
9 148 149 155 159 163 164 168 171 180
18 145 146 149 150 152 154 155 158 159 165 167 168 169 170 171 174 177 178
10 145 149 154 156 157 164 166 174 176 181
13 145 151 153 157 159 162 168 170 172 175 179 180 182
11 149 150 151 152 157 159 162 164 167 168 176
1 168
11 151 157 159 160 161 165 166 167 172 177 181
11 145 146 149 151 155 161 172 173 174 177 182
12 145 146 148 155 156 160 161 162 164 165 176 177
13 146 147 154 160 163 164 169 171 173 176 177 178 181
15 145 147 148 149 150 152 154 155 156 163 164 169 174 178 179
17 146 147 148 151 152 155 156 160 164 166 169 170 173 175 179 180 181
18 145 146 148 151 152 153 154 157 162 163 166 169 174 176 177 178 180 182
16 149 150 153 154 158 160 161 162 164 170 171 172 174 175 180 181
7 151 160 165 169 170 171 178
11 146 147 154 158 160 162 167 170 174 176 181
16 146 147 148 150 155 158 160 161 162 163 165 167 168 169 170 171
9 145 148 161 163 169 174 180 181 182
16 149 150 151 154 160 162 163 164 165 168 169 171 173 176 181 182
9 146 156 170 171 172 173 175 177 179
12 151 152 153 159 172 173 175 177 178 179 180 182
13 146 151 156 157 158 164 165 167 170 171 177 181 182
7 147 153 174 175 178 179 180
6 153 156 158 171 174 175
13 145 146 152 155 156 158 159 165 171 175 179 181 182
9 147 153 154 155 158 160 165 166 178
6 146 151 156 165 167 176
20 147 150 152 153 154 156 157 158 159 160 162 163 166 167 169 170 171 175 176 178
15 146 147 148 152 153 155 156 157 158 167 170 172 175 179 180
11 149 153 155 157 158 159 170 173 177 179 182
6 151 158 163 169 170 172
24 145 147 148 150 151 152 155 157 158 159 160 161 162 163 164 165 170 171 172 174 176 178 180 181
13 149 150 152 154 157 159 166 167 168 171 173 181 182
25 146 147 148 149 150 152 154 155 156 158 160 161 163 164 165 166 167 169 171 173 174 176 177 178 181
12 145 150 155 156 157 159 165 168 173 178 180 182
5 153 155 173 180 181
11 145 146 153 158 162 165 170 172 175 177 181
6 148 164 165 179 180 181
12 145 147 151 152 156 158 168 173 174 175 176 179
9 148 149 152 163 164 166 171 175 177
12 146 148 150 152 156 160 161 162 163 164 166 174
6 145 154 167 178 180 181
7 145 159 161 166 174 177 178
12 145 147 152 154 155 166 169 173 174 175 176 179
14 145 149 150 154 161 162 165 167 168 172 176 177 178 182
12 150 153 159 160 161 166 170 171 177 180 181 182
6 151 153 161 169 172 179
16 145 149 157 158 160 161 162 163 165 166 167 171 172 176 178 179
11 148 149 151 154 157 161 162 166 169 173 178
12 145 151 157 159 162 165 171 172 175 178 179 181
14 147 148 149 150 152 157 160 162 167 168 169 176 177 179
18 147 150 151 152 154 156 157 160 161 166 167 169 173 174 176 178 179 182
7 145 148 152 157 166 169 173
19 145 146 151 154 156 158 159 161 163 164 165 166 170 171 172 174 175 178 182
6 146 149 155 162 165 169
26 146 147 148 149 150 152 153 154 155 156 158 160 161 163 164 166 167 168 169 170 173 174 176 177 180 182
8 146 162 170 173 175 176 180 182
13 145 150 152 154 159 163 169 170 173 176 179 181 182
22 146 147 148 150 151 152 153 154 155 156 159 164 168 169 170 173 174 175 177 180 181 182
18 148 149 150 154 155 157 158 160 162 164 166 168 169 170 172 173 175 180
9 147 148 149 155 160 162 164 165 177
10 145 146 147 151 152 153 161 167 178 181
25 145 148 149 150 151 152 153 155 156 157 158 159 161 162 165 166 167 168 170 172 174 175 179 180 182
4 153 158 168 171
20 147 148 151 153 156 157 160 161 162 163 164 166 172 173 175 176 179 180 181 182
7 153 157 158 159 163 171 174
9 147 155 159 163 168 177 178 179 182
10 146 147 153 155 158 161 163 166 177 180
13 148 149 150 153 159 160 161 162 163 168 172 178 180
9 147 151 165 168 169 171 172 175 176
10 156 159 163 165 171 174 176 177 179 182
14 147 150 153 160 163 164 167 168 170 172 174 176 177 180
6 153 157 158 163 171 174
4 151 158 170 172
5 147 151 168 169 172
7 148 153 160 161 168 172 180
11 147 148 149 150 160 162 167 168 176 177 179
13 146 147 148 151 152 155 164 166 170 173 175 179 181
17 149 150 155 156 158 159 160 161 165 168 170 171 172 173 175 179 181
6 145 150 156 165 168 182
5 159 163 177 179 182
8 147 154 158 160 162 170 176 181
5 145 159 161 174 177
8 150 153 159 160 161 166 170 181
9 146 153 154 166 167 168 173 177 182
10 146 147 163 164 169 171 173 176 177 181
7 146 157 167 168 172 178 180
7 148 154 157 163 167 172 178
6 153 158 159 163 171 174
8 150 156 161 162 163 164 166 174
7 151 152 159 162 167 168 176
10 147 149 150 152 154 155 163 174 178 179
5 151 153 161 169 179
8 153 154 158 161 164 172 175 180
12 149 150 151 152 153 155 165 166 168 172 179 180
4 153 161 172 179
9 149 150 159 161 162 163 168 178 180
15 145 146 151 154 156 159 164 165 166 170 171 172 174 175 178
9 145 151 157 159 162 170 172 180 182
15 147 150 151 154 156 157 161 167 169 173 174 176 178 179 182
2 168 171
5 148 164 165 180 181
17 147 149 150 155 156 159 160 161 164 165 167 170 171 172 173 179 181
3 145 159 161
7 159 162 170 172 179 180 182
11 145 146 151 153 154 166 174 176 177 178 182
7 150 153 160 161 170 180 182
6 163 169 174 180 181 182
14 147 151 156 160 163 164 166 172 173 175 176 180 181 182
5 163 164 167 172 178
6 145 149 154 156 176 181
3 158 174 175
5 151 165 168 175 176
5 146 151 165 167 176
11 145 146 151 154 158 159 164 165 166 171 172
12 148 149 150 154 155 157 158 160 162 164 169 173
6 150 170 171 180 181 182
5 146 153 158 161 163
12 146 149 153 154 156 166 167 168 169 177 179 182
5 154 164 167 172 178
5 145 149 154 166 176
8 149 150 152 157 166 167 168 182
4 151 165 169 170
4 146 155 162 169
17 147 150 151 152 155 157 160 161 163 164 165 170 174 176 178 180 181
11 147 150 153 160 163 164 167 168 170 172 174
13 147 150 152 153 154 157 159 160 163 166 169 170 175
7 153 157 162 172 175 180 182
7 149 150 159 163 168 172 178
7 160 163 167 168 170 174 177
5 147 153 175 178 180
9 149 150 157 159 166 167 168 171 173
9 150 152 154 157 166 167 168 173 182
5 146 153 158 161 177
7 149 153 157 158 170 173 177
7 149 155 159 163 164 168 171
9 145 150 155 159 165 168 178 180 182
8 145 150 155 157 159 168 178 180
8 151 152 168 173 174 175 176 179
6 145 149 161 173 174 177
8 147 148 160 164 166 173 175 181
13 148 150 154 155 157 158 160 162 164 166 170 172 175
10 145 146 149 150 154 158 159 165 168 178
5 146 170 173 176 180
7 146 147 155 158 163 177 180
5 147 153 174 179 180
15 145 149 150 152 154 156 157 159 162 164 167 168 173 179 181
7 146 149 154 156 166 168 173
7 147 153 155 160 165 166 178
5 158 162 167 170 176
8 145 150 152 154 159 170 176 182
17 145 148 149 150 152 157 162 167 168 172 173 174 175 176 179 181 182
6 156 159 163 165 171 182
14 145 150 151 152 153 158 161 162 165 168 174 175 180 182
8 153 155 156 157 167 172 175 180
6 145 159 161 166 174 178
5 145 161 166 174 177
8 151 157 160 161 165 166 172 177
7 146 154 164 169 171 177 178
9 146 151 152 153 166 174 176 178 182
4 148 164 165 179
10 146 147 148 150 160 161 162 165 168 170
5 148 164 179 180 181
11 150 154 160 162 163 164 165 169 171 181 182
6 148 149 154 162 166 178
4 145 154 178 180
13 145 146 151 156 159 161 163 164 165 170 171 174 178
9 146 147 154 158 160 162 167 174 181
8 149 160 162 164 171 172 174 181
9 146 154 160 163 171 173 176 178 181
5 146 151 156 165 176
10 146 147 148 152 155 157 158 172 175 179
14 147 150 152 154 157 158 159 160 162 163 166 167 171 175
4 157 159 163 171
5 145 159 166 174 178
6 146 160 162 163 166 174
5 154 157 163 164 172
7 163 164 167 168 170 172 174
3 173 180 181
5 147 152 167 178 181
5 145 158 165 172 175
10 145 150 154 163 169 170 173 176 179 182
7 146 170 171 172 173 175 179
9 146 149 151 155 161 172 173 174 177
17 147 150 152 153 154 156 158 159 160 162 163 169 170 171 175 176 178
6 147 148 149 162 164 177
13 149 153 154 158 160 161 162 164 170 171 172 174 175
7 149 155 159 163 164 168 180
8 157 159 165 166 167 172 177 181
20 146 147 149 152 153 154 155 156 158 160 161 166 167 168 170 173 174 176 180 182
10 155 158 160 161 167 168 171 173 175 181
11 151 156 158 164 165 167 170 171 177 181 182
10 148 149 150 152 160 162 167 168 176 179
16 147 148 151 153 156 157 160 162 163 164 172 173 179 180 181 182
2 158 168
15 147 148 151 152 155 156 164 166 169 170 173 175 179 180 181
7 147 159 163 168 177 179 182
8 150 161 162 168 172 176 177 182
8 145 151 157 159 165 172 178 179
11 147 148 149 152 160 162 168 169 176 177 179
4 146 162 165 169
6 149 154 157 161 162 178
11 145 149 157 158 161 162 166 167 171 172 179
12 147 148 149 150 152 157 160 167 168 169 177 179
7 147 150 160 163 167 168 177
13 147 155 156 158 159 160 164 165 168 170 171 172 175
8 148 149 153 162 163 172 178 180
17 147 148 151 153 157 160 162 163 164 166 172 173 175 179 180 181 182
13 145 147 148 149 152 154 155 156 163 164 169 174 179
2 153 171
5 145 148 174 180 181
21 145 147 148 150 151 152 155 157 158 159 161 162 163 164 165 170 171 172 174 178 181
3 154 180 181
10 145 147 152 154 166 173 174 175 176 179
6 147 158 161 163 166 180
7 148 150 156 160 162 163 166
5 147 153 178 179 180
4 157 163 164 178
7 150 152 157 159 166 167 168
8 147 149 152 157 160 167 168 176
20 148 149 150 152 153 155 156 157 159 161 162 165 166 167 168 170 174 175 179 182
5 154 157 164 167 172
11 150 152 153 154 155 156 159 164 170 174 175
14 145 149 157 158 161 162 163 165 166 171 172 176 178 179
7 145 154 166 173 174 175 176
6 151 165 169 171 172 175
9 146 147 148 152 155 157 170 172 175
7 146 151 157 168 172 178 180
14 147 148 151 153 156 160 161 162 164 172 176 179 181 182
7 150 151 152 157 159 164 168
14 146 147 148 151 152 160 164 166 169 170 173 179 180 181
3 155 162 169
13 146 147 148 152 155 156 157 167 170 172 175 179 180
4 145 154 167 181
8 151 153 157 159 170 172 175 182
3 156 165 167
7 146 147 155 158 163 166 177
9 149 152 159 166 168 171 173 181 182
4 147 165 168 169
3 146 156 165
8 145 146 156 158 159 165 181 182
12 145 149 150 154 161 165 167 168 172 176 178 182
7 156 165 167 170 171 181 182
9 151 159 162 168 172 175 179 180 182
5 151 161 169 172 179
11 148 150 154 155 158 160 168 170 172 173 180
4 151 160 169 178
3 146 167 176
12 145 146 156 158 159 163 164 166 170 172 174 175
8 146 156 170 171 172 173 175 179
5 153 174 175 178 179
14 147 150 151 154 156 157 160 161 166 169 173 174 179 182
3 151 158 170
5 149 156 174 176 181
6 147 153 155 163 166 177
11 149 150 151 154 160 162 163 164 165 173 182
9 146 149 153 154 166 167 168 173 182
14 147 152 153 157 158 159 160 162 166 167 169 171 175 176
8 145 151 159 165 172 175 179 181
10 147 148 149 150 157 160 167 168 169 176
8 145 156 157 165 168 173 178 180
10 149 151 162 163 164 168 171 173 181 182
2 155 173
4 157 158 159 171
8 151 157 161 166 167 168 172 180
17 147 149 154 156 158 160 161 163 164 166 167 169 170 176 177 180 182
8 148 149 151 154 161 162 166 173
12 145 148 149 152 154 155 156 163 164 169 174 178
4 158 160 166 178
9 145 147 154 155 166 169 173 175 179
4 154 158 160 178
3 151 156 176
7 146 154 162 167 174 176 181
11 150 152 154 159 163 169 170 173 176 179 181
6 146 149 155 161 172 174
6 145 155 156 157 168 173
16 147 149 150 156 158 160 164 165 166 167 169 171 173 176 177 181
8 146 147 153 158 163 166 177 180
9 151 152 153 172 175 178 179 180 182
8 146 147 163 164 169 171 177 181
6 153 162 165 172 175 177
4 147 159 168 177
9 152 159 163 169 173 176 179 181 182
8 145 148 156 160 162 164 165 176
7 148 149 155 159 168 171 180
8 149 151 154 157 166 169 173 178
6 149 160 163 168 172 180
5 151 165 170 171 178
11 145 150 152 154 163 170 173 176 179 181 182
6 148 149 159 163 164 168
4 153 157 159 174
9 147 155 166 169 173 174 175 176 179
6 170 173 175 176 180 182
9 152 153 159 172 175 178 179 180 182
12 153 154 158 160 161 162 170 171 174 175 180 181
10 145 150 155 156 157 159 165 168 173 178
5 154 156 157 164 174
11 145 147 148 149 152 154 163 164 169 174 178
13 149 150 151 154 160 163 164 165 169 173 176 181 182
7 150 161 170 171 180 181 182
8 145 148 152 156 163 169 174 179
6 146 171 172 173 175 177
5 145 148 157 166 169
18 147 148 150 151 152 155 157 160 162 163 164 165 170 171 172 174 178 181
4 151 161 169 172
8 145 151 156 158 168 173 176 179
10 146 156 158 164 165 170 171 177 181 182
16 147 150 152 153 154 157 158 159 160 162 166 167 170 171 175 176
5 147 174 175 178 180
16 145 146 148 151 154 156 157 158 161 167 168 170 171 173 174 176
18 145 148 150 151 154 155 157 158 160 161 162 165 170 174 175 177 178 179
12 152 154 156 165 166 168 171 173 176 177 178 181
24 145 146 147 148 149 153 154 155 156 157 158 160 161 165 167 168 169 170 171 172 176 178 180 182
16 146 147 149 154 158 164 165 168 169 171 172 173 174 175 178 180
17 145 147 149 151 155 156 158 159 162 163 164 170 172 175 176 178 179
25 146 147 149 150 151 152 154 155 156 157 158 159 160 161 164 166 168 170 172 173 174 176 177 179 180
17 145 149 150 151 153 155 159 160 161 167 168 170 171 176 177 181 182
24 145 146 148 149 150 153 154 155 156 157 159 160 162 163 165 166 167 169 171 175 176 177 180 181
22 145 146 150 151 156 157 158 159 162 163 164 165 166 167 172 174 175 176 177 179 180 181
22 145 146 148 149 150 152 154 155 159 160 162 163 165 166 167 168 171 172 173 174 178 180
14 146 147 150 151 154 156 157 158 159 163 164 166 170 182
14 146 152 153 154 155 156 160 163 165 167 168 173 178 181
17 152 153 154 155 157 158 159 160 163 167 168 169 171 176 179 181 182
12 145 146 148 150 151 158 161 164 166 171 177 179
11 145 148 155 156 158 161 169 175 176 180 182
19 146 147 148 151 154 155 160 161 163 164 166 167 168 169 172 173 174 178 179
23 145 146 149 150 151 153 154 155 158 159 160 161 166 167 168 169 170 172 173 174 179 180 182
12 145 146 148 150 152 153 162 165 166 170 174 175
11 145 146 148 150 157 159 169 170 174 175 178
14 145 147 148 149 154 156 157 161 165 170 173 176 179 181
14 145 147 149 150 157 159 163 165 167 170 174 176 178 182
20 145 146 148 149 150 151 154 156 157 158 161 162 163 164 166 169 170 172 175 181
18 146 147 150 152 154 155 156 158 159 160 161 164 167 169 171 177 178 181
24 145 148 150 152 154 155 156 157 158 159 163 164 165 166 167 168 170 173 174 175 176 177 178 179
18 149 151 153 154 156 159 163 164 165 166 169 170 172 176 178 180 181 182
18 145 146 147 148 150 155 157 160 162 163 166 167 168 171 172 174 175 181
17 147 149 151 153 154 156 159 164 167 169 171 174 175 176 178 179 180
16 145 146 147 149 152 154 156 158 159 165 168 170 173 175 178 182
18 147 148 149 151 154 156 158 161 163 165 167 168 172 174 175 178 180 181
23 145 146 147 152 155 158 159 160 161 163 164 165 166 167 170 171 172 175 177 179 180 181 182
17 149 150 155 156 158 161 164 165 166 167 168 169 170 172 173 181 182
17 147 149 151 154 158 159 161 162 163 167 170 177 178 179 180 181 182
22 147 148 151 153 155 156 160 161 162 165 166 170 171 172 173 174 175 176 177 180 181 182
23 145 146 147 150 151 152 155 156 157 158 160 161 162 164 166 168 170 172 174 176 177 178 182
16 145 147 156 159 161 162 165 167 169 171 173 174 175 176 177 179
16 145 146 149 152 153 154 155 156 158 163 166 167 169 172 174 182
26 146 147 148 149 151 153 154 155 156 157 158 160 163 164 165 168 171 172 173 174 175 176 177 178 180 181
13 145 146 147 148 149 150 155 159 162 168 170 175 179
22 147 148 149 150 152 153 156 157 158 159 160 162 164 165 166 167 168 169 174 175 180 182
25 145 146 147 149 151 153 155 160 161 163 164 165 166 167 169 171 172 173 174 176 178 179 180 181 182
15 146 147 150 152 153 155 157 158 165 166 167 169 170 175 182
19 146 149 152 156 158 161 162 163 164 166 167 169 170 171 173 174 175 178 182
25 146 147 148 149 151 152 154 155 156 157 160 161 163 164 165 166 167 168 169 170 173 175 179 180 181
15 146 147 148 149 152 154 156 158 166 169 171 172 173 174 176
12 145 150 152 153 156 160 162 165 169 172 174 181
18 146 147 148 151 152 153 154 155 158 160 162 163 168 172 175 178 179 182
25 146 147 150 151 152 153 154 158 159 160 161 162 163 164 167 168 169 171 173 175 178 179 180 181 182
20 145 146 148 152 153 155 156 157 159 160 162 163 165 172 173 175 178 179 180 182
12 146 148 149 150 153 154 155 161 169 174 175 178
12 145 146 151 153 155 159 165 171 173 175 177 182
22 149 151 152 153 155 156 157 158 160 161 162 163 164 166 167 169 171 172 173 179 180 181
19 145 146 147 148 152 153 154 155 156 159 161 163 167 168 171 172 176 177 180
14 146 147 150 151 155 156 159 163 165 166 167 169 172 177
16 145 146 151 154 155 160 161 164 167 169 170 173 175 177 178 181
26 145 147 149 152 153 154 155 156 157 158 160 161 162 164 165 166 169 170 173 174 176 177 178 179 181 182
13 146 150 151 153 154 160 163 166 170 172 174 180 182
23 145 146 147 148 149 150 151 153 156 157 159 160 161 162 165 167 171 173 174 176 179 180 181
17 145 147 148 150 152 154 155 156 157 158 159 162 164 167 170 177 180
12 145 150 153 154 156 158 159 166 170 174 176 180
22 145 146 147 148 150 151 152 153 154 155 159 162 163 164 169 170 172 173 174 177 179 182
25 145 147 148 149 150 151 152 153 154 157 158 159 160 162 163 164 166 167 168 169 170 172 176 177 182
14 145 146 151 152 153 154 156 160 166 168 172 174 177 180
16 146 149 150 151 154 161 163 167 168 169 170 171 172 175 177 180
24 146 147 151 153 155 156 158 159 160 161 163 164 167 168 169 171 173 174 175 176 177 179 181 182
17 145 149 150 152 157 158 161 162 164 166 168 173 176 178 179 180 181
13 148 153 154 155 156 159 167 168 169 172 176 179 181
19 147 149 151 152 154 157 161 162 163 164 165 166 168 174 175 176 178 179 181
19 146 152 156 158 160 162 163 164 166 168 169 171 172 173 176 177 178 181 182
14 145 146 149 150 157 162 163 166 168 169 172 174 178 180
24 145 148 151 153 154 155 158 159 161 162 163 164 165 166 168 169 171 172 176 177 178 180 181 182
25 145 146 147 150 151 152 154 155 161 162 163 164 165 166 167 168 169 170 171 172 173 175 176 178 182
25 145 146 148 150 152 153 154 155 158 159 160 161 163 165 166 167 169 170 171 173 174 175 178 180 182
16 145 147 148 150 157 158 163 165 169 170 171 173 176 177 181 182
21 145 146 147 152 154 155 156 157 158 162 163 164 165 168 169 170 173 174 175 181 182
18 145 146 149 152 157 158 159 160 161 162 169 171 173 174 175 177 178 180
11 146 150 151 159 164 167 168 171 173 177 181
12 145 146 153 155 156 159 165 172 173 176 178 181
19 147 149 151 155 156 157 160 164 165 167 168 170 171 173 174 175 176 177 180
15 145 150 153 156 160 163 165 166 167 169 170 175 176 178 181
11 145 146 148 151 152 154 165 166 169 170 171
15 146 147 153 155 159 162 163 164 166 168 170 172 175 177 179
18 145 148 151 155 156 158 163 165 167 169 170 172 173 174 178 179 181 182
25 145 147 148 149 150 151 152 153 155 156 157 159 160 167 169 171 172 174 175 176 178 179 180 181 182
16 150 152 154 156 157 162 163 168 170 171 172 174 175 177 181 182
18 145 148 150 152 154 159 160 161 163 165 168 170 171 172 173 174 177 178
22 145 146 147 148 149 151 152 154 157 162 163 164 165 166 168 169 172 173 174 175 180 181
25 145 146 147 148 149 150 151 155 159 160 161 162 163 164 166 167 169 170 173 175 176 179 180 181 182
25 145 147 148 149 151 152 153 154 155 157 158 159 162 164 165 166 169 170 172 173 178 179 180 181 182
25 147 150 152 153 154 155 156 158 159 160 162 164 165 167 168 169 170 171 173 174 177 178 179 180 182
25 146 151 152 154 155 156 157 158 159 160 162 163 164 165 166 168 169 172 173 175 176 177 179 181 182
12 146 147 153 155 159 166 167 168 169 171 176 178
21 145 149 150 152 155 156 157 159 160 162 165 168 171 172 173 174 176 177 178 179 182
12 145 149 150 151 152 155 158 159 163 164 165 178
25 145 146 147 149 150 151 152 153 154 155 158 159 161 163 165 167 168 169 170 172 173 174 175 177 180
14 147 154 157 160 161 162 167 168 171 174 177 179 181 182
24 145 146 148 149 150 152 153 155 157 158 163 165 166 167 168 170 171 172 174 175 176 177 179 181
18 145 146 148 149 150 153 154 155 156 157 158 162 165 169 170 173 177 180
17 145 147 148 154 156 157 158 165 167 172 175 176 177 178 179 180 182
16 147 153 155 157 159 161 162 163 164 166 167 171 172 173 177 182
23 146 149 150 151 152 153 156 158 159 160 162 163 165 167 169 171 172 174 176 179 180 181 182
21 145 146 147 148 150 153 154 156 158 160 161 162 166 167 168 169 171 172 175 181 182
16 145 152 154 157 158 162 165 167 169 170 171 172 174 175 179 181
14 147 148 155 157 159 163 168 169 171 172 175 179 181 182
13 147 148 150 152 153 157 162 163 165 167 169 171 180
17 145 146 147 154 156 157 158 160 162 164 165 166 168 173 174 175 178
14 145 146 148 151 156 157 158 159 163 164 165 169 177 178
26 145 146 147 148 149 152 155 157 160 161 162 163 164 165 166 167 169 172 173 174 175 177 178 179 180 181
18 145 146 148 151 153 154 157 163 165 169 170 171 173 176 177 178 179 180
24 146 149 150 151 152 153 154 155 157 158 159 160 162 163 164 167 168 169 172 173 174 176 177 179
23 146 147 149 150 151 152 155 158 159 160 161 162 163 164 165 166 168 170 172 175 177 180 182
23 145 146 147 148 151 153 154 155 156 158 159 161 162 164 165 166 169 171 173 174 177 179 182
26 146 148 150 151 153 154 157 159 160 162 163 164 165 168 169 170 172 174 175 176 177 178 179 180 181 182
19 147 152 154 155 156 157 161 162 165 166 167 168 170 171 172 174 175 176 182
18 145 146 147 149 152 153 155 156 164 167 170 172 174 175 176 178 179 181
17 148 151 152 153 154 155 156 157 163 166 172 173 174 176 177 179 181
17 145 146 148 150 155 159 162 164 165 168 169 170 171 175 177 180 181
12 145 153 156 157 164 167 169 172 174 179 180 181
21 145 146 147 149 151 152 154 155 156 157 158 160 166 169 172 176 177 179 180 181 182
19 146 147 148 152 154 155 157 166 167 170 171 173 176 177 178 179 180 181 182
22 145 146 148 151 154 155 158 161 162 163 164 165 167 168 169 171 172 174 177 179 181 182
14 145 147 149 152 153 158 161 163 165 166 167 171 176 180
15 145 146 150 153 155 156 158 162 169 170 171 172 174 176 179
17 145 148 154 155 164 165 166 168 170 171 174 175 176 177 178 179 181
16 146 147 155 156 158 159 160 163 167 168 169 171 172 173 174 182
23 146 148 150 151 153 154 156 157 158 160 161 162 163 164 165 166 168 172 176 177 179 181 182
14 145 147 148 150 157 160 162 163 166 167 172 176 179 181
15 146 147 150 151 152 154 160 162 163 165 167 169 170 176 180
21 145 147 148 152 155 156 157 158 160 161 162 166 167 170 171 172 174 175 179 181 182
21 146 148 149 151 153 156 158 159 160 162 163 165 167 169 171 173 174 175 179 180 182
25 145 146 148 149 151 152 154 155 157 158 159 160 164 165 166 168 169 171 172 173 174 176 179 180 182
22 145 146 147 148 149 153 155 156 157 158 160 161 162 164 165 169 170 173 174 177 178 181
14 147 148 153 155 156 157 160 163 167 169 171 175 180 181
25 145 146 147 150 151 153 154 155 159 160 161 163 167 168 169 171 173 174 175 176 178 179 180 181 182
22 147 149 150 151 155 156 158 162 165 166 167 168 169 170 171 172 173 176 177 178 180 182
18 147 149 151 152 154 156 158 159 161 163 165 168 169 173 174 177 179 180
15 147 148 156 158 163 166 168 171 173 174 175 177 179 180 182
11 149 157 160 161 162 165 166 167 171 172 179
14 145 146 154 155 156 157 162 169 171 173 175 178 179 182
24 145 146 149 150 151 154 155 157 158 159 160 161 162 166 168 169 170 171 172 173 179 180 181 182
16 148 149 150 151 152 153 155 160 164 165 167 172 174 176 177 181
16 146 149 151 157 158 159 160 162 164 167 168 172 174 176 179 180
14 146 147 149 151 152 154 156 159 160 161 167 169 174 178
14 145 148 149 150 157 158 159 160 161 163 164 169 176 177
20 145 148 150 151 152 154 155 157 159 164 165 166 168 172 175 177 178 179 181 182
25 145 146 147 148 149 150 151 152 153 154 156 159 160 162 164 166 167 169 172 173 176 177 178 181 182
25 145 147 149 151 154 155 158 159 160 161 162 163 164 165 166 167 171 172 173 175 177 178 179 180 181
21 146 148 149 151 152 153 155 156 158 161 162 164 166 169 171 172 176 177 178 180 181
14 146 147 148 154 158 163 165 166 172 173 174 178 180 182
24 146 148 149 150 151 152 155 156 157 163 164 165 166 168 169 170 171 173 174 175 178 179 180 182
21 146 147 148 149 151 153 154 155 156 157 160 163 164 166 173 174 176 177 179 180 181
25 145 146 147 148 150 151 153 154 155 157 160 162 163 164 166 167 168 169 171 172 173 174 175 179 180
13 145 147 152 156 157 158 160 164 166 168 169 173 180
14 145 146 147 148 150 151 157 158 167 172 173 175 178 179
25 145 147 148 149 150 151 152 154 155 157 158 163 164 165 167 172 173 174 175 176 177 178 179 181 182
21 146 147 152 155 156 157 158 159 161 162 164 166 169 171 172 174 176 177 178 181 182
12 147 156 158 159 160 161 165 167 169 171 173 174
14 148 149 155 157 160 162 164 166 167 174 176 180 181 182
23 145 148 151 152 154 155 156 157 158 159 161 162 163 166 167 169 170 173 174 175 179 180 182
24 145 146 147 148 149 150 151 153 154 155 156 157 159 160 161 164 165 167 172 177 178 179 180 181
26 146 148 149 150 151 152 153 156 157 158 159 160 161 162 163 164 165 167 168 170 171 173 175 177 178 179
12 146 150 160 162 166 168 171 175 179 180 181 182
23 146 147 148 149 152 153 155 156 158 159 163 166 167 168 169 172 173 175 177 178 180 181 182
11 149 151 152 155 159 162 163 174 177 179 181
14 146 147 149 150 152 153 155 158 162 164 170 173 177 179
24 146 147 149 153 154 155 156 157 160 161 162 164 165 166 168 170 172 174 175 176 177 179 180 181
17 148 151 154 156 158 159 160 161 162 168 169 173 175 177 180 181 182
21 145 147 148 151 152 153 155 157 160 162 163 165 166 167 168 169 172 173 174 177 179
12 149 152 154 155 157 159 161 165 172 173 178 180
24 145 148 149 150 151 153 154 157 158 159 162 163 164 165 166 170 171 172 173 175 178 179 180 181
16 145 149 150 151 152 153 156 157 161 162 163 164 169 171 176 178
20 145 148 152 153 156 157 158 160 161 163 165 166 169 170 171 175 176 178 179 181
26 145 146 147 148 149 150 151 154 156 157 159 161 162 164 165 166 167 170 171 172 173 175 177 178 181 182
14 146 149 156 157 163 164 165 170 171 172 175 177 178 181
15 145 147 148 151 152 156 160 161 163 166 169 171 173 176 178
18 148 149 150 151 156 158 160 161 163 165 167 169 171 172 174 175 176 182
20 145 146 148 150 151 153 154 156 157 158 163 164 166 167 169 172 175 176 179 182
22 148 149 150 151 155 156 158 160 161 162 163 165 167 168 170 172 175 176 177 180 181 182
13 145 153 156 159 161 165 166 168 169 171 179 181 182
23 145 146 147 148 149 150 151 157 158 160 162 163 164 165 169 172 173 174 175 176 178 179 181
20 145 146 148 149 151 153 155 158 159 160 164 169 170 171 174 175 177 179 181 182
12 151 153 155 157 159 168 171 172 173 177 180 182
16 145 151 153 154 157 161 162 166 167 168 169 171 173 177 180 181
22 145 150 151 152 154 160 161 162 163 164 165 168 169 170 171 175 176 177 179 180 181 182
19 148 150 152 154 155 157 161 162 163 166 169 172 175 176 177 178 179 181 182
22 146 147 148 150 152 153 154 155 157 158 160 162 163 164 165 166 167 168 170 177 178 182
23 145 146 147 148 154 155 156 157 158 161 162 164 166 168 169 171 173 174 175 176 179 180 181
15 146 147 149 150 153 157 164 165 166 167 173 175 177 181 182
14 145 151 153 154 157 158 160 161 166 171 172 176 178 180
18 147 148 150 151 152 154 155 159 160 169 170 171 172 173 176 179 181 182
19 146 147 148 149 151 154 156 158 160 161 162 163 167 171 174 175 177 179 181
12 150 153 155 156 159 160 163 165 171 172 181 182
19 145 147 153 154 155 158 159 160 163 165 167 168 170 171 172 174 175 179 180
22 146 147 149 151 152 153 155 157 158 159 160 161 162 163 167 169 175 176 177 179 181 182
15 148 152 156 158 160 161 166 167 170 172 173 175 176 180 181
23 145 146 147 149 150 151 153 156 157 158 160 161 164 167 168 170 171 172 173 179 180 181 182
19 147 148 149 150 151 155 159 163 164 165 166 168 169 171 172 177 178 181 182
12 146 147 150 156 159 163 164 165 167 168 177 181
23 145 147 148 149 150 151 153 154 156 157 159 161 163 164 165 167 170 171 172 174 179 180 181
15 145 150 152 153 159 162 164 166 169 172 173 175 177 178 179
22 145 147 148 149 152 154 155 158 160 161 162 164 165 166 167 169 172 174 175 177 179 181
26 147 148 149 150 152 153 154 155 156 157 158 159 161 164 165 166 167 169 170 172 173 176 178 180 181 182
19 147 148 149 150 152 153 154 156 158 160 165 166 167 175 178 179 180 181 182
22 145 146 148 149 151 153 154 156 158 159 163 164 165 166 167 168 170 174 177 179 181 182
13 149 150 151 155 157 160 161 164 168 170 171 175 180
22 147 151 153 154 159 160 161 162 163 166 167 169 170 171 173 174 176 177 179 180 181 182
13 147 150 154 155 158 163 164 167 171 175 178 179 180
11 147 151 155 156 159 168 170 174 175 180 182
14 146 147 154 155 157 158 159 161 162 166 167 173 177 178
23 145 146 147 149 150 151 155 157 158 161 163 164 165 166 168 172 174 175 176 177 179 180 182
13 145 152 154 156 162 165 169 170 172 178 179 180 182
21 145 146 148 149 150 151 153 154 155 156 157 158 159 168 169 171 172 174 177 181 182
24 145 146 148 149 150 151 152 156 157 158 159 161 163 166 167 169 170 172 173 174 175 176 177 178
25 145 147 151 152 154 155 156 159 160 161 162 163 167 168 170 172 173 175 176 177 178 179 180 181 182
25 146 149 151 152 153 154 158 159 161 162 163 165 166 168 169 170 171 172 173 174 176 179 180 181 182
26 146 147 148 151 152 153 155 157 158 159 160 161 162 166 167 169 171 172 173 174 175 177 179 180 181 182
17 149 152 154 156 159 161 162 164 166 168 169 171 172 175 176 179 181
18 145 146 147 148 149 150 154 155 162 165 168 169 170 174 176 177 180 182
19 146 148 149 150 151 152 153 154 155 157 161 162 163 164 165 167 169 174 175
18 146 147 151 152 153 156 157 162 164 165 166 172 173 175 176 177 180 181
23 146 147 149 150 152 153 155 156 158 159 160 161 162 163 164 166 167 168 170 171 174 177 179
11 146 151 154 158 159 161 166 170 173 175 180
24 145 146 147 149 151 152 155 156 157 159 160 162 164 165 167 168 169 170 171 173 174 177 178 181
18 145 146 149 151 152 154 157 160 162 166 168 170 171 172 173 174 175 181
12 145 153 154 155 157 158 165 167 168 170 171 175
16 146 150 152 156 160 161 162 163 164 165 166 176 177 179 180 181
18 145 146 148 149 150 152 154 155 156 158 159 163 164 167 169 173 175 180
26 145 147 148 150 151 152 153 154 156 158 159 161 163 164 165 166 171 172 174 175 176 177 178 179 180 182
13 152 154 157 159 160 161 165 166 169 173 180 181 182
24 146 147 148 150 153 154 155 157 158 159 161 162 163 164 167 168 169 171 172 176 177 178 180 182
19 149 151 152 154 156 158 160 167 168 169 170 171 172 175 176 177 178 180 182
16 145 146 154 155 161 162 163 164 169 170 171 172 173 175 181 182
17 146 149 156 158 162 163 165 166 167 171 172 173 174 176 177 179 181
26 145 146 148 149 150 151 153 154 155 157 158 161 162 164 166 167 169 170 171 174 176 178 179 180 181 182
16 145 146 151 152 153 157 160 161 162 165 167 168 172 179 180 182
21 147 148 151 152 154 155 158 160 161 163 164 165 166 167 168 169 170 172 174 177 181
19 147 153 154 155 156 158 160 162 163 165 166 167 168 169 170 173 175 178 182
22 145 146 148 149 150 153 155 156 157 160 161 167 170 171 172 173 174 176 177 178 180 181
14 147 149 152 153 154 156 164 165 168 170 171 173 176 182
17 150 151 152 155 156 159 161 164 165 167 168 169 171 175 178 180 182
22 145 146 152 153 154 155 156 157 158 163 165 166 168 169 170 171 172 173 176 180 181 182
20 146 147 148 149 151 152 155 156 162 163 165 167 168 170 172 177 178 179 180 182
22 146 148 150 152 153 155 156 158 160 162 165 166 167 168 169 174 175 176 177 178 179 182
12 183 184 187 191 192 193 194 198 199 200 201 202
5 189 195 198 199 200
6 186 187 188 193 195 197
5 183 195 199 201 203
10 183 184 185 187 190 193 198 199 202 203
8 185 190 192 194 196 198 200 203
4 183 186 193 196
12 183 184 187 189 190 192 194 197 199 200 201 202
10 184 185 186 187 189 190 192 196 198 200
8 183 191 192 194 196 197 200 202
7 186 189 191 193 194 198 200
9 183 185 186 189 192 194 198 201 203
5 184 185 192 194 198
9 186 188 191 192 193 195 197 199 201
6 185 189 191 192 199 201
6 188 191 193 194 197 202
10 183 185 187 192 193 196 197 200 201 202
6 183 184 186 187 193 197
3 184 199 201
5 184 186 188 190 200
7 184 186 187 189 190 193 201
8 183 185 188 189 191 192 195 202
4 192 194 195 203
4 186 188 199 201
7 184 185 187 188 190 193 194
3 187 189 196
2 193 197
6 185 189 193 194 197 198
6 186 188 192 197 200 201
9 185 186 188 191 193 195 196 198 203
11 184 186 188 189 190 191 194 195 198 199 203
9 183 186 191 192 196 197 201 202 203
5 183 185 187 192 197
5 184 186 188 191 201
7 186 187 193 194 196 200 201
13 183 185 190 191 192 193 194 196 197 198 199 200 202
6 185 188 189 190 198 203
5 189 190 197 200 201
10 183 187 189 190 191 195 196 200 202 203
8 186 190 194 196 198 199 200 203
3 188 198 203
7 185 187 190 191 192 199 201
3 193 195 198
7 186 188 189 198 199 200 201
3 190 192 200
7 183 184 185 194 198 199 201
14 183 184 185 187 188 190 192 195 196 197 199 201 202 203
15 183 184 185 189 190 191 192 194 196 198 199 200 201 202 203
8 186 188 191 193 195 197 202 203
10 184 185 186 187 189 190 191 192 201 203
7 186 187 192 199 200 202 203
9 185 186 188 189 190 195 196 197 203
8 184 188 189 191 193 195 201 202
12 184 187 188 190 191 193 195 196 197 199 200 202
7 193 195 196 197 198 200 202
7 184 185 187 190 191 193 202
5 186 187 194 198 203
8 183 184 187 191 193 196 199 202
7 183 192 194 195 196 197 203
8 184 186 187 188 189 195 201 203
12 183 184 185 187 189 190 194 196 198 200 202 203
12 183 185 187 189 190 193 196 197 198 199 200 202
5 190 193 196 197 200
7 188 189 191 195 199 201 202
4 183 188 194 199
8 183 184 191 192 195 197 199 202
10 184 188 189 194 195 197 198 200 202 203
8 183 184 188 190 191 195 196 201
7 183 187 194 196 197 202 203
5 185 186 192 194 195
6 185 188 195 198 199 203
5 189 191 194 195 196
4 185 190 192 200
3 183 187 197
5 191 192 194 197 202
4 185 190 198 203
6 183 184 185 198 199 201
3 186 191 193
5 185 192 194 198 200
3 186 188 200
2 188 201
7 185 190 192 194 196 197 200
5 183 195 196 197 203
2 188 199
5 183 185 194 198 201
4 185 194 198 200
7 186 188 192 193 195 199 201
6 186 189 191 195 198 199
4 184 194 199 201
8 183 185 187 190 193 198 199 203
5 185 192 196 197 201
6 183 184 191 193 196 202
2 194 203
7 187 190 191 195 200 202 203
3 195 199 203
2 183 203
2 186 192
6 186 188 191 195 197 202
3 186 189 198
11 183 184 185 187 188 190 195 196 197 201 202
7 184 187 191 198 199 200 201
5 183 186 191 196 197
3 187 194 202
3 190 192 201
4 191 192 195 199
8 184 187 188 193 195 196 199 202
9 183 184 187 191 192 194 198 199 201
3 188 199 201
4 183 188 192 202
3 193 197 198
3 186 188 199
8 183 189 190 191 195 196 202 203
4 186 188 189 195
4 183 193 196 199
2 188 198
8 185 187 189 190 192 196 198 200
10 183 185 190 191 192 194 198 199 200 202
1 197
4 185 188 189 190
2 188 199
7 186 188 191 193 195 196 198
4 183 185 194 199
2 189 200
4 184 192 194 198
6 185 186 189 190 192 201
8 184 185 186 187 189 192 201 203
6 183 187 190 191 195 203
10 183 184 190 192 194 197 199 200 201 202
3 187 192 197
5 183 187 193 196 199
4 188 189 192 202
2 192 194
4 193 197 198 202
5 185 189 192 199 201
7 183 188 190 191 195 196 201
3 195 198 203
5 191 192 194 196 197
4 183 186 187 193
3 184 186 190
2 184 201
10 184 189 190 191 192 194 196 198 199 200
6 185 186 188 191 193 203
5 189 190 191 195 200
2 190 192
4 186 187 193 197
4 194 195 196 197
3 189 199 200
4 185 190 194 196
9 184 188 189 190 191 194 195 198 199
5 187 192 199 202 203
2 187 189
5 188 191 193 195 202
2 194 199
3 185 192 201
2 192 195
3 184 186 188
2 194 195
4 186 189 191 200
5 184 190 191 195 196
4 183 192 195 197
3 183 188 194
1 196
12 183 184 185 190 191 194 196 198 199 200 202 203
5 185 187 190 199 201
2 186 188
2 188 198
3 189 195 196
5 185 190 194 198 203
12 183 184 185 187 188 195 196 197 199 201 202 203
4 184 186 187 193
4 195 197 200 202
4 189 198 199 200
8 183 185 187 192 196 199 201 202
5 191 193 197 202 203
4 188 189 198 200
11 183 184 185 187 188 190 195 196 199 202 203
2 186 188
5 183 190 191 195 201
5 184 187 196 198 200
2 189 195
1 193
5 183 194 195 196 197
3 186 192 201
4 193 195 197 198
8 186 188 191 192 195 197 199 201
8 184 188 190 192 195 199 201 202
10 183 185 187 189 190 194 196 200 202 203
2 192 200
3 189 199 200
4 191 193 194 198
7 185 186 188 191 193 195 203
2 183 197
8 183 184 185 187 193 198 199 202
5 184 185 187 190 193
1 193
6 183 184 191 192 199 202
3 188 197 202
5 185 195 198 199 203
4 188 192 197 200
6 185 188 191 193 196 198
5 189 191 194 198 200
4 194 196 197 203
5 191 196 201 202 203
5 185 186 189 195 196
1 197
4 185 189 191 192
7 186 191 192 196 201 202 203
7 185 192 194 196 198 200 203
7 183 184 185 192 195 199 203
1 193
4 192 194 195 196
4 185 193 197 198
4 185 189 199 201
5 196 197 198 200 202
3 186 197 201
4 185 189 190 203
6 185 190 192 194 196 203
2 186 201
10 183 184 185 188 190 192 195 197 199 202
4 188 191 197 202
3 189 191 195
3 186 188 190
5 188 189 191 201 202
5 185 187 190 193 194
1 203
5 186 187 188 195 197
3 188 195 197
6 186 188 191 193 195 198
5 184 187 192 198 200
6 185 190 192 194 196 203
5 187 194 196 202 203
4 187 190 191 201
1 193
8 183 184 185 187 190 193 198 202
4 188 189 190 203
5 185 192 194 198 201
9 184 187 192 193 194 198 200 201 202
7 186 188 190 191 194 195 198
4 186 189 191 200
2 190 192
3 190 196 200
5 183 194 196 197 203
3 192 194 198
11 183 184 185 190 194 196 198 200 201 202 203
4 183 194 195 197
4 194 195 196 197
4 186 187 189 193
4 183 187 194 197
1 192
6 188 194 195 198 199 203
2 183 188
2 187 196
2 186 199
2 186 196
6 186 189 198 199 200 201
9 183 185 187 188 195 196 199 201 202
2 191 196
4 186 189 198 200
3 193 196 200
5 189 195 199 201 202
5 188 191 199 201 202
7 184 187 192 193 198 200 201
7 185 192 193 196 197 200 201
4 189 190 200 201
3 189 190 197
4 184 188 190 200
6 188 189 191 195 199 202
9 183 187 189 190 196 198 200 202 203
7 183 193 194 198 199 201 202
4 186 192 194 195
4 188 191 194 202
10 183 185 192 194 196 197 198 199 200 202
4 184 186 189 190
3 193 194 198
2 198 199
5 184 195 197 199 202
6 187 190 191 192 201 203
7 184 185 189 190 192 196 200
5 187 191 192 199 201
9 183 184 187 190 192 197 199 200 201
7 184 186 187 188 189 195 203
4 184 193 199 202
4 188 191 193 197
6 187 189 193 196 198 200
3 183 194 199
3 186 194 198
7 184 189 194 197 198 200 203
6 187 194 196 197 202 203
4 197 198 200 202
6 183 194 196 197 200 202
3 198 199 200
5 185 191 192 199 201
1 193
5 183 190 195 196 200
2 189 196
6 188 189 195 199 201 202
9 184 185 187 189 190 194 196 198 200
5 186 187 188 193 197
6 187 189 190 191 196 202
4 189 191 192 201
9 185 187 189 193 196 197 198 199 202
7 183 187 189 190 196 200 202
6 184 188 189 193 201 202
6 183 187 194 196 197 202
1 197
5 185 193 198 199 202
3 189 191 194
8 184 188 189 194 195 197 202 203
3 184 188 191
5 184 190 191 193 202
7 184 189 190 196 198 199 202
3 184 186 201
7 185 186 189 192 194 201 203
3 183 185 194
3 185 195 199
3 188 199 201
4 185 187 193 194
9 184 186 189 190 194 195 198 199 203
4 186 187 192 200
2 190 200
10 184 188 190 191 193 195 196 197 199 200
5 185 187 191 192 199
7 184 185 187 189 191 201 203
4 185 198 199 201
3 186 188 199
1 203
5 186 187 189 195 203
1 199
4 188 199 201 202
3 188 199 201
5 188 191 194 197 202
7 185 186 191 193 195 198 203
8 184 189 190 191 194 198 199 203
7 186 188 192 193 195 199 201
3 188 199 201
4 189 197 200 201
6 184 191 193 196 199 202
8 188 194 195 197 198 200 202 203
4 184 186 187 197
4 193 195 196 202
7 183 185 189 191 192 195 202
5 184 187 190 191 193
4 187 200 202 203
4 183 189 192 195
2 187 196
4 183 194 198 201
4 186 187 188 197
8 183 187 189 190 195 200 202 203
4 184 186 188 190
6 183 184 193 198 202 203
5 186 190 196 199 203
3 188 199 201
5 183 187 190 195 202
4 188 195 199 202
5 187 190 192 198 200
6 190 194 196 198 199 200
6 183 188 191 192 195 202
8 184 187 190 194 196 198 200 203
1 188
6 190 191 195 196 200 203
4 188 193 195 197
4 183 185 192 197
6 183 184 191 192 197 202
4 192 200 202 203
4 188 191 195 197
1 195
5 184 190 191 193 202
9 183 187 189 190 192 194 197 199 201
5 184 185 194 198 201
3 192 195 203
4 183 184 186 193
4 190 197 200 201
4 183 186 193 197
9 183 185 186 187 188 189 190 192 201
7 183 184 187 189 192 194 196
12 183 186 187 188 191 192 193 194 199 201 202 203
10 185 186 187 188 192 193 194 196 197 199
11 183 184 186 189 192 193 194 196 198 201 202
12 183 187 189 190 191 192 197 198 199 200 201 202
10 183 184 185 186 188 189 193 196 200 203
7 187 189 191 194 195 196 200
6 183 184 190 192 198 203
11 185 186 188 190 191 195 196 199 200 201 203
14 183 185 186 188 189 190 191 192 193 194 196 197 201 203
14 184 185 187 188 189 191 192 193 197 198 199 200 202 203
7 183 191 192 194 197 198 203
14 183 184 185 187 189 192 193 194 195 196 197 198 199 201
6 185 186 192 193 194 196
11 183 185 186 187 188 190 192 194 195 200 201
6 186 187 189 190 195 198
12 183 184 185 186 188 190 192 194 195 197 199 202
12 184 185 187 188 189 191 195 198 200 201 202 203
7 184 187 189 190 191 199 202
12 183 185 186 188 189 193 195 196 197 200 201 202
8 185 188 189 191 193 194 197 200
7 183 184 187 192 193 195 201
7 183 184 185 186 187 190 202
12 183 187 189 190 193 194 195 197 199 200 202 203
13 183 184 186 187 190 191 194 195 196 197 198 202 203
11 184 189 190 192 194 196 197 199 200 201 203
7 183 186 190 193 200 201 202
9 183 185 186 191 194 195 196 199 203
9 185 186 187 188 190 193 194 198 200
12 186 187 188 189 190 193 194 196 197 198 199 201
9 184 185 188 190 197 198 199 200 201
8 185 186 190 191 193 194 195 203
9 183 184 187 188 193 197 198 199 202
6 186 187 192 195 199 200
8 184 186 188 189 190 191 192 196
13 184 185 186 187 188 190 194 195 197 198 200 202 203
9 183 184 186 188 193 195 196 197 201
8 184 186 187 190 191 192 199 203
13 183 189 190 191 192 194 195 196 197 199 201 202 203
13 183 184 185 187 188 189 192 195 197 198 200 201 202
7 186 190 194 196 201 202 203
8 189 190 192 193 195 198 199 202
7 187 190 192 194 197 199 201
11 183 184 185 186 188 189 193 194 197 201 202
13 183 184 185 186 188 189 190 191 193 196 197 198 202
8 183 185 186 192 197 199 202 203
7 183 187 189 194 199 201 203
7 188 193 194 195 198 199 200
13 183 184 185 187 188 190 193 194 195 196 198 199 203
12 183 185 186 187 188 191 192 194 197 200 202 203
7 183 184 186 187 197 198 201
11 183 185 187 188 194 195 196 199 201 202 203
12 183 185 186 187 190 191 195 196 200 201 202 203
6 183 186 195 198 200 202
13 185 186 189 191 192 193 194 195 197 198 199 200 202
7 183 185 189 194 199 201 202
6 186 191 192 196 197 200
10 185 187 189 192 193 195 196 197 198 200
14 183 184 186 188 189 190 192 193 194 195 197 201 202 203
7 184 188 190 191 194 200 203
14 183 184 185 186 188 189 190 191 197 198 200 201 202 203
13 183 184 185 187 188 190 192 193 194 195 198 201 203
8 184 185 187 188 191 192 194 197
10 184 186 187 189 190 195 198 200 201 202
13 185 190 191 192 193 195 196 197 198 199 200 202 203
12 184 185 188 189 190 191 193 196 199 200 202 203
12 183 185 186 187 188 191 192 193 197 198 201 202
14 184 186 187 188 191 193 194 197 198 199 200 201 202 203
9 183 184 185 189 190 193 196 200 202
14 183 184 185 186 187 189 190 194 196 197 198 201 202 203
12 183 186 190 193 194 195 196 197 200 201 202 203
14 183 184 186 188 189 190 191 194 195 197 198 200 202 203
7 183 184 185 192 196 200 203
14 184 186 187 188 189 190 191 192 193 194 195 196 200 203
7 183 187 190 192 198 199 203
14 184 187 188 189 191 193 194 195 196 198 199 200 202 203
9 184 186 187 191 192 193 196 197 201
13 183 184 185 186 187 188 189 190 192 194 195 196 203
13 185 187 189 191 192 193 194 195 196 200 201 202 203
9 183 187 188 189 193 196 197 198 200
8 184 185 190 191 193 194 196 199
6 187 190 194 195 198 201
11 184 185 187 189 190 191 193 194 198 199 200
7 186 188 194 196 197 199 203
13 183 184 185 188 189 191 192 193 196 198 200 201 203
10 184 186 188 194 195 196 197 198 201 202
11 185 186 190 191 193 195 198 199 200 201 202
6 187 188 194 198 202 203
6 189 190 193 197 198 200
6 184 188 195 196 201 202
12 184 185 187 188 189 191 195 196 199 201 202 203
11 183 185 188 189 191 193 195 199 200 202 203
13 183 184 186 187 189 190 192 193 197 199 201 202 203
8 183 185 186 195 196 198 199 202
14 186 187 189 190 191 193 194 196 197 198 199 200 202 203
10 184 185 186 189 193 194 195 197 200 203
6 183 184 195 196 197 201
11 184 186 188 189 190 193 196 197 200 202 203
7 183 185 187 190 193 194 199
8 184 188 189 191 195 196 199 202
14 183 184 186 187 189 190 191 192 196 197 198 199 200 203
6 193 194 197 198 202 203
13 183 185 186 188 189 191 192 194 195 199 200 201 203
13 183 186 187 188 190 192 195 196 197 199 200 201 203
6 187 191 198 200 202 203
6 188 190 192 193 194 195
7 183 185 191 197 198 201 202
8 184 187 191 193 194 196 199 202
7 183 184 186 196 198 199 200
11 184 185 186 188 191 192 193 194 195 200 203
7 183 187 188 189 190 199 202
9 184 186 191 194 195 197 198 200 201
9 184 187 192 194 196 200 201 202 203
8 191 193 194 196 198 199 200 201
12 185 186 187 189 190 192 193 197 198 200 201 202
8 188 190 191 193 195 196 199 202
12 183 184 190 191 192 193 194 195 197 200 201 203
8 184 186 188 194 195 197 198 203
14 185 186 187 188 189 191 192 194 196 197 198 199 200 202
9 185 186 188 190 191 192 196 200 201
8 183 185 186 188 190 192 193 195
8 184 186 192 194 198 199 200 203
11 184 186 189 191 192 194 195 196 198 200 201
14 183 187 188 189 191 193 194 196 198 199 200 201 202 203
7 184 187 190 193 195 202 203
6 184 192 195 197 201 203
10 184 187 188 190 194 195 196 198 200 201
6 185 187 190 192 196 203
11 183 184 185 188 191 193 197 198 199 202 203
8 188 191 193 194 198 200 201 202
14 184 185 187 188 189 190 191 193 194 198 200 201 202 203
10 184 187 189 191 192 193 194 195 199 202
6 184 186 187 189 197 201
9 185 188 189 190 192 196 199 200 201
14 183 184 186 188 189 190 192 193 194 197 198 199 202 203
9 183 184 190 191 193 194 195 197 201
12 184 186 189 192 193 194 195 196 197 199 200 202
9 186 192 193 196 197 198 199 200 202
11 183 184 186 187 189 193 195 196 197 199 202
13 184 186 189 190 191 192 193 194 195 200 201 202 203
6 187 192 194 196 201 202
12 183 184 185 187 188 189 191 195 196 199 201 203
13 184 186 187 188 189 190 193 194 195 196 198 199 201
14 183 185 186 187 189 191 192 193 194 197 198 199 200 203
10 183 184 186 187 191 195 199 200 202 203
8 183 187 193 195 197 201 202 203
7 187 190 191 195 199 200 201
8 187 188 190 191 192 195 197 203
11 183 187 189 191 192 193 197 198 199 200 202
9 184 185 186 187 188 190 196 198 200
9 183 185 187 190 193 194 195 197 199
7 187 188 189 190 192 194 197
8 183 186 188 196 198 199 200 201
12 183 184 187 189 191 195 197 199 200 201 202 203
12 183 184 185 186 187 189 190 191 194 197 199 202
10 185 187 189 191 192 194 195 196 198 203
6 188 189 195 200 201 202
10 185 186 188 190 192 195 196 197 200 201
9 184 185 186 187 192 193 194 196 199
9 185 186 188 191 193 197 198 201 202
9 184 185 187 189 192 193 197 202 203
10 184 185 187 189 190 193 194 196 201 202
9 186 189 191 192 194 195 199 202 203
13 183 184 185 190 191 192 194 196 197 199 201 202 203
14 183 187 188 189 190 191 192 193 194 195 196 199 200 203
10 186 188 192 193 196 197 198 199 201 202
7 183 186 187 188 190 193 198
9 191 192 194 195 197 200 201 202 203
12 183 185 186 190 193 195 196 199 200 201 202 203
14 186 187 188 189 190 191 192 193 195 196 197 198 200 202
12 183 184 185 187 189 190 191 193 195 196 198 202
10 184 187 188 189 194 196 198 200 201 203
6 186 189 192 195 198 199
11 183 187 188 189 191 194 195 196 200 201 203
9 183 190 191 192 195 199 200 201 202
8 185 187 190 193 196 197 200 202
14 184 185 187 188 189 190 191 192 193 195 197 199 202 203
11 184 185 186 188 190 191 193 196 199 200 203
11 184 187 188 189 190 192 193 196 197 198 199
8 184 185 190 191 193 194 201 202
7 184 186 191 198 199 200 201
6 194 195 197 198 199 203
6 191 192 196 197 200 202
7 188 189 190 194 195 200 203
10 187 189 190 194 196 197 198 200 201 203
14 183 186 188 189 190 191 192 193 196 197 198 200 202 203
14 184 185 187 188 189 192 193 195 197 198 199 200 201 203
12 183 184 186 189 190 191 193 195 196 197 199 200
11 183 187 188 189 190 193 196 197 198 200 203
13 184 186 187 190 192 193 195 196 197 198 199 201 202
9 183 184 185 186 187 195 201 202 203
9 184 185 186 187 188 189 191 199 202
12 183 184 185 187 188 191 192 196 198 199 201 203
6 188 189 192 193 194 197
14 183 185 187 189 190 192 193 194 195 198 199 200 202 203
9 183 186 187 188 190 192 193 195 199
14 183 184 185 189 190 191 195 196 198 199 200 201 202 203
7 183 187 192 194 195 197 202
9 183 186 187 188 195 196 197 199 202
9 187 188 189 190 192 193 199 202 203
12 185 188 189 190 193 195 196 198 199 200 201 202
10 185 187 188 189 191 196 197 198 199 202
14 183 187 188 190 192 193 194 195 197 198 199 200 201 203
14 183 185 188 190 193 194 195 196 197 198 199 200 201 203
6 183 185 190 194 199 202
7 183 185 190 194 195 196 200
10 183 186 189 191 192 195 197 199 200 202
11 183 184 185 186 187 194 195 196 199 201 202
6 185 186 191 192 193 195
8 189 190 191 192 194 199 201 203
12 183 184 186 187 188 190 192 193 195 199 201 202
13 186 187 188 189 192 193 194 195 196 199 200 202 203
8 185 186 192 194 196 197 201 203
7 183 186 187 192 194 196 198
13 183 184 186 189 190 191 192 193 194 197 199 201 203
7 188 191 195 196 197 201 202
12 183 184 186 188 191 193 195 197 198 200 201 203
11 183 184 186 188 189 194 195 196 197 199 201
9 183 186 188 190 192 195 198 201 203
9 184 185 188 190 196 198 200 202 203
13 183 184 185 187 189 190 191 192 193 194 196 197 202
10 183 184 185 186 188 191 193 195 197 199
7 185 186 188 191 193 194 201
10 183 184 186 187 192 194 196 198 201 202
10 183 184 187 190 194 197 198 200 201 203
10 184 188 190 191 192 193 196 198 199 202
9 184 189 192 195 198 199 201 202 203
7 185 186 187 190 193 194 200
14 183 186 190 191 192 193 194 195 196 197 198 199 201 202
7 183 185 187 190 194 199 201
10 183 187 188 189 195 197 198 200 202 203
14 183 185 187 188 189 192 194 196 197 198 200 201 202 203
14 184 185 186 187 189 192 194 195 196 198 199 200 201 202
11 184 186 187 190 191 192 197 198 199 201 203
13 183 184 185 186 187 190 191 192 193 194 195 199 201
7 184 187 188 191 193 194 198
11 184 185 186 187 188 191 192 196 200 201 203
6 183 187 188 191 195 202
11 183 185 187 189 190 191 194 196 198 199 201
8 183 193 195 196 198 199 200 201
6 183 186 190 199 200 203
7 184 188 193 194 197 199 201
9 186 187 189 191 194 195 197 200 202
11 183 186 187 188 189 190 192 194 195 198 203
6 189 190 192 198 200 201
7 184 188 192 195 199 200 201
14 184 185 187 188 189 191 192 193 194 199 200 201 202 203
8 184 190 191 193 195 198 199 203
14 183 184 185 190 191 192 193 195 196 198 199 200 202 203
7 187 188 191 197 198 200 203
12 184 185 186 187 189 191 193 194 196 199 200 203
9 186 188 190 191 196 197 198 200 201
8 185 189 192 193 194 197 199 203
11 183 184 185 187 189 190 192 194 195 202 203
6 183 190 191 192 196 199
9 188 191 194 195 197 199 200 201 203
9 183 184 188 190 191 193 195 199 200
9 186 189 191 192 195 196 199 200 202
11 183 186 187 192 193 194 196 199 200 201 203
9 183 184 193 194 197 198 200 201 203
11 184 186 188 193 194 195 196 197 198 200 202
11 183 190 191 192 193 195 196 197 200 202 203
8 188 190 192 193 194 195 196 198
7 186 190 192 193 195 196 202
11 188 191 192 193 194 195 197 198 200 202 203
8 184 188 190 193 196 198 199 202
7 187 188 191 192 194 198 199
13 184 185 186 191 192 193 194 195 196 200 201 202 203
8 183 191 192 195 197 199 202 203
11 183 184 186 188 189 194 195 199 200 202 203
10 183 186 188 189 191 193 196 197 200 201
9 183 187 195 197 199 200 201 202 203
14 184 185 187 188 189 192 194 195 196 197 199 200 201 202
13 184 185 187 188 189 190 193 195 196 199 201 202 203
10 183 184 186 191 192 194 197 199 201 203
6 184 186 188 189 193 197
11 184 185 186 187 188 190 194 195 198 200 201
10 185 188 191 196 197 199 200 201 202 203
11 183 184 187 189 190 195 198 199 200 202 203
9 184 185 187 188 191 192 195 199 202
7 184 188 192 193 196 198 201
7 185 189 194 195 197 198 203
9 183 190 192 194 196 199 200 202 203
11 183 185 186 188 189 191 193 195 196 200 202
8 184 185 188 197 198 200 201 202
11 185 186 187 188 189 193 195 196 198 200 203
10 183 188 189 190 191 193 197 198 200 203
11 184 185 187 189 192 194 195 197 198 201 203
10 183 185 187 188 190 192 193 194 200 201
14 184 185 186 187 189 190 191 192 193 194 196 200 201 203
7 183 184 185 189 191 192 194
12 183 184 187 190 192 193 194 199 200 201 202 203
9 183 184 185 187 191 193 196 200 202
6 183 184 187 193 194 203
11 183 184 185 186 187 189 192 194 196 197 199
13 185 187 190 191 192 193 195 197 199 200 201 202 203
13 184 185 186 187 188 189 190 191 192 193 195 198 203
7 184 191 193 196 198 199 202
8 186 188 189 192 193 197 202 203
14 183 185 186 187 189 190 191 192 194 196 197 198 200 202
11 183 184 187 191 193 194 196 197 198 200 203
