186 1083
73 1 2 3 4 5 6 7 8 9 10 11 12 13 14 15 16 17 18 19 20 21 22 23 24 25 26 27 28 29 30 31 32 33 34 35 36 37 38 39 40 41 42 43 44 45 46 47 48 49 50 51 52 53 54 55 56 57 58 59 60 61 62 63 64 65 66 67 68 69 70 71 72 73
51 1 3 5 7 8 9 12 16 17 18 19 20 21 22 24 25 26 29 30 31 32 33 36 37 38 39 40 41 42 43 44 45 46 48 49 50 52 56 57 58 59 60 61 62 63 64 66 68 69 70 72
22 5 14 15 19 20 25 27 30 33 34 37 39 43 48 54 55 61 64 65 69 70 73
49 1 2 5 6 9 10 11 12 13 14 15 16 18 20 21 22 23 24 27 28 29 31 32 33 34 35 36 37 38 40 42 44 46 48 49 51 52 53 55 60 62 64 65 66 68 69 71 72 73
56 2 3 4 5 6 7 8 10 11 12 13 15 17 18 19 20 21 23 24 25 26 28 29 30 31 32 33 34 35 36 37 40 41 42 43 46 47 49 51 53 55 56 57 58 59 60 61 63 64 65 66 67 68 70 71 72
23 4 6 11 13 16 24 26 31 34 35 38 44 48 54 57 58 59 64 65 66 67 70 73
48 1 3 6 7 9 10 11 13 14 15 17 18 20 21 22 24 25 26 27 28 29 31 32 35 36 39 42 43 44 45 46 47 48 49 51 52 53 54 57 59 61 62 63 64 66 68 69 73
40 1 2 4 7 9 10 11 14 15 16 17 18 19 23 27 30 33 39 41 42 44 45 46 47 53 54 55 56 57 58 59 60 62 63 65 66 69 70 71 73
29 2 3 5 11 12 13 14 15 16 17 20 28 32 33 38 40 46 48 49 51 52 53 56 57 62 64 67 69 73
24 2 4 6 11 13 15 16 22 23 24 28 29 36 42 44 47 50 52 59 63 64 71 72 73
44 2 3 5 6 7 8 9 10 11 12 13 14 15 17 18 21 23 25 26 29 30 31 33 36 40 42 43 44 45 47 50 51 53 54 56 58 59 61 62 63 64 67 69 72
41 1 2 8 9 10 11 13 16 19 21 22 24 25 26 30 32 33 35 37 38 39 41 42 45 46 48 50 52 53 55 56 57 62 63 64 65 66 69 70 71 72
40 1 2 4 7 8 9 11 12 14 15 16 17 18 20 21 25 26 28 31 33 34 36 38 40 41 43 44 45 47 48 50 51 54 55 60 61 63 66 67 70
22 1 5 8 11 14 17 28 30 34 35 37 38 39 40 42 43 46 52 69 70 72 73
54 1 2 3 5 6 8 9 10 11 14 15 16 17 18 19 21 22 23 24 28 29 30 31 33 35 36 37 38 39 40 41 42 43 44 45 47 48 49 50 52 53 55 57 58 60 62 63 65 66 67 69 70 72 73
53 2 3 5 6 7 8 9 10 11 12 13 15 16 17 19 21 23 24 26 28 29 31 32 33 34 36 38 39 41 42 43 44 45 47 48 51 52 54 55 56 57 58 59 61 62 64 66 67 68 70 71 72 73
53 2 3 5 7 9 10 11 14 16 17 19 20 21 22 23 25 26 27 28 29 30 31 33 34 35 36 37 38 40 41 42 45 46 47 48 50 51 52 53 55 57 58 60 62 64 65 67 68 69 70 71 72 73
36 2 3 4 11 12 13 15 16 17 18 20 22 24 27 28 30 36 37 43 44 45 46 47 51 52 53 56 58 59 60 62 64 65 67 70 72
37 1 2 4 5 8 9 10 13 14 15 20 21 23 24 32 36 37 38 42 44 45 46 49 50 51 52 53 54 57 58 61 63 64 66 67 70 73
52 1 2 3 4 5 6 9 13 14 15 17 18 19 20 21 22 23 25 27 28 29 30 31 32 38 39 40 41 45 46 47 48 49 50 51 52 53 54 55 56 57 58 60 62 64 66 67 68 70 71 72 73
51 1 3 5 6 7 8 9 10 11 12 14 15 16 17 18 19 20 21 23 25 26 28 31 32 33 34 38 39 40 41 42 44 47 48 49 50 51 55 56 58 59 60 61 63 65 66 68 69 71 72 73
48 1 3 7 8 10 11 12 15 16 19 20 21 22 23 24 26 27 28 29 30 31 33 36 39 40 42 43 45 46 49 50 52 53 56 58 60 61 62 63 64 65 66 68 69 70 71 72 73
31 4 6 8 10 11 16 17 19 22 24 25 26 30 31 32 43 44 45 49 51 52 56 57 58 59 60 61 68 69 70 73
35 1 2 4 6 7 9 10 15 16 17 18 24 28 29 30 31 34 35 38 39 42 45 46 49 51 53 55 56 58 59 61 62 66 71 73
44 2 3 5 6 7 8 9 10 11 13 16 18 21 22 23 24 25 26 29 31 32 33 35 38 39 40 41 42 43 44 45 46 47 48 49 50 53 60 64 67 68 69 72 73
55 1 2 4 5 7 8 9 10 12 13 14 15 16 17 18 19 20 21 23 24 25 31 32 33 34 35 36 37 38 40 42 43 45 46 49 50 51 52 53 54 55 56 57 58 59 62 63 64 65 66 67 68 69 71 72
37 2 4 5 6 8 9 10 14 15 16 18 21 23 26 27 30 31 37 38 39 40 41 42 43 48 53 55 57 58 60 63 67 68 70 71 72 73
46 3 4 6 7 8 10 11 12 14 15 16 18 20 22 23 26 27 29 32 35 38 39 40 41 43 44 46 47 48 50 51 52 54 55 56 57 58 59 61 62 63 64 65 66 68 72
28 1 6 7 12 21 22 23 25 27 28 31 32 37 38 39 41 43 48 49 54 59 61 62 63 64 69 70 71
34 1 3 9 11 13 15 16 17 18 19 25 26 27 29 32 35 36 38 40 41 42 43 47 50 51 55 59 60 61 64 66 71 72 73
22 2 3 9 17 18 22 23 24 40 42 46 50 54 55 56 58 65 66 68 70 71 73
30 4 5 8 9 11 13 14 15 21 23 24 27 28 29 31 33 35 37 40 41 50 53 56 57 58 59 60 67 68 70
28 2 3 9 11 12 16 19 20 22 25 27 28 29 30 36 38 41 42 43 44 46 48 53 55 61 67 70 73
24 2 3 4 7 9 10 13 16 20 21 24 25 28 30 34 43 44 46 51 53 60 62 70 73
26 6 8 9 10 13 14 19 21 22 29 34 35 36 37 38 39 40 45 53 54 56 60 62 64 65 70
42 4 5 6 7 10 13 14 15 16 17 19 21 22 23 26 27 28 30 34 36 37 38 41 42 43 45 47 48 50 51 53 54 57 59 60 61 63 64 69 70 72 73
26 1 7 8 9 10 11 14 22 23 25 27 32 33 34 35 36 38 39 46 48 49 52 55 64 69 71
32 1 3 6 11 12 13 14 24 25 28 31 33 34 35 38 45 46 49 52 53 56 57 59 60 61 63 64 69 70 71 72 73
45 2 6 7 9 10 11 12 14 16 17 18 21 22 23 25 26 27 30 32 33 34 35 37 38 43 44 46 52 55 56 57 58 59 60 61 62 64 65 66 67 68 70 71 72 73
44 1 2 3 5 6 8 10 11 12 13 15 16 19 20 21 23 26 29 31 37 40 41 43 45 47 48 49 50 55 56 57 58 59 60 62 65 66 67 68 69 70 71 72 73
33 1 2 8 9 10 11 13 17 20 24 25 26 29 31 35 36 37 41 44 45 47 49 50 52 53 56 57 60 64 67 70 71 73
32 2 4 6 7 8 11 13 14 18 19 21 24 25 27 30 31 36 37 40 44 49 50 53 55 56 59 60 62 67 68 70 71
30 1 2 3 4 7 14 15 24 26 27 31 33 34 35 36 38 42 43 45 46 47 48 50 52 59 60 64 65 67 69
49 3 5 6 9 11 13 14 17 18 19 21 22 23 25 27 28 29 30 31 32 33 34 35 36 38 39 40 44 45 46 47 48 49 52 53 54 55 56 58 61 62 63 64 65 67 68 70 71 72
45 1 2 5 8 10 11 13 14 17 18 19 22 23 24 25 26 27 29 30 31 32 33 34 35 36 37 38 39 40 41 47 49 52 53 54 55 58 61 62 63 64 66 69 71 73
42 1 2 3 4 8 9 12 14 15 17 19 20 21 22 23 27 32 34 35 37 38 40 41 43 44 45 48 49 50 51 52 53 57 58 59 60 62 64 65 67 68 69
47 1 3 6 7 9 12 13 15 16 17 20 21 22 23 24 25 27 28 30 32 33 34 35 36 37 40 42 44 46 49 51 52 54 55 56 58 60 61 64 65 66 67 68 70 71 72 73
57 1 3 5 6 7 8 10 11 12 13 14 15 16 19 21 22 23 24 25 27 28 29 30 31 33 34 35 36 37 38 39 40 41 42 43 44 45 46 47 49 51 52 54 56 58 59 61 62 63 65 66 67 68 70 71 72 73
47 1 2 3 4 6 8 9 10 12 15 16 17 20 25 29 30 31 34 35 36 37 41 42 44 45 46 48 49 51 52 53 54 56 58 59 60 61 62 63 64 66 67 69 70 71 72 73
34 1 3 4 6 11 14 16 23 24 26 27 29 30 31 32 34 35 37 39 42 43 47 48 49 51 52 55 59 60 61 69 71 72 73
41 1 3 4 5 6 7 8 9 11 12 14 16 18 20 22 23 28 29 30 31 33 34 38 39 40 48 50 51 52 55 56 57 62 63 64 65 66 68 69 71 73
35 2 3 5 8 9 11 12 13 14 16 18 19 22 24 25 28 30 31 33 35 37 39 40 45 47 52 53 54 56 58 60 62 66 71 73
36 1 2 3 8 18 19 22 24 25 27 28 30 32 35 37 40 44 46 47 48 50 52 54 55 56 58 59 60 61 62 63 64 65 66 69 73
58 1 2 3 4 5 6 7 8 10 11 12 13 14 15 16 18 19 20 22 24 25 26 28 29 31 32 33 34 35 36 39 41 42 43 44 45 46 47 48 49 50 51 53 54 55 58 60 61 62 63 64 65 66 67 70 71 72 73
29 1 2 3 4 5 6 10 20 22 23 26 27 31 35 39 41 45 46 47 48 49 50 51 53 57 58 59 60 68
38 1 3 5 6 7 9 12 13 14 16 17 18 20 21 24 25 28 29 30 31 37 38 41 42 43 44 45 49 53 57 58 59 64 65 67 68 69 71
33 3 4 5 7 8 10 13 15 16 19 24 25 27 29 30 31 32 34 35 36 43 44 46 47 48 52 53 56 62 64 67 68 69
46 1 2 3 4 5 7 9 10 11 18 19 20 21 23 25 28 30 31 34 36 37 38 39 40 41 43 44 46 47 48 49 50 52 53 56 57 58 59 61 64 66 67 68 70 71 73
26 2 3 7 10 16 17 19 30 38 39 44 45 46 49 50 54 55 56 60 61 65 68 69 70 72 73
36 2 3 4 5 6 7 10 12 13 14 16 17 21 24 26 27 29 32 35 36 37 39 40 44 48 50 57 58 59 60 61 65 66 69 70 73
49 1 2 3 4 5 6 7 8 10 13 14 15 17 18 20 22 23 24 27 28 29 30 31 32 33 35 36 37 38 39 40 43 44 45 46 47 48 56 57 58 60 61 62 63 64 65 68 71 73
29 1 2 3 7 12 14 17 23 27 28 31 32 34 37 39 42 45 47 49 52 54 56 57 59 61 63 66 70 72
45 1 2 3 4 5 6 7 8 9 10 12 14 15 17 19 20 22 25 26 27 28 31 33 36 37 40 41 42 45 47 49 50 53 55 57 58 61 62 63 65 66 69 71 72 73
39 5 6 9 12 14 15 19 20 21 22 23 25 26 29 34 35 36 37 39 42 45 46 47 48 49 50 53 54 55 56 57 59 64 65 67 69 70 71 72
38 1 3 4 5 6 7 9 12 13 15 18 19 20 21 27 28 30 33 40 42 43 45 46 47 50 51 52 53 54 56 57 58 59 61 63 64 65 73
26 1 4 7 10 11 21 23 24 27 31 32 35 36 37 43 44 45 46 50 54 56 61 63 64 65 67
46 1 2 5 8 10 11 13 14 15 16 17 19 21 22 23 25 26 28 29 30 31 33 35 36 38 39 41 42 43 44 45 46 47 50 53 54 56 58 59 63 65 66 67 68 71 72
43 2 4 5 9 10 11 12 13 16 19 21 22 24 28 29 32 34 35 37 41 42 43 44 45 47 49 50 52 53 54 56 57 58 62 64 65 66 67 68 69 70 71 72
26 1 3 7 8 13 21 23 28 29 32 34 38 40 43 48 49 52 53 55 57 60 61 63 65 66 68
51 1 2 3 5 6 7 10 11 12 13 14 16 19 21 23 24 26 27 28 29 32 34 35 36 38 39 40 41 42 43 44 45 46 47 48 49 50 51 54 56 57 58 59 60 63 64 67 68 70 72 73
54 2 3 4 5 8 9 11 12 13 14 15 17 18 19 20 21 22 23 25 26 27 28 29 30 32 35 37 38 39 40 41 43 44 46 47 48 49 50 51 52 53 54 56 58 59 60 61 62 64 65 66 70 71 72
25 1 2 11 12 14 16 19 26 29 32 34 36 39 42 43 44 47 51 56 58 61 62 64 65 73
33 5 7 8 11 12 17 20 22 23 24 25 27 28 29 30 31 33 35 36 39 43 44 46 47 52 57 59 61 63 64 65 71 73
47 1 2 5 6 7 8 9 10 13 14 17 19 21 22 23 24 26 28 30 32 34 35 36 37 38 39 42 44 45 48 49 52 54 55 56 58 59 60 61 63 64 66 67 68 70 71 72
28 1 2 9 11 15 17 21 26 27 29 31 36 40 41 42 44 48 49 52 54 55 56 58 59 60 62 63 72
57 1 2 4 5 8 9 10 11 12 13 14 15 17 18 19 20 21 22 23 24 25 26 27 28 29 30 31 32 34 36 37 38 39 40 42 43 48 49 50 51 52 53 54 58 59 60 61 62 63 64 65 66 68 69 70 71 73
58 3 4 5 6 7 8 9 10 11 12 13 14 15 16 17 20 21 22 23 24 25 26 27 28 29 30 31 32 33 34 35 36 41 42 43 44 45 46 47 48 49 51 52 53 54 56 57 58 59 60 63 64 65 66 68 69 71 73
55 1 2 3 4 8 9 10 11 12 13 14 16 17 18 19 20 21 22 24 25 27 28 29 30 31 32 33 34 35 36 39 40 41 43 44 46 48 49 51 52 56 57 60 61 62 63 64 65 67 68 69 70 71 72 73
32 4 7 8 11 12 16 19 23 28 29 30 31 32 34 35 36 37 39 42 43 44 47 49 53 57 61 64 65 66 70 71 72
46 1 4 5 6 7 8 9 10 13 14 15 16 17 19 20 25 26 28 29 32 34 35 36 39 43 44 45 46 47 48 49 51 52 54 55 56 57 59 60 61 63 64 66 67 68 73
46 74 75 76 77 78 79 80 81 82 83 84 85 86 87 88 89 90 91 92 93 94 95 96 97 98 99 100 101 102 103 104 105 106 107 108 109 110 111 112 113 114 115 116 117 118 119
30 75 76 77 78 81 82 83 84 85 86 88 91 92 96 97 100 101 102 103 104 106 108 109 110 111 112 113 114 115 117
31 74 75 76 78 79 80 82 83 87 88 89 91 93 95 96 97 98 99 100 102 103 104 105 106 109 110 111 114 116 117 118
26 74 77 78 81 82 86 87 89 91 92 93 94 96 97 98 101 103 104 105 106 108 109 111 112 113 116
27 77 79 82 83 84 85 87 88 89 90 91 93 95 96 97 98 100 103 105 106 108 111 112 116 117 118 119
34 74 75 76 77 79 81 82 83 84 85 87 88 89 90 91 92 93 95 96 97 98 100 101 102 103 105 107 108 109 110 112 115 116 118
17 76 79 83 84 91 93 96 100 102 103 105 110 111 112 115 116 118
14 78 81 84 85 91 93 95 99 101 104 107 111 112 116
15 76 77 81 82 87 88 90 93 94 100 106 107 115 116 117
16 78 80 86 89 92 96 105 106 108 112 113 114 115 116 118 119
23 74 77 79 80 81 82 84 85 87 93 94 96 97 100 101 102 103 105 107 108 111 113 117
19 75 76 79 81 87 89 90 91 93 97 101 102 108 111 112 114 115 117 118
34 74 76 79 80 83 84 85 86 88 90 91 92 93 94 95 96 98 99 100 101 102 105 106 107 108 109 110 111 112 114 116 117 118 119
32 74 75 76 77 80 82 83 84 85 86 87 88 89 90 94 95 97 98 99 100 101 102 104 107 109 111 112 113 114 115 117 119
27 74 75 76 77 78 79 85 86 88 89 94 95 96 97 98 99 100 101 104 105 108 109 111 115 116 118 119
19 80 81 85 86 87 93 94 96 97 98 102 107 108 109 112 114 116 117 119
35 74 75 76 77 79 80 81 82 84 85 87 88 89 90 91 92 93 94 95 98 99 101 103 104 105 106 107 109 110 111 112 114 116 118 119
31 74 75 76 77 80 83 84 85 86 89 90 91 92 94 95 96 97 98 99 101 102 103 104 105 109 110 113 114 115 117 119
32 74 75 77 78 79 80 82 84 85 86 87 88 89 90 94 95 96 98 99 100 104 105 106 107 109 111 112 113 114 115 117 118
36 75 76 78 79 80 81 82 83 85 86 88 89 90 91 92 95 96 99 100 102 103 104 105 106 107 108 109 110 111 112 113 114 115 116 117 118
24 76 77 78 79 82 84 86 87 88 89 94 96 97 99 100 101 103 107 108 110 111 112 113 117
27 75 77 78 79 80 81 82 83 84 86 87 90 92 95 96 98 99 100 101 107 108 109 111 112 115 117 119
14 77 78 87 88 89 93 95 102 103 105 106 107 117 119
29 74 75 76 77 79 80 81 82 83 84 85 87 89 93 95 96 98 99 100 101 105 106 109 110 112 113 116 117 118
36 74 75 76 77 79 81 82 84 85 86 87 88 89 90 91 93 95 96 97 100 101 103 105 106 107 108 109 110 111 112 113 114 116 117 118 119
28 79 80 81 83 84 87 88 89 90 91 92 93 94 95 98 99 100 101 102 104 106 107 109 111 113 115 118 119
35 74 75 76 77 80 81 82 83 84 85 86 87 88 89 90 91 92 98 100 101 102 103 104 106 107 108 109 110 111 112 114 115 116 118 119
14 77 79 80 84 85 86 88 89 95 96 99 104 116 119
6 120 122 128 130 135 142
6 123 131 133 135 137 142
14 120 122 123 125 126 127 128 134 135 137 139 141 142 143
6 122 123 127 128 136 137
5 127 133 134 135 140
7 123 126 127 130 132 136 143
5 126 134 135 136 140
8 124 125 129 130 132 135 138 141
13 124 125 126 127 128 130 131 132 133 134 135 138 143
5 120 128 137 140 142
5 120 125 136 137 138
7 122 125 129 133 134 135 139
4 122 136 138 143
21 120 121 122 123 124 125 126 128 129 130 131 132 133 135 136 137 138 139 140 142 143
10 121 122 125 129 130 131 133 134 138 143
6 125 127 132 137 141 142
6 123 129 137 139 141 142
10 121 124 129 130 131 132 133 136 138 140
5 120 125 129 130 141
7 120 126 128 131 133 135 136
18 120 121 122 123 124 125 126 127 128 129 130 131 133 137 139 141 142 143
7 124 128 131 137 138 139 142
17 120 121 122 123 125 126 127 129 130 132 133 134 135 136 140 141 143
7 121 126 131 134 139 140 142
9 125 127 129 132 134 138 139 140 141
9 122 126 127 128 130 133 138 139 141
9 123 124 126 129 130 131 136 139 141
6 123 125 128 129 138 142
8 123 127 128 129 133 134 140 142
2 134 136
13 120 121 123 124 125 126 131 132 136 138 139 141 143
11 120 121 122 123 129 136 137 139 140 141 142
11 121 123 124 125 127 130 133 134 136 139 140
5 121 124 131 138 141
10 120 122 126 128 131 132 135 138 142 143
9 120 122 125 129 132 133 138 139 143
8 122 125 132 133 135 140 142 143
3 129 137 141
11 120 122 123 124 125 133 134 136 140 141 143
6 120 132 133 137 139 140
2 129 130
7 120 121 127 128 134 137 138
3 127 134 141
9 120 121 125 129 130 133 135 136 142
10 122 123 124 127 128 131 132 137 138 140
8 121 122 128 129 131 135 136 140
5 126 134 139 141 143
7 123 124 126 127 129 134 135
15 120 121 123 124 125 129 131 132 134 135 136 137 140 142 143
4 122 128 137 142
6 122 126 132 135 139 141
3 120 133 143
5 125 130 131 138 143
10 120 123 126 127 128 132 133 135 141 143
6 121 122 128 136 141 142
6 132 134 135 136 138 140
5 121 126 127 134 141
15 120 121 122 123 124 126 128 130 131 133 135 136 137 142 143
10 121 123 124 127 128 130 131 137 141 142
7 122 124 127 130 132 134 138
11 120 121 122 124 130 131 132 133 135 139 140
5 121 124 130 140 142
9 122 125 129 131 134 136 137 138 139
9 121 124 126 127 128 132 134 139 140
5 121 124 130 131 143
5 120 121 132 133 143
19 122 123 124 125 126 127 128 129 130 131 134 135 136 137 138 139 140 141 142
7 120 123 124 126 127 132 142
7 128 135 136 137 139 140 141
5 126 127 137 141 143
4 121 125 140 143
13 121 126 127 128 129 130 131 132 135 137 138 139 142
7 123 124 129 132 139 140 143
10 120 123 124 126 130 133 134 138 139 143
6 125 131 133 136 137 138
4 123 129 139 140
2 121 143
2 121 125
5 123 126 127 132 143
3 131 135 137
5 120 122 126 135 142
7 122 124 127 131 137 138 140
4 126 135 136 140
3 127 132 137
3 127 137 143
4 125 133 140 143
10 120 123 125 126 128 134 135 141 142 143
18 120 121 122 123 125 126 128 129 131 132 133 135 136 138 139 140 142 143
6 123 124 126 136 139 141
1 141
15 123 124 126 127 129 130 134 135 136 137 138 139 140 141 142
8 120 123 124 134 136 140 141 143
3 127 134 138
4 120 121 132 133
2 137 142
17 120 121 122 124 126 128 129 130 132 133 135 136 137 138 140 142 143
11 120 121 122 123 126 127 129 130 133 140 141
14 123 124 126 128 130 131 135 136 137 138 139 140 141 142
3 121 130 142
5 126 127 130 132 136
5 120 123 124 126 132
5 123 124 132 139 140
3 130 132 136
7 122 129 131 136 137 138 139
6 121 123 136 137 141 142
2 120 125
5 120 126 131 135 136
2 129 130
2 125 140
5 124 129 132 139 140
1 134
2 121 138
4 121 132 133 143
6 120 126 132 135 142 143
3 135 136 140
5 122 125 131 136 138
6 123 128 129 133 140 142
4 120 125 130 141
4 122 128 130 142
3 124 138 141
4 126 134 135 136
4 123 128 136 137
8 125 129 132 134 135 136 137 140
5 120 132 133 137 139
10 120 125 129 131 132 134 135 136 142 143
2 135 140
8 120 123 124 130 133 134 138 139
3 125 140 143
4 120 131 133 136
5 125 127 132 137 141
4 123 133 135 137
7 121 124 129 130 132 136 140
6 123 128 129 134 140 142
3 121 140 143
4 123 125 128 129
4 131 133 137 142
3 125 130 143
3 129 134 135
3 122 136 143
6 124 126 128 134 139 140
2 133 143
11 121 122 123 124 126 128 131 133 136 142 143
5 124 128 131 137 142
7 121 123 124 127 131 137 142
6 122 131 132 135 138 142
7 120 125 129 130 133 135 142
5 122 125 129 131 134
3 121 131 138
5 123 128 129 138 142
4 125 133 142 143
2 120 133
7 121 123 124 126 131 139 141
10 125 126 127 128 131 132 133 134 135 138
5 121 122 129 136 140
6 120 126 131 133 135 136
9 122 124 126 127 130 131 133 141 142
7 120 124 131 132 133 139 140
5 120 122 128 130 135
3 136 139 140
6 123 127 128 131 132 137
6 122 125 133 138 139 143
7 120 123 124 130 133 138 143
5 121 133 136 138 140
16 120 121 122 124 125 126 128 129 130 132 133 135 137 139 140 143
7 125 127 132 134 138 139 140
4 123 128 138 142
2 140 143
3 123 131 135
6 122 125 129 134 138 139
5 124 129 132 135 138
5 120 121 128 137 138
6 120 121 123 136 137 140
12 121 125 129 131 132 134 135 136 137 140 142 143
5 123 126 129 136 139
8 120 123 126 128 132 133 135 141
3 127 137 141
9 123 124 127 135 136 137 138 139 141
5 125 138 139 140 141
3 123 125 142
4 120 122 135 142
5 123 124 129 134 135
13 120 121 122 123 125 126 129 130 132 135 140 142 143
5 120 125 133 135 142
3 121 124 138
10 121 122 124 130 133 135 136 137 142 143
12 120 121 124 125 127 128 129 130 131 133 141 142
2 121 125
7 126 127 132 137 138 139 142
2 120 129
2 120 138
4 125 129 134 138
7 121 125 130 133 135 136 142
6 124 128 131 137 138 142
6 124 130 131 132 136 140
7 120 122 125 129 132 133 139
6 120 126 128 131 135 136
3 122 136 143
1 129
4 120 125 132 133
3 122 130 135
6 123 127 128 129 133 140
4 131 133 136 138
7 120 122 125 129 133 139 143
4 125 137 141 142
8 124 126 131 132 136 138 141 143
3 129 138 142
8 123 124 127 128 131 132 137 140
13 125 126 127 128 129 130 136 137 138 139 140 141 142
9 120 123 128 130 131 133 135 137 143
3 121 124 140
4 122 128 136 137
4 123 127 132 136
3 132 134 135
4 128 136 137 140
9 120 122 123 126 132 133 135 140 143
3 132 137 142
12 120 121 122 126 130 131 133 135 136 137 142 143
2 128 137
9 122 123 128 131 133 135 136 137 142
4 123 129 139 141
7 121 124 130 131 137 141 142
3 135 136 140
6 121 124 125 127 139 140
4 125 131 136 138
12 120 121 122 125 126 128 129 132 133 135 136 139
8 123 124 126 133 134 138 139 143
14 120 122 125 126 127 129 130 132 133 134 135 136 141 143
11 120 121 123 124 126 132 136 138 139 141 143
4 120 121 127 137
4 125 130 131 138
3 121 134 139
5 121 122 129 135 136
6 125 129 134 138 139 141
2 121 143
7 120 123 126 128 135 141 143
4 126 127 141 143
4 128 137 138 142
7 120 121 125 130 133 136 142
6 126 127 132 134 139 140
3 121 124 143
2 120 133
4 127 134 135 140
10 121 126 127 128 130 131 135 138 139 142
7 122 130 131 132 135 139 140
7 120 123 124 125 133 134 140
5 121 129 132 133 140
5 120 125 129 133 136
7 126 127 128 130 138 139 141
5 122 125 133 135 140
9 120 122 123 127 128 134 141 142 143
3 120 121 143
7 126 127 128 130 138 139 141
3 121 126 134
6 121 124 127 128 134 140
3 128 136 137
7 123 124 126 130 131 136 141
9 120 123 124 127 128 131 137 139 143
14 120 122 123 125 126 127 129 130 132 133 134 136 140 141
3 127 132 143
6 120 126 128 135 141 143
4 125 129 138 142
3 121 133 143
15 122 123 124 125 126 127 128 131 134 135 136 137 139 141 142
3 122 128 136
2 120 137
2 125 140
1 134
2 129 141
5 121 122 123 141 142
2 125 140
8 120 122 126 128 131 135 138 143
2 126 141
4 121 131 138 141
5 122 132 133 138 143
7 121 122 129 130 131 134 138
6 121 124 129 131 136 138
8 120 123 126 130 133 134 138 139
5 126 128 138 139 141
3 126 134 143
2 120 133
2 134 141
3 120 126 127
5 132 134 135 138 140
6 124 127 128 132 137 140
6 120 121 122 129 136 137
3 132 134 135
1 120
7 120 121 129 139 140 141 142
9 121 124 125 130 133 134 136 139 140
2 127 134
9 120 121 123 129 136 139 140 141 142
4 122 135 139 141
8 124 125 129 131 132 134 140 143
5 123 126 129 131 141
5 120 137 139 140 141
4 120 125 129 130
4 126 132 135 139
1 130
5 123 127 134 140 142
5 123 131 133 137 142
4 126 132 135 139
4 121 130 131 143
1 129
2 122 137
4 126 132 135 141
4 131 133 137 142
4 134 135 136 140
5 120 122 128 130 135
11 123 124 125 129 131 134 135 136 137 140 142
6 124 128 131 137 138 142
2 120 143
8 120 121 122 123 139 140 141 142
2 134 141
11 121 123 126 128 131 133 135 136 137 142 143
3 131 137 138
2 125 140
7 121 123 124 130 133 134 139
7 129 131 132 135 137 139 142
4 135 137 139 140
16 122 124 125 126 127 128 129 130 134 135 136 137 139 140 141 142
10 120 121 123 124 125 128 129 133 137 141
8 120 121 124 130 133 135 139 140
2 134 141
2 122 136
5 121 129 130 131 132
7 123 124 129 130 136 139 141
3 130 138 143
7 121 125 130 133 135 136 142
3 121 125 143
4 126 131 134 142
7 121 124 126 127 128 132 139
4 128 137 138 142
3 122 136 143
2 120 143
6 125 129 130 133 135 136
3 122 128 136
2 130 140
13 122 125 126 127 129 130 132 133 134 135 139 141 142
10 121 122 123 126 127 129 134 136 137 141
12 120 121 122 124 127 128 132 133 137 141 142 143
9 120 122 124 128 129 134 136 137 141
13 122 124 127 131 132 134 135 136 137 138 140 141 143
9 121 123 130 132 133 137 139 140 143
8 120 123 130 131 133 134 139 143
7 121 126 128 130 135 136 139
8 120 129 136 139 140 141 142 143
13 122 124 126 128 129 131 133 135 136 139 141 142 143
9 121 123 127 131 132 134 135 136 143
8 120 121 122 125 126 131 137 139
8 126 129 130 135 137 139 141 142
11 122 124 125 127 129 130 138 139 140 141 143
8 121 123 124 129 138 139 140 141
8 127 130 131 132 136 137 140 143
9 122 123 124 128 130 132 138 140 142
9 124 126 127 129 130 131 140 141 143
9 120 122 123 124 127 128 135 137 140
13 120 122 123 124 126 127 130 133 137 138 139 141 142
14 121 122 126 128 129 130 131 135 136 137 138 139 140 143
10 125 128 129 131 132 133 136 139 141 143
7 121 123 124 128 135 137 142
12 121 123 124 125 130 131 134 137 138 141 142 143
8 120 124 125 130 132 133 137 141
14 120 121 124 125 126 129 132 134 135 136 138 141 142 143
15 121 124 125 127 128 129 130 131 132 136 137 138 140 142 143
8 121 122 127 133 134 137 141 142
10 120 126 127 129 130 134 135 140 141 143
11 122 123 124 125 127 130 131 134 135 138 143
10 122 124 125 127 130 131 133 134 135 139
15 121 122 123 126 127 128 129 131 132 133 134 135 139 140 142
8 120 123 124 126 130 132 134 139
10 125 128 129 131 133 135 136 139 140 142
13 120 121 122 124 127 129 130 133 135 138 139 141 142
15 120 123 124 125 127 128 129 131 133 134 136 137 138 139 143
8 123 126 127 128 135 139 140 143
14 122 124 126 128 129 130 131 133 134 136 138 141 142 143
7 123 124 125 127 128 133 142
8 122 125 126 130 131 134 142 143
8 122 123 125 126 132 133 135 141
8 122 124 125 129 131 132 135 136
12 122 123 124 125 131 133 135 137 139 140 141 143
16 120 121 122 123 124 128 131 132 134 135 136 137 138 139 141 142
16 120 121 122 124 126 127 131 132 133 135 138 139 140 141 142 143
10 120 121 122 124 125 127 135 137 139 142
7 123 126 127 129 135 138 139
11 120 122 123 125 128 131 132 133 138 139 140
8 120 123 127 128 131 136 138 142
15 121 124 125 126 127 128 129 131 133 134 136 137 138 139 143
10 120 121 124 125 126 127 131 132 138 143
7 122 131 135 139 140 142 143
12 123 124 126 131 134 135 136 137 138 139 140 141
14 120 125 126 127 128 129 130 131 132 134 135 138 142 143
10 121 125 126 131 133 134 138 140 141 143
15 120 122 123 124 125 127 128 129 130 131 136 138 139 140 143
13 120 121 122 123 126 127 128 130 131 134 136 138 139
11 122 128 129 130 132 133 134 135 138 139 142
10 126 127 130 132 133 136 137 140 141 143
16 122 123 124 126 127 128 129 133 135 136 138 139 140 141 142 143
15 120 123 124 125 126 127 128 129 131 133 134 135 136 140 143
15 120 121 123 124 125 130 132 133 135 136 137 138 141 142 143
9 124 126 128 130 136 137 138 141 143
7 122 127 128 131 137 140 143
16 120 121 123 124 128 130 131 132 133 135 136 137 138 139 141 143
13 120 126 128 129 132 133 134 135 136 138 139 140 141
12 121 124 125 128 129 130 132 133 137 138 141 143
7 120 126 132 133 136 138 140
14 121 124 125 127 129 130 131 132 135 136 139 140 142 143
12 120 121 126 128 130 131 132 134 135 136 139 142
8 125 127 129 130 132 133 138 139
7 127 131 132 136 138 141 142
14 120 121 122 125 127 130 132 134 135 136 137 138 141 142
14 122 123 124 125 127 128 131 132 133 137 138 139 140 142
9 120 126 127 132 133 134 136 138 139
7 125 132 135 136 137 142 143
11 121 123 126 127 128 130 131 132 135 142 143
12 120 125 126 127 128 130 131 132 134 136 137 143
14 121 122 124 127 128 131 132 133 134 135 136 138 139 143
10 121 126 127 132 133 134 135 136 139 140
10 120 125 131 133 134 135 136 137 141 142
8 124 125 128 130 133 134 140 141
9 120 125 128 129 132 135 139 142 143
10 122 124 125 130 131 136 138 139 142 143
14 120 121 122 124 127 128 129 130 131 132 133 134 135 141
13 120 121 122 125 126 127 129 131 134 136 138 141 143
7 122 124 128 135 141 142 143
13 121 123 127 128 129 133 134 136 137 138 139 140 142
14 120 121 124 125 126 128 130 131 132 137 138 139 142 143
16 121 122 124 127 128 129 130 131 133 135 137 139 140 141 142 143
14 120 121 122 124 126 127 130 132 133 135 136 137 138 143
14 120 121 122 127 128 129 130 133 134 135 136 138 139 140
10 120 123 126 131 132 133 135 139 141 142
15 120 122 124 130 131 133 134 135 136 137 139 140 141 142 143
12 121 125 127 128 129 130 131 132 134 137 138 142
7 123 135 136 137 138 139 143
12 120 121 124 127 131 133 134 137 138 140 142 143
10 120 121 122 123 125 128 129 130 133 140
12 120 124 125 126 128 130 133 135 137 138 140 143
11 120 122 123 124 128 129 134 137 138 139 140
8 120 122 126 129 131 136 138 142
7 127 130 131 133 136 137 142
10 121 123 124 126 127 132 135 138 141 142
7 121 127 130 132 133 134 142
8 120 122 124 127 130 135 137 139
16 120 121 122 123 124 125 128 130 132 133 136 137 138 139 142 143
13 121 126 128 129 131 134 137 138 139 140 141 142 143
11 120 121 123 124 126 129 130 132 134 137 141
8 126 128 129 130 132 135 136 141
16 120 121 122 123 127 128 129 130 134 135 136 139 140 141 142 143
13 120 122 123 124 126 127 128 129 130 132 137 139 143
8 128 129 130 131 136 137 138 140
13 120 121 124 125 126 127 131 132 133 136 138 139 141
9 121 122 124 128 129 133 141 142 143
10 121 123 124 129 134 135 136 140 141 142
13 121 125 126 127 128 131 133 134 136 139 140 141 143
11 124 125 126 130 131 133 135 136 138 139 142
9 121 123 124 126 127 130 131 132 142
14 120 121 123 124 126 127 132 133 134 136 138 140 142 143
8 120 121 125 127 128 129 131 137
7 120 121 122 127 131 141 143
7 127 132 134 137 138 139 142
11 122 124 125 128 130 132 133 136 137 141 143
14 121 124 125 127 128 129 130 133 135 137 138 141 142 143
14 120 121 122 124 126 129 130 134 135 136 138 140 141 142
8 128 130 131 133 138 139 140 141
8 123 124 125 131 132 133 134 142
12 123 124 125 126 128 129 131 132 134 135 138 140
14 120 124 125 127 128 129 130 133 134 137 138 140 141 142
14 120 121 122 124 126 127 128 129 130 132 135 136 137 141
8 120 122 126 129 130 133 136 142
15 121 122 123 124 125 126 127 128 129 134 136 137 138 140 141
14 120 121 124 125 128 129 130 133 135 137 138 141 142 143
13 121 123 124 125 127 128 133 134 135 136 137 138 139
14 120 121 122 123 124 129 132 133 134 135 136 137 139 142
15 120 122 125 126 128 129 131 132 133 137 138 139 140 141 143
11 122 124 125 128 130 132 134 135 138 141 143
10 120 124 126 127 131 133 136 139 142 143
10 120 123 124 130 134 136 138 140 142 143
13 121 126 129 131 132 134 135 136 137 138 139 140 141
10 124 125 126 127 130 134 136 139 140 143
12 120 121 124 125 128 129 132 133 136 137 139 143
14 121 123 125 126 127 128 130 134 136 137 138 139 142 143
7 123 124 125 135 136 139 143
8 120 121 122 124 129 132 139 143
9 120 122 124 126 127 128 129 132 143
15 121 123 124 125 126 127 128 131 133 134 135 138 139 142 143
10 120 123 125 128 131 133 134 139 141 143
9 121 124 127 128 130 131 132 138 142
8 122 126 130 132 133 134 135 138
14 122 125 130 131 132 135 136 137 138 139 140 141 142 143
8 120 121 124 133 137 139 140 143
16 120 121 122 123 124 126 127 128 129 130 132 135 136 138 140 143
14 120 122 126 127 129 131 132 133 134 135 136 138 139 143
7 120 132 136 137 140 141 143
7 120 121 122 124 130 132 139
13 121 122 124 125 126 127 129 130 131 134 135 136 141
8 124 125 127 133 135 137 141 143
13 120 123 126 129 131 132 133 134 138 139 140 142 143
16 120 121 122 125 126 127 128 129 131 132 136 137 139 141 142 143
15 121 122 124 127 128 130 131 132 133 134 135 136 138 139 142
13 121 124 125 127 129 131 132 133 134 136 139 140 142
10 122 123 124 127 128 130 133 135 137 143
15 120 121 122 125 126 130 132 133 134 135 136 137 138 140 143
15 120 121 122 123 124 125 127 128 129 130 131 133 135 140 141
14 120 121 122 124 125 131 132 133 136 137 138 139 141 142
12 120 123 125 126 130 131 134 135 138 141 142 143
10 124 125 128 129 132 133 135 138 140 143
14 120 124 125 127 128 129 130 133 136 139 140 141 142 143
10 121 123 125 126 128 135 140 141 142 143
13 123 125 126 127 130 131 132 135 136 138 141 142 143
15 123 126 128 129 130 132 133 134 137 138 139 140 141 142 143
16 120 123 124 125 126 127 128 129 131 134 135 138 139 140 141 142
11 120 121 122 127 131 133 134 139 140 142 143
10 121 124 125 128 131 133 135 138 140 141
15 123 124 126 127 129 130 132 133 134 135 137 138 141 142 143
10 120 123 129 132 133 134 135 140 141 142
14 120 121 122 126 127 128 130 131 133 136 137 138 140 143
13 120 122 124 127 129 132 133 134 135 137 140 141 143
15 120 121 123 124 128 129 133 134 136 137 138 139 141 142 143
11 120 125 127 129 133 136 137 139 140 142 143
16 120 121 122 124 125 126 128 129 131 132 133 137 139 140 141 143
14 120 122 123 125 127 128 130 132 133 134 135 136 138 139
13 120 121 122 127 131 132 133 134 135 138 141 142 143
9 121 122 124 125 129 132 136 139 141
8 121 124 125 132 137 140 141 142
8 123 127 128 131 134 136 139 143
16 121 123 124 125 126 128 130 132 133 134 135 137 139 140 141 142
7 120 121 131 132 137 138 141
7 121 128 130 134 138 142 143
16 121 122 123 124 125 127 128 129 130 131 137 139 140 141 142 143
8 125 126 127 132 134 135 140 143
14 120 121 124 125 126 128 130 131 132 133 134 137 138 140
16 120 121 122 124 125 126 127 128 129 131 132 134 140 141 142 143
13 121 122 124 126 128 130 131 132 133 134 138 140 141
14 120 123 125 126 127 130 131 132 133 134 135 137 142 143
13 120 121 124 127 128 129 130 132 136 138 140 141 142
16 120 121 122 123 124 125 126 128 130 132 133 134 135 139 140 143
13 120 121 122 123 124 127 129 130 133 134 135 139 140
10 122 125 127 128 132 134 135 137 139 142
15 120 121 125 126 127 128 129 131 132 133 136 138 140 141 142
11 120 121 122 129 131 132 134 135 137 140 141
15 121 124 125 126 127 128 130 131 132 134 136 140 141 142 143
7 120 122 128 135 137 141 143
12 121 122 124 127 131 134 135 136 139 140 141 143
9 123 126 129 132 133 135 136 140 141
10 121 123 124 125 129 131 135 136 139 140
8 120 122 123 125 128 134 135 136
10 124 128 130 133 134 137 138 139 142 143
12 120 121 122 123 124 128 129 132 137 139 141 142
16 120 123 125 126 127 129 130 131 132 134 135 137 139 141 142 143
16 121 122 123 124 126 128 129 131 134 135 136 137 139 140 141 143
10 123 125 128 130 131 133 139 140 142 143
14 120 121 122 124 126 128 129 134 136 137 140 141 142 143
7 121 124 125 128 129 130 140
15 121 122 125 126 127 130 131 132 133 134 136 137 138 139 141
9 120 122 123 128 135 136 138 140 143
13 120 121 122 123 124 125 126 130 131 133 134 139 143
13 124 125 126 127 128 129 130 133 135 136 138 139 142
12 122 123 125 127 131 132 134 135 136 137 139 143
15 120 121 122 125 126 127 128 130 132 133 138 139 140 141 143
13 121 122 124 125 126 127 130 131 134 135 138 139 141
10 120 126 132 134 136 137 139 140 141 143
9 120 125 126 132 136 138 139 140 141
13 120 121 124 126 127 129 131 132 137 139 140 141 142
13 120 121 122 124 125 131 134 135 137 138 140 141 143
10 120 121 124 125 132 133 134 135 141 142
13 120 122 123 124 128 130 131 135 136 139 141 142 143
12 123 124 127 128 130 134 135 137 139 141 142 143
15 120 121 122 123 124 125 126 132 133 134 136 137 138 141 143
10 120 123 125 126 127 128 131 138 141 142
9 122 129 130 131 133 139 140 141 142
12 120 123 124 126 127 133 135 137 139 141 142 143
11 120 121 122 123 127 129 132 136 140 141 142
16 120 121 124 125 126 128 129 130 131 132 133 135 136 137 140 143
16 121 122 123 124 125 130 132 134 135 136 137 138 140 141 142 143
8 121 124 127 133 135 137 139 140
13 120 121 122 123 124 125 129 130 131 132 133 141 142
9 120 122 123 124 126 128 132 137 141
16 120 122 123 124 126 127 128 130 131 132 134 138 139 140 142 143
8 120 122 123 124 128 132 135 136
16 121 123 125 126 128 129 130 131 134 136 137 138 139 141 142 143
13 120 123 124 127 129 130 131 133 134 135 138 141 142
12 121 122 125 127 128 129 130 133 134 136 137 142
14 122 125 126 127 128 129 130 132 133 135 136 137 138 140
10 122 127 132 133 134 136 139 141 142 143
15 120 121 122 124 125 126 128 129 130 132 135 136 137 138 141
9 120 123 124 126 128 135 138 139 142
12 120 123 124 126 127 128 129 130 134 139 141 143
13 121 124 127 128 129 130 132 133 136 137 138 139 143
13 120 121 123 124 125 126 129 134 135 136 139 140 143
13 124 127 128 129 131 132 133 134 135 136 137 138 140
10 121 125 131 133 134 136 137 138 139 143
15 120 121 124 127 129 130 133 135 136 137 138 139 140 142 143
10 124 125 126 131 132 134 139 140 141 143
12 122 125 127 129 131 134 137 138 139 140 141 142
10 122 130 132 133 136 137 139 140 141 142
16 120 121 122 124 125 126 127 128 130 135 137 138 139 140 141 142
13 122 125 126 127 129 130 133 134 136 137 138 139 143
15 120 122 124 126 127 128 131 132 133 137 139 140 141 142 143
16 121 122 123 124 128 129 133 135 136 137 138 139 140 141 142 143
7 128 129 132 138 140 141 143
8 120 129 131 132 135 138 140 142
9 146 152 156 160 164 173 174 175 183
15 150 154 155 159 161 163 164 165 166 168 170 173 175 176 183
13 145 148 151 155 158 171 172 174 175 177 182 183 186
17 148 149 150 151 153 154 157 158 160 162 163 167 170 174 178 180 186
13 145 149 154 157 165 169 171 173 174 175 179 180 185
10 146 149 153 154 155 158 162 165 167 182
8 147 149 152 155 160 173 176 183
10 145 150 151 154 156 160 161 168 181 185
4 144 146 161 166
22 144 146 147 148 152 154 156 158 160 161 162 163 166 167 168 170 172 174 176 178 182 186
8 151 152 154 155 161 166 172 177
7 161 162 165 167 169 182 185
13 147 150 153 155 160 167 170 171 172 178 179 180 181
10 147 153 157 166 169 176 178 179 182 186
18 144 145 146 149 150 151 156 160 162 163 166 170 172 175 176 178 180 185
28 146 147 148 150 151 155 157 158 159 162 163 164 165 166 167 168 170 171 172 173 174 176 177 179 183 184 185 186
22 144 145 153 157 159 160 164 165 166 167 168 169 170 171 173 174 175 180 181 182 185 186
21 145 149 150 151 153 155 157 159 164 165 169 171 173 175 177 179 180 181 183 184 185
26 144 145 146 147 152 155 156 159 161 164 165 166 168 169 171 172 173 175 176 177 179 181 182 183 184 185
33 144 146 147 148 149 152 153 155 157 158 159 162 163 164 165 166 167 169 170 171 172 173 174 175 176 177 178 179 180 182 183 184 186
10 144 145 150 155 160 161 163 167 176 185
6 148 166 169 171 172 184
18 144 145 147 148 149 153 159 165 166 168 171 174 176 178 179 182 185 186
26 145 146 147 149 150 152 153 155 156 157 159 162 165 166 167 169 171 172 174 175 176 179 181 182 183 186
10 153 155 157 169 173 174 179 182 183 186
12 147 152 158 159 162 166 167 169 176 180 182 186
12 147 150 151 152 160 163 168 170 172 176 178 184
19 147 148 150 151 154 155 156 159 160 167 168 170 171 174 175 176 178 179 185
14 148 153 155 156 158 159 162 164 167 177 181 182 183 186
27 144 146 147 148 149 151 152 153 154 156 160 161 162 165 166 167 169 170 171 172 174 176 177 179 181 184 185
25 144 145 146 147 148 149 150 153 156 157 158 159 162 163 164 165 168 170 171 173 174 176 181 183 184
12 145 148 149 152 153 158 172 174 177 181 185 186
19 146 151 154 156 157 158 160 161 162 163 164 167 169 170 172 173 175 180 184
14 146 150 151 152 156 157 161 166 172 173 175 182 183 186
8 147 149 150 156 165 172 174 180
10 153 154 155 162 164 165 174 176 184 185
16 144 146 147 151 156 157 160 162 167 169 171 178 179 180 182 184
30 144 145 146 148 149 151 152 154 156 157 158 159 161 162 163 164 165 166 168 169 173 174 175 176 177 182 183 184 185 186
5 158 161 164 167 184
3 158 169 179
7 159 163 173 176 180 181 185
23 144 145 146 148 149 153 154 157 158 161 162 165 166 167 168 169 171 173 175 178 180 183 184
17 144 145 148 150 153 154 162 163 165 166 170 171 172 174 177 181 186
10 147 148 152 154 159 165 168 171 177 181
17 144 148 151 154 158 160 161 163 164 168 170 173 177 178 180 184 185
15 145 147 152 156 157 159 161 169 170 171 173 174 176 184 186
12 144 145 153 158 161 164 172 177 181 182 184 186
16 144 145 147 148 149 159 160 163 167 168 170 171 177 178 180 181
13 144 147 150 152 157 162 164 166 167 168 169 170 184
10 160 167 169 175 178 179 180 182 185 186
25 144 145 147 149 151 153 156 157 158 161 163 164 165 169 170 171 173 175 178 179 182 183 184 185 186
12 146 149 152 157 162 163 165 166 169 173 180 183
11 148 150 151 160 164 166 168 178 179 180 183
6 150 152 155 177 181 183
6 152 158 169 170 171 183
8 144 149 154 155 166 172 175 183
8 149 151 153 154 156 164 174 175
7 144 163 172 175 177 181 185
14 146 147 149 152 153 156 164 165 175 179 180 181 183 186
18 146 148 150 152 154 155 159 160 162 166 167 168 172 174 176 177 180 181
10 144 145 146 150 168 171 173 178 181 185
20 147 150 151 152 155 156 159 160 163 164 170 172 174 176 177 179 181 182 185 186
21 146 147 148 149 150 151 152 154 155 156 158 161 162 163 172 176 177 178 179 183 184
15 144 145 149 152 153 154 156 160 161 169 175 178 180 181 182
13 148 155 157 160 161 163 165 170 172 177 179 183 184
14 145 146 148 150 153 157 158 160 163 168 170 173 184 186
12 148 151 157 163 168 175 176 178 181 182 185 186
15 149 150 151 155 159 162 165 168 171 172 177 180 181 184 185
16 145 150 155 157 158 159 163 164 168 173 175 178 180 182 183 186
18 146 151 156 157 158 159 161 164 167 168 169 175 178 179 180 182 184 185
9 144 145 148 154 158 161 163 167 170
14 147 151 152 156 159 164 171 174 176 177 178 179 180 181
10 146 149 153 154 156 160 161 165 178 179
17 144 145 146 153 154 155 159 160 161 162 164 166 167 173 177 179 184
13 151 154 157 158 159 162 168 170 173 174 177 178 182
7 149 152 157 163 166 169 180
11 145 148 155 158 171 172 174 175 177 182 183
2 144 166
5 147 149 173 176 183
17 145 153 159 160 164 165 167 169 170 171 173 174 180 181 182 185 186
6 147 159 166 180 182 186
5 144 145 150 176 185
12 145 150 155 157 158 159 168 173 175 178 180 186
6 161 162 167 169 182 185
11 145 148 153 159 166 168 174 176 179 182 186
4 158 161 164 167
11 147 150 153 160 167 170 171 172 178 179 180
13 146 151 156 157 158 159 168 169 175 180 182 184 185
12 146 147 151 156 160 162 167 171 179 180 182 184
7 146 153 154 156 165 178 179
15 144 145 146 155 161 171 173 175 176 177 179 181 182 183 185
5 144 163 172 175 181
10 147 150 153 155 160 167 170 172 178 180
20 145 146 148 150 153 156 157 159 162 163 164 165 168 170 171 173 174 181 183 184
15 147 148 151 157 158 159 162 165 166 168 172 173 177 179 183
8 150 151 160 163 168 172 176 178
8 150 151 160 164 166 168 180 183
8 150 156 157 166 172 182 183 186
10 147 152 159 164 171 176 178 179 180 181
9 150 153 160 167 171 172 179 180 181
3 150 155 177
19 144 155 156 161 164 165 166 168 169 171 172 175 176 177 179 182 183 184 185
7 144 145 154 161 163 167 170
8 154 157 158 159 168 170 177 182
10 144 148 151 154 160 161 163 173 180 185
1 158
1 158
4 173 180 181 185
13 144 145 146 153 154 159 160 164 166 167 177 179 184
4 161 162 167 185
4 152 154 155 166
8 147 150 152 157 162 164 167 169
13 146 148 150 154 155 162 166 167 174 176 177 180 181
12 144 150 156 162 166 170 172 175 176 178 180 185
6 152 159 166 169 176 182
3 144 146 161
2 158 184
11 145 152 153 160 161 169 175 178 180 181 182
12 144 145 146 149 150 151 156 170 172 175 176 178
11 150 154 155 159 161 163 166 168 175 176 183
22 144 146 147 149 151 153 154 156 160 162 165 166 167 169 170 171 172 174 176 177 179 181
8 148 156 158 164 177 181 182 186
5 157 166 169 179 186
8 144 145 158 161 177 181 182 186
4 147 173 176 183
8 153 155 157 169 173 174 179 183
6 149 154 155 172 175 183
7 145 151 160 161 168 181 185
11 145 153 157 160 164 169 170 173 174 175 185
11 146 147 149 150 156 163 172 177 179 183 184
7 154 155 159 163 164 165 170
5 154 156 161 181 185
4 162 165 182 185
6 147 149 152 155 176 183
8 149 153 154 155 162 165 167 182
9 150 152 162 164 166 167 168 169 184
8 153 155 157 169 173 179 182 183
6 159 163 173 176 181 185
14 146 147 151 152 154 155 156 158 161 162 176 178 179 183
7 144 146 168 173 178 181 185
2 146 161
6 155 162 165 174 184 185
8 147 151 152 160 168 176 178 184
8 151 154 160 161 168 177 180 185
13 144 148 152 156 161 162 166 167 171 172 174 177 179
12 148 153 155 156 158 159 162 164 177 181 182 183
6 144 145 160 163 167 185
8 145 150 151 154 156 161 181 185
3 148 171 184
10 146 156 157 158 160 163 164 169 170 175
11 145 153 165 168 171 173 174 180 181 182 185
10 148 149 152 153 158 172 174 177 181 186
12 144 146 147 151 156 157 160 162 171 178 179 182
5 162 167 169 182 185
18 147 149 152 153 155 157 158 162 166 170 171 172 176 177 180 182 183 186
7 147 150 163 168 170 172 178
6 149 154 156 164 174 175
12 145 147 148 153 165 166 171 176 178 179 182 185
5 150 151 160 168 185
8 144 150 155 160 163 167 176 185
9 153 155 156 159 162 167 181 183 186
10 155 157 160 161 163 165 170 177 179 184
5 150 164 166 168 178
11 150 154 155 161 163 164 165 173 175 176 183
10 148 149 152 153 158 174 177 181 185 186
7 144 150 168 171 173 178 185
9 149 151 159 162 168 177 181 184 185
3 161 164 167
9 146 152 162 163 165 166 169 180 183
16 146 151 154 156 157 158 160 161 162 164 167 169 172 173 175 184
21 146 147 148 149 151 152 153 154 160 165 166 167 169 170 171 174 176 177 181 184 185
7 145 155 160 161 167 176 185
9 147 150 153 160 167 170 171 172 179
11 151 155 159 162 165 168 171 177 181 184 185
9 144 145 146 159 160 164 167 173 179
20 144 147 149 151 153 156 157 158 161 163 164 169 170 171 173 175 178 179 182 184
8 156 162 169 171 178 179 180 184
19 145 147 149 150 152 153 156 157 159 162 165 169 171 172 175 181 182 183 186
11 144 145 149 156 166 170 172 175 176 178 185
2 144 161
4 149 152 155 176
10 151 154 157 162 168 170 173 174 177 182
8 160 167 175 178 179 180 185 186
4 152 155 177 183
11 150 159 162 165 168 171 172 177 181 184 185
10 145 147 148 160 163 167 170 171 180 181
9 150 155 159 162 165 171 172 177 181
15 144 153 157 159 160 165 167 169 170 171 174 175 180 182 186
7 147 150 152 163 168 172 176
8 154 155 162 164 165 174 184 185
17 144 147 149 151 156 157 158 161 163 164 165 171 173 175 178 184 186
1 158
3 148 169 184
28 144 146 147 148 149 152 153 155 157 158 159 163 165 166 167 169 170 172 174 175 176 177 178 179 180 182 183 184
13 144 145 147 148 149 159 165 168 171 176 178 179 182
13 146 150 154 155 159 160 162 172 174 176 177 180 181
8 147 152 158 159 167 169 176 182
6 156 160 164 173 174 175
4 152 166 172 177
16 144 146 148 154 158 161 162 163 166 167 172 174 176 178 182 186
22 144 145 146 147 148 149 150 153 156 158 162 163 164 165 170 171 173 174 176 181 183 184
6 147 148 152 154 171 181
7 147 153 157 169 178 179 186
11 149 150 151 162 165 168 171 177 180 184 185
14 146 148 151 155 158 162 163 165 166 171 174 176 184 185
13 147 150 152 156 159 160 163 164 174 179 182 185 186
4 153 154 156 164
3 152 181 183
7 157 166 169 176 178 179 182
16 147 150 151 152 155 159 160 163 164 170 176 177 179 181 182 185
10 153 155 156 158 162 164 167 177 181 182
5 147 155 160 173 176
4 149 156 165 174
3 148 166 169
6 147 152 158 159 162 186
5 147 152 155 160 176
10 146 148 150 153 157 158 160 163 168 186
8 144 145 149 159 170 177 180 181
9 145 148 151 158 171 172 175 182 186
9 146 151 156 158 161 164 168 175 185
9 144 145 147 149 153 176 178 185 186
5 153 169 173 182 186
8 153 155 169 173 174 179 182 186
16 144 146 148 149 153 154 157 161 162 168 169 171 175 180 183 184
6 161 165 167 169 182 185
21 144 146 149 151 152 153 154 155 157 158 159 163 165 166 169 170 174 175 180 182 186
19 144 145 151 154 155 156 166 168 172 174 176 177 180 181 182 183 184 185 186
24 147 148 149 150 151 152 154 155 157 159 160 162 166 167 168 171 173 176 177 178 179 180 182 183
22 147 149 151 154 155 156 158 160 162 163 164 165 169 170 171 172 175 177 180 182 183 184
13 144 150 153 155 158 164 168 169 173 174 175 180 183
15 148 150 153 156 157 158 163 170 173 176 177 180 181 182 185
19 144 146 148 149 151 152 159 160 164 166 170 172 173 175 178 180 181 183 185
13 144 152 156 158 162 163 166 167 169 172 180 183 185
15 146 148 149 150 155 159 160 161 166 172 173 177 181 183 184
28 145 146 147 148 149 150 152 153 154 155 157 159 161 163 164 165 171 172 173 174 175 176 177 178 179 181 182 186
15 146 148 151 156 159 164 166 168 170 174 175 177 178 179 183
26 144 145 146 147 148 149 151 153 155 158 159 161 162 163 166 168 169 176 177 178 179 180 181 182 185 186
27 145 146 149 150 151 152 153 155 156 159 162 163 164 165 167 168 169 170 173 174 175 176 177 178 180 182 185
24 146 151 152 153 154 155 156 157 158 159 160 162 164 165 166 167 168 169 170 172 173 176 180 183
19 144 145 149 150 151 155 156 162 164 166 167 168 171 176 178 179 180 181 182
25 144 145 146 147 148 149 150 155 157 158 162 164 165 166 167 170 171 172 173 177 178 179 180 183 186
19 145 146 147 148 151 153 154 155 157 158 159 162 170 174 175 176 178 180 186
14 144 148 151 153 155 162 163 165 168 169 173 174 179 182
15 149 151 155 156 158 160 161 166 170 171 173 174 175 181 185
24 148 150 152 154 155 157 158 159 161 164 165 166 167 170 172 173 174 176 178 179 180 183 184 186
18 145 146 152 153 154 155 156 159 163 168 169 170 172 173 175 176 177 180
28 144 146 148 153 155 156 157 160 161 162 163 164 166 167 168 169 170 171 173 174 176 180 181 182 183 184 185 186
23 145 146 147 149 151 153 157 158 159 162 163 164 166 169 170 173 174 175 177 178 179 184 186
23 144 145 148 149 150 153 154 156 158 160 163 164 165 168 169 170 173 175 178 179 180 185 186
18 144 147 153 156 160 161 162 164 167 169 171 172 174 175 178 180 181 184
23 147 150 151 155 158 159 160 164 165 166 167 168 170 171 172 173 175 178 179 182 183 184 186
27 144 145 146 148 149 150 152 154 159 160 163 164 165 168 170 171 172 173 174 175 176 177 178 179 180 182 184
26 146 147 148 150 152 154 155 158 160 162 163 164 165 166 167 168 169 170 172 173 174 175 180 183 185 186
24 144 145 146 147 149 150 153 155 156 157 158 160 161 163 167 170 171 172 173 176 178 184 185 186
18 145 147 149 151 152 159 163 164 170 171 172 173 174 177 178 181 184 185
29 144 145 146 149 150 153 154 155 157 160 161 164 165 166 167 169 170 171 172 173 175 177 178 179 181 182 183 184 186
16 144 145 149 151 153 159 160 161 163 168 173 177 181 182 183 185
14 149 150 152 157 158 159 161 170 172 174 176 180 184 185
26 144 145 147 148 150 151 152 154 155 157 161 163 165 166 167 170 171 172 174 177 178 179 180 182 183 186
19 145 146 148 151 153 154 156 157 158 166 168 169 171 172 179 180 181 183 186
18 144 145 146 151 152 154 160 161 162 168 169 170 171 173 174 176 180 181
13 145 147 148 149 153 155 166 171 174 175 176 177 182
21 144 150 151 152 156 157 158 160 162 163 169 170 172 174 176 177 180 181 182 185 186
20 146 149 150 153 154 157 159 160 163 165 167 169 170 172 173 174 175 177 178 185
29 144 145 146 147 149 150 151 153 154 155 156 159 160 161 163 164 169 170 171 173 175 176 177 178 179 180 181 184 185
27 144 145 146 147 148 149 151 153 154 155 158 159 160 162 165 167 169 172 173 174 175 176 177 178 181 182 186
28 144 146 148 150 151 154 155 156 157 158 160 163 164 165 167 168 169 170 171 172 173 174 175 177 179 182 183 185
24 147 149 150 151 152 157 158 159 162 163 165 166 169 170 172 174 175 176 177 179 182 183 184 185
18 147 148 149 153 154 157 160 161 162 163 164 166 170 171 173 177 178 185
22 147 148 150 151 152 153 155 156 157 158 159 163 165 166 167 170 173 174 176 177 181 183
27 147 148 149 150 152 154 155 156 157 159 160 163 164 167 169 170 171 172 173 175 178 179 181 182 183 185 186
20 144 147 148 151 154 156 158 160 162 165 166 168 169 170 171 179 180 182 183 186
18 146 148 149 150 152 153 156 157 160 165 166 168 169 170 171 178 179 186
22 144 145 146 148 149 154 155 156 157 160 162 164 166 168 170 173 176 177 178 179 182 186
13 148 151 153 154 155 156 160 162 165 170 171 175 185
18 144 146 150 151 154 156 157 158 160 162 164 169 172 178 179 180 183 185
27 145 147 148 150 151 153 154 155 156 157 158 159 160 161 162 166 169 170 172 173 176 177 179 182 183 184 185
23 144 145 147 148 149 152 153 155 156 164 165 166 167 168 169 172 174 175 177 179 180 185 186
14 144 147 148 149 152 158 164 167 172 173 178 179 182 185
29 144 145 146 147 148 150 151 152 154 156 158 159 161 163 165 166 167 168 169 170 171 173 174 176 179 180 183 184 185
13 147 150 152 155 158 163 171 172 175 176 177 179 182
24 144 145 146 147 149 154 155 156 158 159 160 162 163 164 166 167 168 169 175 178 179 183 185 186
17 145 146 148 150 151 152 154 155 159 161 164 169 173 174 177 178 182
28 144 145 147 148 151 154 155 156 157 158 159 160 161 163 165 166 167 168 170 171 172 175 176 179 181 184 185 186
15 145 149 150 155 157 158 165 167 172 173 176 177 178 183 185
15 152 153 155 157 159 161 162 164 166 167 176 177 181 185 186
29 144 146 148 150 151 152 153 154 155 156 157 158 159 162 165 167 168 169 170 171 172 173 175 179 180 181 182 183 184
15 149 150 151 158 162 166 168 169 172 173 175 178 181 185 186
28 144 145 146 147 149 150 151 152 154 155 157 159 160 161 162 164 166 167 169 170 172 173 177 179 181 183 184 186
23 144 145 147 149 152 155 159 160 161 163 164 165 166 168 169 171 173 174 176 179 184 185 186
19 144 148 149 152 153 157 158 159 160 163 164 165 168 169 172 173 178 181 183
25 145 146 147 148 151 152 153 155 156 157 159 160 163 164 168 169 174 175 177 178 179 182 183 184 185
15 144 145 147 148 157 158 160 162 165 168 169 170 180 181 182
14 144 148 149 154 159 162 166 167 169 175 177 178 179 186
17 147 149 151 154 161 168 172 173 174 176 179 181 182 183 184 185 186
20 151 152 153 156 157 158 159 160 161 162 165 168 169 173 174 179 182 183 184 186
29 144 146 149 151 154 155 156 158 159 160 161 162 163 164 165 169 170 171 172 173 175 177 178 180 181 182 183 184 185
28 145 146 147 149 150 151 154 155 156 157 160 166 167 168 169 171 172 173 175 176 177 178 179 180 183 184 185 186
13 144 147 149 162 168 174 176 177 180 183 184 185 186
19 147 148 149 150 151 155 158 161 163 168 171 172 173 174 177 180 181 183 186
28 144 145 147 148 150 151 153 154 156 157 159 160 161 163 165 166 168 170 171 172 173 176 178 179 180 182 183 184
27 144 150 151 153 154 155 157 158 159 161 162 163 166 169 170 171 172 173 174 175 176 177 178 182 184 185 186
13 145 149 153 156 166 169 173 174 175 178 180 183 184
19 149 151 154 155 156 158 161 163 165 166 169 170 171 175 177 178 181 183 184
27 144 145 147 148 152 153 154 156 158 159 161 162 163 164 165 168 169 170 172 173 175 177 178 179 181 184 185
12 147 151 153 156 158 160 161 168 170 173 179 184
18 150 154 156 157 159 160 162 163 169 172 173 174 176 177 178 180 181 184
13 144 145 159 161 166 167 169 175 177 179 180 181 184
17 145 146 153 155 156 157 161 162 163 169 171 172 180 181 184 185 186
15 148 152 154 155 161 162 165 170 173 174 176 178 180 181 182
23 144 145 146 149 151 155 156 159 160 161 164 165 166 169 171 173 175 176 177 180 181 182 185
25 144 146 148 149 150 152 154 156 158 159 160 162 163 165 167 169 170 174 175 176 179 180 182 185 186
16 146 148 150 153 154 157 159 162 165 166 167 168 173 174 175 180
19 144 147 148 149 153 155 157 160 162 165 166 167 168 169 170 172 177 180 186
20 145 146 148 149 150 151 157 158 161 164 165 168 171 172 176 178 179 180 182 184
19 144 148 152 154 155 156 158 159 163 164 169 173 174 176 179 181 184 185 186
15 149 151 153 154 156 160 163 164 166 171 177 178 180 182 184
21 144 145 146 149 151 155 156 159 164 165 166 168 169 170 171 172 177 180 181 182 184
19 145 150 152 153 155 156 161 163 164 168 170 171 172 173 175 177 182 183 186
29 144 145 146 147 148 149 151 152 154 155 156 157 159 161 162 163 165 166 167 169 171 172 173 174 176 178 180 182 183
22 145 146 148 152 153 154 155 156 157 159 163 165 168 169 170 172 173 174 176 180 181 183
21 146 148 155 156 160 162 164 165 166 171 172 173 174 175 176 177 178 179 181 182 186
15 145 148 152 153 155 157 161 163 169 173 175 180 182 185 186
24 147 148 149 152 153 154 155 156 161 163 165 166 168 169 170 171 173 175 176 177 178 180 181 183
24 148 150 152 153 154 156 157 164 166 167 168 169 170 171 172 175 179 180 181 182 183 184 185 186
25 144 145 146 147 148 149 150 151 153 155 156 158 159 160 163 166 168 169 170 171 173 174 180 183 186
15 144 146 150 152 155 159 160 162 164 166 171 175 176 181 186
20 144 146 147 151 152 154 156 159 162 163 164 167 168 173 175 177 178 179 180 184
22 144 145 147 149 155 158 160 161 162 164 166 167 168 169 170 171 172 173 174 175 177 179
22 144 145 146 147 148 149 153 154 155 157 158 162 164 171 172 173 176 177 180 182 183 186
29 144 145 146 147 148 149 150 151 152 154 157 158 159 160 161 163 165 172 173 174 175 176 177 179 181 182 183 184 186
23 144 145 149 151 154 156 157 158 159 160 161 163 165 166 167 169 170 171 177 178 179 182 184
19 144 146 149 151 154 155 156 159 162 166 170 172 174 176 181 182 183 185 186
15 144 145 147 148 152 157 162 163 165 166 176 179 183 185 186
29 145 146 147 148 149 153 155 156 158 160 162 163 164 165 166 167 168 170 171 173 174 177 179 180 181 183 184 185 186
23 144 145 147 148 149 150 152 154 156 159 160 161 165 167 168 170 171 173 177 180 181 182 185
24 144 147 148 150 152 153 155 157 159 160 163 165 167 169 171 173 174 175 176 178 179 180 181 186
23 144 145 146 147 148 150 151 154 155 157 161 163 164 165 169 170 172 178 180 182 183 185 186
21 148 150 152 156 157 159 164 165 167 168 170 171 172 173 177 179 181 182 183 185 186
19 144 148 150 151 154 155 162 167 169 171 172 173 177 178 180 181 182 183 184
22 145 149 151 154 155 156 157 158 161 163 164 166 168 170 172 174 175 178 179 184 185 186
17 146 147 148 150 151 154 156 157 158 160 161 165 167 169 170 174 179
29 144 145 146 150 151 153 155 156 157 161 164 166 167 169 170 171 172 173 174 175 177 178 179 180 181 182 184 185 186
29 145 146 148 150 151 152 153 155 156 157 158 161 162 163 164 166 167 168 169 171 172 173 175 176 178 179 181 182 183
20 145 148 149 154 158 162 165 166 167 169 170 171 173 177 178 179 180 181 182 183
13 144 146 149 151 156 159 164 167 170 172 173 178 180
20 145 148 149 150 151 153 154 156 158 160 162 170 171 174 177 179 180 183 184 186
13 144 147 154 161 163 165 168 170 172 175 181 182 186
19 147 150 151 152 157 159 160 165 166 170 172 173 176 177 180 181 183 184 186
12 144 147 149 150 151 153 175 176 180 181 184 186
21 145 148 149 151 152 153 157 159 160 165 167 168 169 173 175 177 179 181 182 183 186
16 145 147 148 152 154 159 160 161 167 169 171 172 174 176 181 182
14 145 146 148 149 154 155 156 157 161 172 174 177 179 181
26 147 148 150 152 153 154 155 160 161 163 164 165 166 167 168 171 172 173 174 175 176 177 181 183 184 185
15 148 151 154 155 156 159 160 161 167 172 174 179 180 184 186
23 147 149 151 153 154 157 158 161 164 165 167 169 171 172 173 174 175 176 177 181 182 184 185
22 146 147 149 152 154 156 159 166 168 169 170 171 172 173 174 175 176 178 179 180 181 184
26 145 147 148 149 153 155 156 157 158 160 162 163 165 166 167 169 170 171 173 175 176 177 178 180 183 186
21 144 145 146 148 150 152 154 155 157 158 163 166 167 168 169 170 174 176 177 183 184
24 144 145 147 150 152 154 155 158 160 163 166 168 170 172 173 177 178 179 180 181 182 183 185 186
20 144 145 146 147 150 152 153 156 157 158 159 163 167 170 171 172 173 174 175 183
27 144 145 146 147 148 151 153 155 156 157 159 160 161 162 164 167 169 170 174 175 176 177 178 181 182 184 185
16 145 147 151 154 155 160 161 162 167 168 170 172 176 180 182 185
13 146 147 149 152 165 169 170 173 174 176 178 180 184
16 146 149 158 159 162 163 169 175 176 177 178 179 182 183 184 186
24 145 146 147 148 149 150 152 153 154 155 157 162 163 164 167 169 175 177 180 181 182 183 185 186
23 144 145 146 148 151 152 155 157 159 160 162 163 164 165 167 169 170 171 172 175 176 179 182
21 144 145 146 149 151 152 153 154 155 157 158 160 161 162 164 165 174 175 176 180 182
27 144 146 147 148 152 153 154 156 160 161 162 163 164 165 168 169 170 171 172 173 174 175 176 178 179 182 183
17 145 149 154 155 159 160 161 162 164 165 166 167 168 171 183 184 185
16 145 151 154 156 157 158 161 163 164 169 171 172 173 174 176 185
19 144 149 157 161 162 163 164 165 168 169 170 172 173 176 178 179 180 183 184
15 144 145 147 148 153 155 156 157 165 171 175 179 181 184 186
29 144 145 146 147 148 150 151 152 154 158 160 162 164 165 166 169 170 171 172 173 175 176 178 179 180 181 183 184 186
16 144 145 150 151 161 162 164 165 169 170 171 174 176 177 184 186
