168 1292
30 1 2 3 4 5 6 7 8 9 10 11 12 13 14 15 16 17 18 19 20 21 22 23 24 25 26 27 28 29 30
10 6 8 9 11 15 18 19 22 25 29
17 1 2 4 8 9 10 12 15 16 17 18 22 23 25 28 29 30
17 2 3 5 7 10 11 12 13 14 15 18 19 21 22 24 26 28
14 6 9 11 13 14 15 18 21 23 24 26 27 28 29
15 1 2 4 5 6 7 9 12 13 22 23 24 26 27 30
20 1 2 3 4 5 6 7 11 13 15 16 17 18 19 20 23 24 25 26 28
12 1 9 11 12 14 17 21 22 25 27 28 29
20 1 2 3 6 7 9 11 12 14 16 17 19 21 22 23 24 26 28 29 30
14 6 9 12 15 17 18 19 20 22 24 25 26 29 30
11 1 4 6 7 8 9 12 13 14 15 29
9 3 6 10 11 14 18 20 22 26
11 8 10 11 15 19 20 22 23 24 26 28
23 1 2 4 5 6 7 9 11 12 13 15 17 19 21 22 23 24 25 26 27 28 29 30
15 2 3 6 9 10 11 16 17 19 20 22 24 27 28 29
14 1 2 5 6 7 10 14 15 17 21 23 27 28 29
14 2 3 5 6 9 10 15 17 19 25 26 28 29 30
23 1 3 4 5 7 8 9 10 11 12 13 15 16 18 21 22 23 24 25 26 27 29 30
18 1 2 3 4 5 6 7 10 11 12 13 17 21 22 23 25 26 30
9 9 12 14 17 18 21 22 27 30
17 2 3 4 5 6 9 10 11 12 14 15 16 17 18 25 26 27
14 1 2 4 6 7 12 16 18 22 23 24 26 28 30
18 2 3 4 6 10 12 14 15 16 18 20 22 25 26 27 28 29 30
14 1 2 5 7 9 11 13 15 16 19 20 25 27 28
22 1 3 4 5 6 7 8 10 11 12 13 15 16 17 20 21 23 25 27 28 29 30
12 1 3 5 7 9 14 16 20 22 24 25 26
16 2 3 4 7 9 12 13 15 16 18 22 23 26 28 29 30
21 1 2 5 6 8 10 11 15 16 17 18 20 21 22 23 24 25 26 27 29 30
10 1 6 9 10 16 19 21 22 25 26
19 2 3 4 5 6 8 9 10 11 13 15 16 18 22 23 26 27 28 30
23 1 2 3 4 6 7 8 9 10 11 12 14 15 16 17 18 19 20 21 26 28 29 30
19 1 2 3 4 5 7 8 11 13 15 16 18 19 20 21 24 26 29 30
18 1 2 4 5 9 10 11 14 15 17 18 19 20 22 23 25 29 30
20 3 4 5 6 7 8 10 12 15 16 19 20 21 22 23 26 27 28 29 30
10 2 3 6 7 12 13 18 22 27 30
11 1 2 10 11 14 15 16 18 19 28 29
14 1 2 6 8 12 16 17 20 21 22 25 28 29 30
18 1 2 3 4 5 6 7 9 12 13 14 15 16 18 21 22 25 26
22 1 2 3 4 5 6 7 8 9 11 12 13 16 17 18 20 22 23 24 25 28 29
9 2 3 6 13 15 18 19 23 25
11 3 7 8 9 10 15 17 24 25 27 30
18 1 2 3 4 7 8 9 11 14 16 19 21 23 24 25 26 27 28
23 3 4 5 6 7 8 12 13 14 15 16 17 19 20 21 23 24 25 26 27 28 29 30
9 9 11 13 14 15 16 17 18 30
21 4 7 9 10 11 12 15 16 17 19 20 21 22 23 24 25 26 27 28 29 30
19 1 2 3 5 6 8 10 11 12 13 14 15 16 19 22 23 25 27 29
14 4 7 10 11 14 17 18 19 22 23 24 25 27 30
20 1 2 5 6 8 9 11 12 13 14 16 17 18 19 21 22 23 24 29 30
12 2 4 6 8 9 11 13 17 21 26 29 30
22 1 2 3 4 6 7 8 10 11 12 13 15 16 18 20 22 24 25 26 27 28 29
16 1 4 5 6 12 14 15 17 18 21 22 25 26 27 28 30
22 1 3 4 5 6 7 9 10 11 12 15 17 18 19 20 21 22 23 24 25 28 29
9 3 4 16 17 19 25 26 28 30
11 1 2 3 5 6 9 13 15 16 22 29
21 1 2 3 5 6 7 8 9 10 11 13 15 18 20 21 23 24 25 27 28 30
12 4 5 7 11 12 13 14 16 20 23 26 28
13 1 2 4 5 7 8 11 12 15 16 21 27 28
43 31 32 33 34 35 36 37 38 39 40 41 42 43 44 45 46 47 48 49 50 51 52 53 54 55 56 57 58 59 60 61 62 63 64 65 66 67 68 69 70 71 72 73
32 31 32 33 34 36 37 38 40 41 42 43 44 45 47 49 50 51 52 53 54 55 56 57 61 62 64 65 68 70 71 72 73
23 31 35 37 38 39 40 41 43 44 45 49 52 53 54 56 60 63 64 65 69 70 71 73
32 31 32 33 36 37 38 39 41 42 44 45 46 48 49 50 53 54 55 56 57 58 59 60 61 64 65 67 68 69 70 71 72
18 31 32 34 37 38 39 43 47 49 51 56 58 64 65 68 70 72 73
28 31 33 34 35 36 38 41 42 43 44 45 46 48 51 52 54 55 56 58 59 61 66 67 68 69 70 71 73
25 31 35 36 38 39 40 41 42 43 45 47 48 50 52 53 57 59 60 61 63 64 65 67 72 73
17 32 33 36 37 39 43 44 50 53 55 56 59 60 64 66 69 70
15 36 37 40 42 43 49 50 52 53 54 58 61 65 70 72
21 33 34 38 40 41 43 44 45 46 48 50 56 58 61 62 63 66 68 69 71 73
31 31 33 34 36 37 38 39 41 42 43 44 45 46 47 48 50 51 52 53 54 55 57 58 62 64 66 67 70 71 72 73
30 31 32 34 36 37 40 41 42 43 46 47 49 50 51 52 53 54 56 57 59 60 61 63 65 66 68 70 71 72 73
28 32 33 34 36 37 38 39 40 41 42 43 44 45 48 50 52 53 56 57 58 61 65 66 67 69 71 72 73
21 32 35 37 41 43 44 46 48 50 52 54 57 60 61 63 64 65 66 67 68 69
13 32 38 42 43 44 49 57 58 59 61 62 64 69
21 36 38 39 40 42 44 46 49 51 52 54 57 58 59 60 63 65 66 67 70 71
28 33 34 35 37 38 39 40 41 44 45 46 47 49 50 51 53 55 56 58 59 60 61 64 66 69 70 71 72
16 31 34 35 39 50 52 53 57 61 63 66 67 68 69 72 73
30 33 37 38 40 41 42 43 44 45 46 47 48 49 50 51 53 54 56 57 58 59 60 61 62 66 68 69 70 71 73
25 38 39 40 41 42 44 47 48 49 50 51 53 54 55 58 59 60 62 63 65 66 68 69 71 73
26 31 32 33 34 35 36 37 38 39 41 42 44 47 48 50 52 53 55 56 57 58 59 61 63 66 72
15 34 37 42 43 45 47 48 53 55 56 60 61 65 70 72
17 31 33 36 40 42 45 46 48 52 54 55 56 58 60 63 66 73
32 31 32 34 36 37 38 39 40 42 43 45 46 48 51 52 53 54 55 56 58 59 60 61 62 65 67 68 69 70 71 72 73
14 35 37 38 42 45 48 53 55 60 61 64 66 68 70
17 31 33 35 39 40 41 43 44 45 49 52 53 63 67 68 70 71
21 32 35 36 38 40 43 45 49 50 53 54 55 56 59 61 62 66 67 68 71 72
20 34 37 39 40 44 45 46 48 50 51 53 54 55 56 57 59 60 61 70 71
20 31 32 36 37 42 46 49 52 53 56 59 60 62 64 65 67 69 71 72 73
19 31 32 39 41 43 47 48 49 50 52 53 55 58 60 61 62 63 64 67
21 34 35 38 39 41 42 45 46 50 54 55 56 58 60 62 63 64 67 68 70 71
13 32 33 37 42 44 46 48 51 56 59 63 69 73
24 32 33 34 36 37 38 41 42 43 44 45 47 48 49 52 54 55 56 57 61 66 70 72 73
30 31 32 33 34 36 37 38 39 42 43 45 47 48 49 50 52 53 54 56 57 59 60 61 63 64 65 68 70 71 72
14 33 36 37 44 45 50 51 52 53 59 60 61 63 72
7 83 87 88 94 95 99 101
5 86 87 92 95 99
10 76 78 80 81 87 89 94 96 97 101
11 74 76 77 79 80 81 85 86 89 94 100
7 74 75 79 81 83 87 93
5 83 89 91 92 95
19 74 75 76 77 78 81 82 83 85 86 88 89 90 91 93 96 99 100 101
17 77 82 83 85 86 87 89 91 92 93 94 95 96 97 99 100 101
19 74 75 77 79 82 83 84 85 86 88 90 91 92 93 95 98 99 100 102
12 74 81 83 84 85 86 88 89 91 93 96 98
12 74 75 76 78 79 80 81 84 88 90 98 102
7 74 76 81 83 91 94 97
8 75 84 85 88 90 96 101 102
10 75 76 78 81 89 91 94 96 97 101
7 78 82 83 89 95 96 97
6 76 83 85 86 89 100
12 78 82 88 90 91 92 97 98 99 100 101 102
10 74 77 78 81 83 85 87 90 91 97
8 87 88 90 93 96 98 99 101
7 84 85 86 89 90 95 98
8 74 80 84 86 92 94 99 101
7 76 78 84 87 88 90 99
7 77 80 84 86 89 94 95
8 74 81 90 91 92 93 97 100
18 75 76 78 81 82 83 84 85 89 90 91 93 94 95 97 98 100 102
12 74 75 79 80 84 85 86 89 93 97 98 100
9 77 78 79 80 82 89 93 98 100
13 75 77 82 84 85 88 93 94 95 96 100 101 102
7 79 80 84 87 92 95 98
23 74 75 77 78 79 80 81 83 84 85 86 88 89 90 91 93 94 95 96 97 99 101 102
6 81 83 85 90 97 101
11 74 77 79 80 86 87 88 92 96 99 101
7 76 82 84 88 95 98 101
18 74 76 77 80 81 82 83 84 85 86 87 88 89 93 94 98 101 102
11 77 78 79 81 83 84 90 93 94 98 102
12 74 80 81 82 86 87 89 92 94 98 99 101
7 75 76 80 88 95 100 101
3 76 80 94
10 75 78 82 83 84 91 92 95 97 102
11 74 82 85 86 87 89 91 92 96 97 99
10 76 77 81 83 87 91 97 98 99 100
16 74 76 78 79 80 81 83 86 87 89 90 91 92 97 98 99
4 80 85 89 102
7 74 77 79 87 95 98 101
15 74 76 80 81 85 86 88 89 90 91 92 93 95 96 97
8 79 85 90 91 93 95 96 100
3 76 85 96
14 75 77 78 79 82 87 90 92 95 97 99 100 101 102
4 78 79 91 96
4 79 82 85 92
9 75 81 82 84 88 90 93 96 102
10 75 77 78 79 83 86 87 94 96 99
9 74 82 84 88 89 91 95 96 99
15 75 76 77 83 84 86 87 88 91 92 93 94 97 98 100
15 74 75 76 79 80 81 82 83 93 94 97 99 100 101 102
7 76 77 79 81 91 93 102
14 75 76 77 78 79 80 86 87 92 93 94 98 100 102
10 75 76 79 80 84 92 95 99 101 102
12 74 75 79 80 84 88 89 90 92 93 95 102
14 75 77 78 79 82 83 84 87 94 98 99 100 101 102
7 78 80 91 92 94 97 99
9 82 86 88 89 93 94 96 98 100
7 77 78 87 88 91 92 96
3 94 97 102
7 75 90 92 95 97 99 100
10 76 77 78 81 82 90 91 92 96 102
15 74 77 80 83 84 86 87 88 90 93 95 98 99 100 102
6 76 82 87 92 98 100
7 78 82 85 86 94 96 101
14 74 78 79 80 81 82 85 89 90 95 96 99 101 102
6 79 80 81 93 97 100
11 74 75 77 82 85 86 94 96 98 101 102
9 75 76 77 78 83 84 88 97 102
7 75 85 87 88 90 98 100
4 76 77 91 102
5 76 78 84 87 99
4 85 90 96 102
2 97 102
8 75 78 82 91 92 95 97 102
7 75 77 78 83 84 97 102
8 80 81 86 87 89 92 98 99
7 78 80 87 94 96 97 101
4 79 84 87 98
4 74 90 93 100
5 77 78 82 98 100
10 78 82 88 90 91 92 97 98 100 102
5 74 75 81 83 93
4 85 86 90 98
9 75 77 84 85 88 93 94 96 101
5 74 79 81 83 87
8 79 80 81 85 86 89 94 100
8 76 82 83 93 94 99 100 102
5 74 77 79 95 98
11 75 76 77 83 88 91 93 94 97 98 100
5 78 82 86 94 96
4 84 95 98 101
8 76 81 83 87 91 97 98 100
6 84 85 86 90 95 98
11 74 83 84 86 87 88 90 93 95 98 99
2 80 89
3 83 85 100
8 75 78 81 89 94 96 97 101
5 87 94 95 99 101
8 74 77 79 88 92 96 99 101
3 83 89 95
3 78 91 96
4 76 82 92 98
8 75 77 79 82 83 94 99 101
3 79 80 93
2 79 96
4 75 90 95 99
8 75 77 83 84 94 99 101 102
12 74 76 80 85 88 90 91 92 93 95 96 97
3 87 92 95
5 74 76 79 80 89
4 76 82 87 92
4 78 85 96 101
5 78 88 91 92 96
3 79 93 100
8 78 82 88 90 91 92 97 102
9 75 76 77 83 92 93 94 97 100
1 96
4 80 84 87 98
8 76 77 81 83 87 98 99 100
6 88 98 99 100 101 102
7 77 78 79 80 82 89 100
9 74 77 80 83 84 86 90 95 102
2 80 94
6 84 85 86 89 97 98
4 82 83 89 96
4 83 85 86 89
7 74 80 84 88 89 92 95
6 76 77 78 81 82 96
5 76 81 87 94 96
5 79 84 87 92 95
5 80 91 94 97 99
3 87 98 100
5 77 78 85 90 91
7 82 88 89 91 95 96 99
9 77 82 85 88 93 94 95 101 102
5 79 80 84 92 98
13 75 76 81 82 83 85 89 90 93 96 99 100 101
9 75 76 78 79 80 81 84 88 90
10 74 78 80 81 82 85 95 96 101 102
3 94 95 99
6 76 77 81 82 92 96
9 75 83 87 88 91 94 97 98 100
5 76 80 88 100 101
7 78 79 81 89 90 99 102
4 85 86 89 100
8 76 77 78 81 82 90 91 102
9 74 75 76 78 80 84 88 98 102
6 81 83 87 91 97 100
10 79 82 83 84 87 94 98 100 101 102
6 78 80 81 87 96 97
16 74 75 77 82 83 84 86 88 90 91 92 93 95 98 100 102
9 75 78 82 83 84 94 98 100 102
4 74 76 81 83
2 94 97
6 82 88 89 95 96 99
8 76 77 78 81 82 90 96 102
2 85 96
5 79 91 93 95 96
9 74 75 82 85 94 96 98 101 102
3 83 88 94
9 74 77 79 80 81 85 86 94 100
4 81 83 85 97
10 75 82 83 86 88 92 95 98 100 102
6 87 88 90 98 99 101
7 80 82 89 90 95 99 102
7 76 86 92 93 94 100 102
4 76 78 87 88
2 79 92
3 75 76 88
8 76 77 79 80 85 89 94 100
7 76 78 80 87 94 96 101
4 88 90 98 101
8 74 76 80 85 89 91 92 96
6 77 78 87 88 92 96
4 83 86 89 100
1 76
4 76 84 88 95
5 81 83 91 94 97
5 75 78 79 86 99
5 78 91 92 94 99
11 74 75 82 83 85 88 90 92 95 98 100
2 82 85
5 74 77 79 87 98
9 74 75 80 88 89 90 92 95 102
3 82 83 97
5 77 81 92 96 102
2 85 102
4 84 90 95 98
1 94
2 97 102
3 86 95 98
8 74 78 79 80 81 85 89 95
11 75 77 78 79 87 92 95 97 99 100 102
10 75 77 78 82 84 87 98 100 101 102
5 74 76 81 91 97
19 75 77 78 79 80 81 83 84 86 88 89 91 93 94 95 97 99 101 102
10 77 84 85 88 93 95 96 100 101 102
4 80 89 94 95
7 74 77 79 81 85 86 100
5 83 88 94 99 101
5 80 84 86 89 95
5 76 92 99 101 102
4 76 84 90 99
6 75 76 78 81 89 96
4 81 83 85 90
13 76 80 81 85 86 88 90 91 92 93 95 96 97
4 77 87 98 101
1 80
8 77 78 81 85 87 90 91 97
12 75 76 78 81 84 85 89 91 95 97 98 102
7 77 78 79 80 89 93 100
2 94 97
7 78 81 91 94 96 97 101
5 79 80 93 97 100
3 76 85 86
4 76 85 89 100
5 91 92 94 97 99
8 78 81 83 84 90 94 98 102
12 75 79 82 84 85 90 91 92 95 98 100 102
5 83 87 88 94 95
3 80 85 89
8 77 78 79 83 84 90 98 102
10 75 77 83 84 88 92 93 94 97 98
4 84 88 96 99
4 88 94 99 101
6 74 79 80 86 89 100
5 76 77 79 91 102
1 85
6 79 91 93 95 96 100
4 83 89 96 97
2 80 94
10 74 76 77 78 85 89 90 91 96 101
6 74 77 94 98 101 102
3 77 87 95
9 74 77 79 80 87 92 96 99 101
9 78 79 81 83 87 89 90 91 99
2 76 96
4 75 90 92 97
11 75 77 78 79 80 86 87 92 93 98 100
5 85 91 95 96 100
5 75 76 95 100 101
5 76 79 81 91 93
13 74 76 77 81 82 83 85 87 89 93 94 98 101
4 77 79 89 100
3 79 93 102
12 75 77 83 84 86 87 88 92 93 94 97 100
6 79 80 84 87 92 95
7 82 86 88 89 93 98 100
13 74 77 79 82 83 84 85 88 90 91 92 99 102
16 74 75 76 77 78 82 83 85 86 88 89 90 91 93 96 101
5 78 81 83 85 91
8 77 79 80 86 87 88 92 99
6 75 80 81 88 90 102
3 79 80 93
14 74 75 77 82 83 84 85 86 88 91 92 93 98 100
6 74 79 87 95 98 101
5 75 85 88 96 101
14 75 77 78 80 81 82 84 86 89 93 95 96 100 101
13 74 79 80 82 84 85 92 93 94 95 96 98 102
11 74 82 85 86 87 88 90 92 93 98 100
18 75 76 78 80 82 83 84 86 87 90 91 92 93 95 98 99 100 102
10 75 76 77 78 84 85 86 93 96 101
15 75 79 81 83 84 85 88 91 93 95 96 98 100 101 102
18 74 75 76 77 78 80 83 84 86 87 88 90 91 92 94 95 97 102
10 78 84 86 88 90 93 94 95 96 98
11 76 79 81 83 84 85 87 89 90 91 94
14 74 76 79 80 82 84 86 87 88 89 90 94 97 102
13 74 76 77 78 82 84 85 90 92 95 99 101 102
9 74 78 81 82 84 85 88 89 102
20 76 77 78 79 80 81 83 86 87 88 89 90 91 93 95 98 99 100 101 102
9 75 82 84 86 88 89 90 91 94
13 75 76 80 83 84 86 87 92 95 96 97 99 101
8 78 79 81 83 92 98 99 102
15 75 77 80 82 83 85 87 88 89 92 93 98 100 101 102
16 74 75 76 78 82 84 85 89 90 91 95 96 97 99 100 101
15 75 76 78 79 80 82 84 88 90 94 95 96 98 100 101
18 74 75 79 81 83 84 86 87 89 92 94 95 96 98 99 100 101 102
11 76 79 80 83 87 88 89 90 93 94 100
10 74 77 80 82 88 91 93 95 98 99
19 74 76 77 79 80 81 82 83 86 88 89 90 91 93 94 95 96 98 99
20 74 75 77 79 80 81 82 84 86 87 88 89 90 93 94 95 96 97 100 101
15 75 76 78 81 82 84 86 87 90 92 94 95 96 98 101
14 75 78 80 86 87 88 89 90 91 94 95 96 98 102
19 76 78 79 81 82 84 85 87 89 90 93 94 95 96 97 99 100 101 102
17 75 78 79 81 82 85 86 87 88 89 90 91 97 98 99 100 102
15 74 77 80 81 87 88 89 90 92 95 96 98 99 100 101
20 74 75 77 79 80 81 84 85 88 89 90 91 92 93 96 97 98 99 101 102
12 74 75 76 79 83 85 86 91 93 94 95 100
12 74 75 83 85 87 90 94 95 96 97 101 102
16 75 77 79 80 81 83 84 87 88 90 93 97 98 99 100 102
10 74 77 82 83 85 86 87 89 95 96
12 78 84 85 86 90 92 93 94 95 96 100 102
20 75 78 79 82 84 86 87 88 90 91 92 93 95 96 97 98 99 100 101 102
16 78 80 82 83 85 86 88 91 92 93 94 95 97 98 99 101
17 74 76 77 79 80 81 82 84 86 89 90 97 98 99 100 101 102
9 74 76 78 80 82 89 90 92 96
16 75 76 77 79 82 84 86 87 90 91 92 94 96 97 99 102
13 78 79 80 85 86 90 93 94 96 97 98 99 101
8 78 80 87 93 94 96 101 102
16 75 77 79 80 82 85 86 87 89 90 92 95 96 97 99 102
12 74 81 82 83 85 87 91 93 97 99 101 102
14 74 75 76 80 83 84 91 92 93 95 96 99 100 101
9 74 77 79 81 86 87 89 91 96
10 79 81 84 89 90 91 98 99 100 101
11 75 83 85 87 88 90 92 95 97 100 101
9 74 75 77 79 85 92 93 94 97
9 78 79 86 88 91 92 99 101 102
12 75 76 80 81 82 83 85 91 95 96 98 99
12 77 79 81 82 84 86 87 89 93 94 97 100
18 74 75 77 78 80 81 82 86 89 91 93 94 95 96 97 98 99 101
11 80 82 88 90 91 92 93 97 98 99 100
8 76 78 81 86 91 100 101 102
15 74 77 81 83 84 88 90 92 93 94 96 97 99 100 101
15 74 75 76 77 78 79 83 84 85 87 91 96 99 100 101
13 74 75 76 77 78 81 87 91 94 95 97 98 102
14 75 78 80 81 84 86 87 91 92 95 98 99 100 102
18 74 75 76 78 79 81 82 84 87 88 89 90 95 97 98 99 101 102
11 74 75 76 77 81 88 92 93 94 95 100
16 74 78 79 80 82 87 88 89 91 92 94 97 98 99 100 102
18 75 77 80 82 83 84 86 88 89 90 91 93 94 96 97 98 100 102
14 74 75 76 80 83 85 87 90 91 95 97 100 101 102
16 74 75 76 79 82 84 85 86 87 89 90 92 94 96 99 102
18 75 78 80 81 83 84 85 87 88 89 92 93 96 97 98 99 100 102
13 75 76 80 82 83 86 88 89 90 95 97 99 102
19 75 76 77 79 80 81 82 84 87 90 91 92 93 96 97 99 100 101 102
14 75 76 80 85 86 87 92 93 94 95 96 97 99 102
12 74 75 78 79 81 84 85 94 95 96 100 102
15 75 76 77 79 81 82 83 85 87 88 93 94 97 98 100
9 74 75 77 78 79 83 86 90 100
12 75 79 80 82 84 85 86 87 89 90 93 98
16 78 79 80 82 83 84 88 89 90 91 92 93 94 95 98 102
17 74 76 77 79 80 81 83 86 87 89 91 92 95 96 97 99 100
17 74 76 78 79 82 83 87 88 89 90 91 93 94 95 96 98 102
10 74 82 83 87 88 92 93 94 101 102
9 74 83 85 88 89 93 94 98 99
17 74 76 77 78 80 82 83 85 86 87 88 89 90 94 97 101 102
11 75 79 81 87 88 90 91 96 97 99 100
17 74 75 80 81 83 84 86 87 88 91 93 96 97 98 100 101 102
16 75 76 78 80 82 84 85 87 89 90 91 92 94 96 99 100
10 74 75 81 82 83 85 89 91 92 97
13 74 75 76 77 83 84 86 89 92 95 96 101 102
11 74 75 82 83 84 86 91 92 93 99 101
12 76 77 78 81 84 86 87 88 90 95 98 100
18 76 77 78 79 81 82 83 84 85 86 87 88 90 92 95 96 100 101
12 75 77 81 85 86 87 90 91 95 98 100 101
12 74 76 79 80 82 83 85 86 93 97 98 101
9 78 81 84 87 91 93 96 97 98
10 74 77 79 81 85 87 88 91 99 101
15 79 80 81 82 83 85 88 89 90 95 96 97 98 101 102
16 74 76 78 80 81 82 83 88 89 90 91 93 95 97 100 102
8 79 83 85 86 92 94 99 101
17 76 77 81 82 84 87 88 91 93 94 95 96 98 99 100 101 102
18 74 75 76 79 81 82 85 86 87 89 92 93 95 96 98 99 100 101
8 74 75 77 78 84 86 95 96
15 76 77 78 79 80 81 82 86 88 90 93 94 97 99 102
18 74 76 77 78 79 83 84 86 87 88 89 90 92 93 96 97 98 102
12 74 75 84 85 87 88 91 93 94 98 99 102
11 74 78 82 83 84 89 92 94 98 99 100
18 74 75 80 81 82 84 85 87 89 90 91 92 93 94 96 98 99 100
19 74 75 76 77 79 80 81 82 84 88 89 90 92 93 94 96 97 98 101
13 74 75 76 78 81 83 84 88 94 96 97 98 101
11 75 77 78 85 86 87 89 94 97 100 101
18 74 75 77 78 80 81 84 87 88 89 90 91 92 95 96 98 100 101
14 74 75 78 81 82 84 87 88 89 90 91 92 95 97
9 74 75 82 89 92 97 98 99 100
13 74 77 78 79 80 81 83 87 91 93 100 101 102
13 74 75 77 80 82 86 92 93 95 96 97 98 102
14 74 75 76 79 89 90 91 93 95 96 97 98 100 101
14 74 75 77 81 82 84 86 88 89 91 93 95 99 101
15 75 76 78 79 80 81 83 88 89 91 92 94 96 98 102
9 76 79 84 86 87 91 92 93 100
18 75 76 79 81 82 83 84 87 88 89 91 92 95 96 97 100 101 102
17 75 77 78 80 81 82 83 84 85 90 92 95 96 97 98 99 102
12 76 78 79 80 86 90 91 92 93 94 96 98
17 74 75 76 77 79 80 81 83 85 88 89 90 92 93 97 98 100
12 74 78 81 82 83 84 86 89 91 95 98 99
16 74 80 82 83 84 85 86 87 89 90 91 92 95 97 99 100
19 74 79 80 81 83 84 85 87 88 89 90 91 92 93 94 95 96 98 101
12 74 75 77 78 82 83 86 89 92 95 96 100
12 74 76 78 79 81 88 90 92 95 96 100 101
13 75 76 78 81 86 87 88 90 92 98 100 101 102
13 74 77 79 82 85 87 91 92 93 95 96 100 101
17 76 78 79 81 82 83 84 86 88 92 94 95 96 97 98 99 100
11 75 76 77 78 81 82 83 88 90 93 100
14 74 75 79 80 85 87 88 90 95 96 97 98 101 102
16 75 76 77 78 81 82 83 85 87 91 92 94 96 100 101 102
13 74 75 76 78 82 83 84 86 88 89 92 95 96
8 75 80 83 84 91 92 93 102
13 76 77 78 81 82 83 86 88 91 95 99 100 102
14 74 75 78 80 81 83 84 85 86 96 97 99 101 102
19 78 80 81 82 85 86 87 88 90 91 92 93 94 95 96 98 99 101 102
15 76 79 80 81 83 84 86 87 88 90 91 94 98 99 100
20 74 77 78 79 80 81 82 83 86 89 90 91 93 94 95 96 98 100 101 102
18 75 79 81 83 84 85 88 89 90 91 92 93 94 95 96 97 99 100
10 78 79 80 85 86 87 90 92 93 97
16 75 76 77 79 81 82 83 85 88 89 92 93 94 97 98 102
15 74 76 77 80 81 84 85 86 91 92 95 98 99 101 102
16 74 75 78 83 86 87 89 90 92 93 95 96 97 98 100 102
14 74 75 78 81 83 85 87 89 90 91 93 95 99 100
13 74 77 78 85 87 88 89 90 92 95 96 100 102
12 74 81 82 84 86 87 88 90 91 92 97 99
16 75 76 77 78 81 82 84 86 87 91 92 93 95 98 100 101
14 74 75 77 81 83 84 85 87 91 93 97 99 101 102
17 76 77 78 79 81 82 85 87 88 89 90 91 96 98 99 101 102
19 74 75 76 78 79 80 82 83 84 88 91 93 94 97 98 99 100 101 102
15 76 78 79 81 84 85 87 88 91 92 93 94 96 98 102
10 74 79 81 84 85 89 90 95 99 101
18 75 77 78 80 82 83 84 85 86 88 89 91 94 95 96 97 98 100
11 76 79 83 88 93 94 96 97 99 101 102
13 75 76 77 78 79 80 83 85 86 87 93 94 97
15 74 75 77 84 86 87 89 90 92 93 95 96 98 99 102
13 74 75 76 78 84 85 88 89 90 96 99 101 102
14 74 77 82 85 87 89 92 93 95 96 97 99 101 102
8 77 78 81 84 88 89 93 100
15 74 75 77 80 84 86 87 90 91 93 97 98 99 100 101
16 74 76 77 81 83 84 87 91 93 94 95 98 99 100 101 102
11 76 78 79 83 85 89 90 91 93 96 100
13 75 77 79 82 85 86 88 90 95 98 99 101 102
14 79 81 84 86 89 90 91 93 95 96 97 98 100 102
18 74 76 79 80 81 84 86 89 90 91 92 93 94 95 97 99 101 102
11 80 82 84 86 87 88 91 92 97 101 102
20 75 76 78 79 80 82 84 85 86 87 88 89 90 91 92 93 98 99 100 101
18 74 76 79 80 81 85 86 87 88 89 90 91 94 95 96 98 101 102
14 75 76 77 80 81 83 86 88 90 91 93 97 100 102
17 77 78 79 80 82 85 88 89 90 92 94 95 96 97 99 100 101
17 74 77 78 79 80 85 86 87 88 89 90 92 94 97 99 100 102
9 74 77 79 80 82 86 91 93 96
16 75 77 80 81 82 83 86 89 92 94 95 96 97 100 101 102
9 77 79 88 89 92 93 97 100 102
12 74 78 80 81 82 84 85 87 94 96 97 99
15 75 76 77 80 82 84 85 86 88 89 90 91 93 96 100
17 77 78 80 82 83 84 85 86 88 89 90 92 95 98 99 101 102
16 74 75 80 84 85 86 87 88 89 90 93 94 95 96 100 101
12 78 84 86 87 88 90 93 95 97 99 100 101
15 75 77 78 79 82 84 85 86 90 91 95 97 98 100 101
20 74 75 76 78 79 80 81 82 85 86 90 91 93 94 95 96 99 100 101 102
16 74 77 78 79 80 82 83 85 87 89 93 94 95 96 97 102
18 74 75 77 79 82 84 85 86 87 89 90 91 92 95 96 97 99 100
17 74 78 79 80 81 82 83 86 87 89 93 96 97 98 99 100 101
15 74 76 78 79 81 85 88 89 91 92 93 95 97 98 101
12 76 77 79 82 84 89 90 94 95 96 99 100
9 75 77 81 82 83 85 92 96 100
16 77 78 79 80 82 83 85 89 90 91 93 94 97 98 100 102
19 74 75 76 77 80 81 82 84 85 86 88 89 90 92 94 99 100 101 102
15 75 77 78 79 80 81 82 84 85 87 88 90 97 99 102
20 108 110 117 119 120 122 124 127 129 130 131 137 142 145 147 152 153 161 162 163
11 122 131 134 141 142 146 151 153 155 166 168
18 106 110 111 112 114 118 127 132 133 134 139 142 144 149 153 155 159 164
14 104 105 110 116 121 127 129 130 132 134 140 142 146 159
30 105 106 108 110 111 113 114 116 118 119 122 123 126 131 134 135 138 139 142 145 148 149 151 152 154 157 159 162 163 168
7 103 112 131 136 142 143 165
39 105 106 107 108 109 110 112 115 118 119 121 123 125 126 128 129 131 132 135 137 138 140 141 144 146 148 149 150 151 152 155 157 160 161 162 163 164 166 167
13 103 104 107 108 109 113 114 135 137 140 152 156 161
18 105 112 113 121 134 135 136 140 141 143 146 149 151 154 158 159 164 167
13 105 109 110 113 123 131 132 136 138 141 150 156 168
15 110 111 116 117 118 124 125 126 131 139 145 146 162 165 166
16 104 106 111 116 123 125 128 129 137 144 147 149 150 151 163 166
16 104 105 107 108 116 124 128 134 138 145 146 148 149 152 159 160
18 103 104 113 117 118 119 120 122 127 134 143 153 155 156 160 161 162 167
20 103 114 116 123 125 129 131 135 140 142 143 147 148 155 158 159 160 163 164 168
28 103 104 106 112 114 115 117 118 119 120 122 126 127 129 137 139 142 143 147 148 149 151 152 153 159 164 165 166
27 103 104 111 113 114 116 117 120 122 124 127 130 133 134 136 139 142 143 145 147 153 154 156 158 159 165 168
19 109 113 114 116 117 120 125 131 132 133 135 136 144 146 147 149 152 158 165
22 106 107 110 115 121 124 125 126 128 131 132 135 137 139 145 147 149 150 151 157 158 159
13 105 106 121 122 123 134 136 143 144 148 149 151 153
14 107 113 118 124 126 131 136 138 139 145 153 158 161 168
33 103 105 106 107 108 109 110 111 112 113 114 116 119 124 126 127 128 129 132 135 136 138 139 144 145 147 149 150 151 155 161 162 167
28 103 104 105 110 112 115 117 122 123 124 128 129 130 133 134 138 141 143 145 146 147 148 151 152 155 161 164 165
14 106 118 120 121 127 131 138 139 143 144 150 154 164 168
31 105 107 108 110 112 113 116 117 120 123 125 127 129 130 132 134 137 139 144 145 148 150 152 155 157 159 160 163 165 167 168
23 112 113 116 117 123 124 125 126 130 132 136 137 141 142 145 149 151 155 158 159 163 166 167
11 107 111 116 121 130 133 135 140 155 158 160
23 103 105 107 113 115 116 120 122 124 126 131 135 138 140 145 152 157 158 160 161 162 163 168
14 115 116 122 127 130 131 138 143 149 150 156 160 162 164
16 115 117 119 120 121 126 127 140 144 146 148 152 153 156 160 161
12 104 108 109 117 123 125 136 143 146 147 148 150
17 105 108 123 129 136 138 140 141 142 144 146 152 154 163 164 166 168
15 104 115 118 121 123 127 128 132 133 136 140 145 150 158 159
22 104 107 109 110 111 120 122 124 128 130 137 141 144 145 146 149 152 153 156 157 161 162
18 109 114 118 120 122 125 127 132 135 137 140 147 151 153 154 157 161 162
7 106 135 136 138 149 154 159
27 103 104 110 113 119 121 122 123 125 131 132 133 134 137 139 141 146 148 149 150 151 160 163 164 165 167 168
32 103 108 109 112 113 114 118 119 122 124 125 126 128 131 133 135 137 139 141 143 145 148 150 151 154 158 161 163 165 166 167 168
19 107 110 113 114 118 124 125 128 129 130 133 138 139 143 147 154 158 164 167
24 105 106 108 112 113 115 117 118 119 121 126 127 132 133 134 136 138 139 150 151 154 165 166 167
23 104 106 112 119 121 124 126 130 131 133 136 143 147 148 155 157 158 160 161 163 164 165 168
15 108 115 118 120 126 127 128 136 140 142 143 144 147 155 157
13 106 118 123 129 136 144 145 146 147 148 151 159 163
22 107 111 114 117 122 123 124 126 131 133 134 137 139 141 145 147 151 156 157 160 165 166
21 105 108 110 115 117 120 121 122 127 130 135 140 141 142 143 154 155 159 160 164 165
15 103 109 112 114 119 132 133 134 146 148 152 156 157 162 167
12 103 105 108 110 122 128 133 140 146 147 153 156
14 104 106 114 115 117 125 134 136 137 140 152 153 156 157
36 103 104 107 109 112 115 117 120 121 124 125 127 128 129 130 132 133 136 137 140 141 143 144 146 147 150 153 155 156 158 160 161 164 165 166 167
16 105 106 108 110 113 117 119 123 125 129 135 140 154 161 166 168
43 103 105 107 108 109 110 111 113 114 115 116 117 118 120 122 123 125 127 128 129 132 134 135 137 138 139 140 141 142 144 145 146 149 150 151 152 153 154 156 159 162 166 167
47 103 104 105 106 107 108 110 111 112 115 118 119 121 122 123 124 126 127 128 129 130 134 137 138 139 140 141 142 143 145 148 150 151 153 154 155 156 157 159 160 161 162 163 164 166 167 168
33 104 115 117 118 120 121 122 123 125 130 131 133 134 137 140 141 142 143 146 148 152 153 154 156 157 158 159 160 163 164 165 166 168
24 105 106 107 109 111 112 114 116 117 124 129 130 135 138 145 152 153 154 156 158 159 161 162 166
13 107 110 111 114 117 125 126 137 138 144 147 157 164
25 106 110 111 113 115 117 119 121 123 126 129 130 133 139 141 144 150 155 156 158 163 164 166 167 168
7 107 112 123 124 159 162 168
33 103 107 108 110 111 112 114 115 116 117 119 120 122 124 126 128 132 133 134 135 139 141 143 152 154 155 156 158 160 162 164 165 168
17 104 107 109 111 114 115 119 129 134 135 148 152 157 160 161 162 165
25 112 115 119 120 127 128 129 130 132 133 138 141 142 147 150 154 155 157 158 159 160 163 164 167 168
9 104 122 132 137 141 150 157 159 162
14 108 124 125 128 134 144 145 146 154 157 161 162 163 167
17 108 111 118 122 128 129 130 132 145 146 150 154 158 163 164 165 166
20 106 107 111 115 117 120 123 136 138 144 147 149 152 153 155 156 157 160 162 164
13 119 121 128 129 130 137 141 151 154 156 165 166 167
38 103 106 107 109 112 113 114 115 116 120 124 126 127 128 129 130 132 133 135 137 138 139 141 143 144 146 149 150 151 152 153 156 159 160 162 163 166 168
20 104 105 108 110 112 113 115 119 125 128 129 130 140 143 150 152 155 163 164 168
17 103 109 116 118 120 121 127 132 142 144 146 148 153 158 161 162 167
9 109 111 112 114 116 130 133 148 165
36 103 104 107 109 111 112 114 118 120 121 124 126 128 132 133 134 136 137 139 141 142 144 145 146 147 148 151 152 153 155 157 158 159 163 165 167
18 103 106 109 111 124 126 128 135 138 140 142 143 146 151 154 158 161 166
20 104 105 109 113 121 125 127 130 131 137 138 140 142 149 150 153 157 161 166 167
28 103 105 109 110 113 116 119 120 121 126 127 131 133 135 138 139 141 142 143 144 147 148 149 151 155 160 161 167
17 104 114 115 118 119 121 122 131 133 136 141 147 149 153 156 162 164
28 103 104 106 107 109 111 114 115 116 118 123 125 126 128 132 133 138 139 144 148 150 155 156 157 160 165 166 168
38 106 107 108 109 111 113 114 116 118 119 120 121 125 126 127 131 132 135 136 137 139 140 142 144 149 150 153 154 156 157 158 159 160 162 163 166 167 168
27 103 105 106 108 109 112 113 116 119 120 124 129 130 135 139 143 148 149 152 154 156 160 161 162 163 165 167
28 104 105 108 110 111 117 118 119 121 122 123 125 131 134 136 140 142 145 147 148 154 155 157 158 161 164 165 167
22 103 105 106 108 109 111 112 116 123 131 134 135 136 142 145 149 151 155 163 165 166 168
13 119 120 122 127 129 131 137 145 147 152 153 161 162
28 103 104 107 109 112 114 118 120 121 124 126 128 132 134 136 139 141 142 145 146 147 148 151 152 155 159 165 167
9 103 105 108 122 128 133 140 146 156
8 124 126 131 136 138 145 158 168
12 103 109 116 120 121 127 132 142 144 146 153 158
16 110 111 113 115 117 119 123 126 129 133 141 150 155 158 164 167
12 108 111 118 122 128 132 145 146 163 164 165 166
12 105 136 138 141 142 144 146 154 163 164 166 168
10 106 118 121 131 138 143 144 150 154 168
6 119 129 130 137 165 167
15 105 110 113 116 117 120 127 129 132 139 148 152 155 159 168
17 103 105 106 108 109 112 116 123 134 135 136 145 151 155 163 165 168
16 106 110 113 119 129 130 133 139 141 144 150 156 158 163 164 167
9 107 110 125 128 130 138 139 158 164
10 113 114 117 120 131 133 136 144 152 158
13 105 109 112 134 135 145 149 151 155 163 165 166 168
20 105 107 110 112 113 116 117 120 127 130 132 139 144 155 157 159 160 163 165 167
16 105 110 115 120 122 127 130 135 141 142 154 155 159 160 164 165
12 104 106 111 123 125 128 129 144 149 151 163 166
18 103 105 108 109 112 113 120 129 135 139 152 154 160 161 162 163 165 167
8 119 122 131 133 136 141 149 156
17 106 108 109 113 116 119 120 130 135 148 149 152 154 156 160 163 165
10 106 111 116 123 125 129 144 147 149 150
10 108 111 118 122 129 145 146 154 163 164
17 105 106 111 113 122 123 126 131 134 135 145 149 151 157 159 163 168
7 109 111 112 114 133 148 165
17 103 104 106 117 118 119 120 127 137 139 142 147 148 151 164 165 166
10 108 125 128 134 144 146 154 161 162 167
37 104 105 106 107 108 110 111 112 119 121 122 124 126 127 129 134 137 138 139 140 142 143 148 150 151 153 154 155 156 159 160 161 162 164 166 167 168
10 108 115 117 121 127 130 140 141 160 164
16 104 122 123 125 131 132 137 146 148 149 160 163 164 165 167 168
9 113 118 131 136 138 139 145 153 168
13 108 120 122 124 127 130 131 137 142 147 153 161 163
8 113 123 131 136 141 150 156 168
13 105 108 123 129 136 138 140 142 144 146 164 166 168
13 110 117 120 122 127 129 130 131 142 145 147 153 162
10 104 108 109 117 123 143 146 147 148 150
16 105 108 110 112 113 115 119 128 129 130 140 152 155 163 164 168
9 118 119 133 141 149 153 156 162 164
28 103 108 109 112 113 114 119 122 124 125 126 128 133 135 137 139 141 143 148 150 151 154 158 161 163 165 166 167
15 108 117 119 124 127 129 130 131 137 145 147 152 153 161 163
26 106 107 112 114 115 116 126 128 129 130 133 135 137 138 139 141 143 144 146 152 153 156 159 160 163 166
29 103 104 107 109 112 114 118 120 126 128 132 134 136 137 139 144 145 146 147 148 151 152 153 155 157 158 159 165 167
11 110 119 120 122 124 129 131 137 145 147 163
14 103 105 107 113 122 124 126 131 135 157 158 161 162 163
17 115 118 121 122 125 131 134 137 148 152 153 154 157 158 159 163 168
13 110 117 119 124 127 129 130 137 142 145 147 161 163
11 111 123 124 126 134 139 141 151 156 157 165
33 103 105 108 110 113 114 115 116 117 118 120 122 125 127 128 129 135 137 138 139 140 141 142 144 145 146 149 150 151 152 156 159 162
13 105 108 123 129 136 138 140 141 142 154 163 164 168
9 107 111 115 119 135 157 160 161 165
15 103 105 106 108 109 120 129 130 139 143 149 152 161 163 165
17 103 110 119 121 125 131 132 133 134 141 148 150 160 163 164 165 168
20 103 107 108 110 111 112 114 115 116 120 124 126 132 134 152 154 160 162 164 168
16 106 109 111 112 116 131 134 135 136 142 145 149 151 155 165 168
11 103 109 116 120 121 132 144 153 158 161 167
29 103 105 106 107 108 109 110 111 112 113 114 124 126 127 128 129 135 136 138 139 144 145 147 149 150 151 155 162 167
12 106 107 121 128 131 135 137 139 145 151 157 159
7 104 117 125 134 136 140 152
9 111 118 122 128 150 158 163 164 166
22 103 109 112 113 114 125 126 128 131 139 141 143 145 148 150 154 158 161 163 165 166 167
14 111 118 122 128 129 130 132 145 146 150 154 158 163 164
18 113 119 121 122 125 133 137 139 141 146 149 150 151 160 163 164 167 168
13 109 114 120 122 125 127 132 135 137 147 151 154 157
21 103 107 108 110 111 112 115 117 122 124 126 128 132 133 135 143 154 155 160 162 164
28 103 104 107 109 112 114 120 121 124 132 133 134 136 137 139 141 144 145 147 148 151 152 153 155 157 163 165 167
17 110 119 120 122 124 127 129 130 131 137 142 145 147 152 153 162 163
11 115 122 127 130 131 138 143 149 150 156 164
13 111 114 122 124 126 133 134 137 139 145 151 156 165
18 103 104 110 119 121 122 123 125 132 134 137 139 146 149 150 160 163 167
11 123 129 136 138 140 142 152 154 163 164 166
13 105 134 135 136 141 143 146 149 151 154 158 164 167
10 103 109 118 121 132 142 144 146 161 162
11 104 108 115 119 129 130 140 150 152 163 168
8 117 120 126 140 144 148 152 156
9 115 118 126 128 136 143 144 147 155
5 106 136 149 154 159
24 103 104 105 110 112 117 122 124 129 130 133 134 138 141 143 145 146 147 151 152 155 161 164 165
7 105 123 134 144 148 149 151
11 103 113 117 119 120 122 143 153 156 161 162
6 104 108 109 143 146 150
25 115 117 118 120 122 123 130 131 133 137 140 141 142 143 148 152 154 156 158 159 163 164 165 166 168
12 106 118 120 121 127 131 138 139 143 144 154 164
10 103 114 116 129 135 142 148 155 159 164
29 107 108 109 111 113 114 116 118 119 120 121 125 127 135 136 137 139 142 144 150 153 154 156 157 160 162 163 166 168
7 118 123 129 136 144 147 159
11 106 107 115 117 120 138 149 152 157 160 162
11 104 117 119 120 122 134 155 156 160 161 162
12 113 121 125 127 130 137 138 149 150 157 161 166
28 103 106 107 109 110 111 112 113 114 116 119 124 127 128 129 135 136 138 139 144 147 149 150 151 155 161 162 167
14 103 105 110 113 120 126 127 138 139 144 147 151 155 161
11 117 118 119 127 134 143 155 156 160 162 167
11 107 110 111 114 117 125 126 137 138 144 157
9 121 128 129 130 137 141 154 166 167
12 114 116 125 135 142 147 148 155 158 159 163 164
13 112 114 118 127 132 133 134 139 142 149 153 155 164
27 103 107 108 111 112 114 115 116 117 119 120 122 124 128 132 133 134 135 139 141 154 155 156 158 160 162 165
16 104 106 112 119 121 124 126 130 131 133 148 157 158 160 163 164
8 107 111 116 121 133 135 140 155
11 115 116 122 127 130 131 149 150 156 160 164
14 104 105 113 121 125 127 130 131 138 142 150 153 157 166
10 110 117 119 120 142 145 147 153 161 162
17 103 116 123 125 129 131 135 140 142 143 147 148 155 158 163 164 168
12 112 113 117 124 130 136 137 141 142 149 158 166
31 103 106 107 109 112 113 114 115 116 120 124 126 127 129 130 132 133 135 137 138 139 143 144 149 150 153 160 162 163 166 168
14 119 124 126 130 131 136 143 148 155 157 158 160 161 165
7 107 111 121 133 140 155 158
16 105 106 108 112 113 115 118 119 121 126 132 134 136 150 165 167
10 103 118 120 132 142 146 148 161 162 167
10 106 118 120 138 139 143 144 150 164 168
12 110 111 112 118 127 133 139 142 144 155 159 164
20 112 113 117 123 124 125 126 130 132 137 141 142 145 149 151 155 158 159 163 167
8 104 110 116 121 132 140 142 159
8 104 108 109 113 135 140 156 161
22 103 106 107 109 111 114 115 118 123 125 126 128 132 133 138 148 150 155 156 157 165 166
19 107 112 115 118 119 121 125 126 128 132 135 137 140 141 144 160 161 163 164
14 103 105 115 116 124 126 131 138 145 152 157 160 162 168
11 113 118 124 131 136 138 139 145 153 158 168
5 104 122 141 157 162
21 103 104 110 113 122 123 125 131 132 133 137 139 141 146 148 149 151 160 165 167 168
5 112 114 116 130 148
10 108 117 120 124 137 142 153 161 162 163
10 118 123 129 136 144 145 148 151 159 163
23 103 104 111 113 114 116 117 120 124 127 130 133 134 136 142 145 147 153 154 158 159 165 168
14 104 105 107 108 116 128 134 145 146 148 149 152 159 160
20 103 104 111 113 117 122 124 127 133 136 139 142 143 145 154 156 158 159 165 168
8 108 110 122 128 133 140 146 153
11 105 108 117 127 130 135 141 142 154 160 165
11 110 115 120 121 127 140 141 142 143 155 160
21 103 108 109 113 114 118 125 126 131 133 135 139 141 143 148 151 163 165 166 167 168
6 109 111 112 116 130 165
29 103 105 106 107 108 109 110 111 112 113 114 116 119 124 126 127 128 129 132 135 138 139 144 145 149 155 161 162 167
11 105 108 110 115 121 127 140 142 143 155 164
17 106 107 110 115 121 124 125 128 132 135 137 139 145 149 150 151 157
11 107 110 118 124 125 128 139 143 147 154 164
14 105 108 119 121 123 125 134 140 148 154 157 161 164 165
8 104 117 123 125 143 146 147 150
7 131 134 141 151 153 155 166
14 108 119 120 122 124 127 129 137 142 145 152 153 162 163
10 119 121 129 137 141 154 156 165 166 167
10 116 122 127 130 138 143 149 150 156 160
32 105 106 107 108 109 110 112 115 123 126 128 129 132 135 137 138 141 144 146 148 149 151 152 155 157 160 161 162 163 164 166 167
18 104 113 119 121 123 125 132 133 137 141 146 148 151 160 163 164 165 168
11 119 121 128 130 137 141 151 154 156 165 167
28 103 108 112 113 114 118 119 122 124 126 128 133 135 137 139 141 143 145 148 150 151 154 158 163 165 166 167 168
28 103 107 109 112 115 117 121 124 125 127 129 130 133 136 137 140 141 143 144 146 147 155 156 158 161 164 165 166
6 137 141 150 157 159 162
8 106 129 136 144 147 148 151 159
24 105 106 108 109 112 118 123 131 132 135 137 141 146 148 149 150 151 152 155 161 162 163 164 166
21 106 110 113 115 117 119 121 123 126 129 130 133 141 144 150 156 158 163 164 166 167
24 103 105 109 110 113 116 119 120 121 126 127 133 138 139 141 142 143 144 148 149 151 155 160 167
16 108 116 119 120 124 129 130 135 139 143 148 156 160 161 163 165
19 106 109 111 113 114 118 120 125 126 127 135 137 153 154 157 158 160 166 168
18 110 113 115 121 126 129 130 139 141 144 150 156 158 163 164 166 167 168
32 103 105 108 109 110 111 113 114 115 116 117 118 120 122 123 127 128 134 137 138 139 140 141 142 144 146 150 154 156 162 166 167
8 107 110 111 125 137 138 157 164
27 103 107 108 110 111 112 114 115 116 117 119 120 126 128 132 135 139 143 152 154 155 156 160 162 164 165 168
9 104 106 123 128 129 147 149 151 163
9 111 118 122 132 145 146 158 163 165
10 111 116 125 129 137 144 147 149 150 151
16 109 118 119 122 125 131 135 141 145 150 151 158 161 163 166 168
4 103 131 143 165
8 103 105 108 110 122 140 146 153
4 106 135 154 159
14 109 113 116 117 120 131 135 144 146 147 149 152 158 165
5 122 131 146 153 168
20 110 111 113 115 117 119 121 123 126 129 130 139 141 150 155 156 164 166 167 168
20 115 119 120 128 129 130 132 138 141 142 150 154 155 158 159 160 163 164 167 168
13 108 111 129 130 132 145 146 150 154 163 164 165 166
8 105 107 116 124 134 145 146 159
14 103 105 113 116 120 124 126 131 135 140 158 162 163 168
7 107 111 117 137 138 144 147
13 105 112 121 136 140 141 146 149 151 154 158 159 167
6 104 122 141 150 157 159
13 107 111 122 124 133 134 141 145 147 151 156 157 160
28 106 107 108 111 113 114 116 119 121 127 131 132 135 136 137 140 142 144 149 150 153 154 158 159 162 166 167 168
18 103 105 108 112 113 116 119 124 129 135 143 148 149 154 160 162 163 167
28 103 105 107 108 109 110 113 115 116 118 120 123 128 134 135 137 140 141 142 144 145 151 152 153 154 156 166 167
12 103 109 112 114 132 133 134 148 152 157 162 167
11 104 118 121 123 127 128 133 140 145 150 159
12 107 113 124 126 131 136 138 145 153 158 161 168
11 107 111 115 129 134 135 148 157 160 161 165
17 105 108 110 115 120 121 122 127 130 135 141 142 143 155 159 164 165
15 105 108 110 115 117 121 122 127 130 140 141 142 154 155 159
28 103 104 107 109 112 115 117 120 121 124 125 127 128 130 132 136 137 140 141 144 147 150 155 156 158 161 164 165
21 103 108 109 113 114 118 119 122 124 125 137 141 143 145 150 154 158 161 165 167 168
11 113 114 117 125 131 133 135 146 147 149 152
10 110 121 127 129 130 132 134 140 142 146
18 104 110 112 115 117 122 123 124 129 134 138 143 146 147 148 151 161 164
11 115 116 127 130 138 143 150 156 160 162 164
12 103 109 116 118 121 127 142 144 146 148 161 167
31 103 105 107 108 109 110 111 113 114 115 116 117 120 122 123 128 132 134 137 138 139 140 141 144 146 150 152 153 154 159 166
8 115 117 120 126 144 153 160 161
25 104 105 106 107 110 112 115 119 124 126 127 130 134 137 139 145 148 150 151 156 157 159 161 163 166
8 126 127 128 136 140 143 144 157
10 108 128 134 144 145 146 154 161 162 163
15 103 105 113 120 126 133 138 142 143 147 148 149 151 160 167
29 105 106 109 110 111 112 114 116 119 124 126 127 128 129 132 135 136 138 139 144 145 147 149 150 151 155 161 162 167
21 105 106 107 109 111 112 114 116 129 135 138 145 152 153 154 156 158 159 161 162 166
9 103 107 108 113 114 135 137 152 156
25 103 107 109 115 120 121 124 125 128 129 130 133 136 140 141 146 147 150 156 158 160 164 165 166 167
19 110 111 113 115 117 119 121 123 126 129 130 133 139 144 150 156 158 164 166
17 106 107 111 112 114 116 124 130 135 138 145 152 153 154 156 158 161
19 111 113 115 117 119 121 123 126 133 139 141 150 155 158 163 164 166 167 168
15 103 104 117 118 119 120 134 143 153 155 156 160 161 162 167
19 107 111 114 117 123 126 131 134 137 139 141 145 147 151 156 157 160 165 166
20 104 107 115 117 120 124 125 127 128 129 133 136 140 143 150 155 156 165 166 167
12 103 106 109 111 124 135 138 140 143 158 161 166
20 104 105 108 110 111 117 118 119 121 123 125 134 136 142 145 154 158 161 164 167
19 112 119 127 128 129 130 132 138 141 142 147 154 155 157 160 163 164 167 168
15 104 105 109 113 121 125 130 138 140 142 149 153 161 166 167
19 103 104 105 115 122 123 124 128 129 130 134 138 143 146 147 148 151 152 164
10 119 128 129 130 141 154 156 165 166 167
21 103 105 109 110 113 119 120 121 127 131 133 135 138 139 143 147 149 151 155 160 161
11 107 108 116 124 128 138 145 146 148 149 152
5 131 136 142 143 165
11 107 113 118 124 126 136 138 145 153 158 161
6 122 141 150 157 159 162
23 107 108 110 112 113 125 129 130 132 134 139 144 145 148 150 152 155 157 159 160 163 167 168
24 103 104 111 113 117 120 122 124 127 130 133 134 136 139 142 143 145 147 153 154 156 159 165 168
8 119 120 140 144 146 148 152 160
13 103 120 121 127 132 144 146 148 153 158 161 162 167
13 113 119 121 123 129 133 139 141 144 150 156 163 164
24 103 104 106 107 108 110 115 119 123 124 126 127 130 137 138 141 142 145 148 151 153 154 161 168
18 103 104 110 112 117 122 124 129 130 133 143 145 146 148 152 155 161 165
19 103 105 106 108 109 113 116 119 120 130 135 148 149 152 154 160 161 162 167
30 103 104 109 112 115 117 121 125 127 128 129 130 132 133 137 140 141 143 144 146 147 150 153 155 156 158 160 161 166 167
15 112 113 121 134 135 136 140 143 146 149 151 154 158 159 167
11 103 105 108 109 112 123 145 151 155 163 168
17 103 114 116 123 125 131 135 140 142 143 147 148 159 160 163 164 168
27 103 104 107 109 115 117 121 125 128 129 130 132 133 136 137 141 143 146 147 150 155 156 160 161 164 165 167
5 123 124 159 162 168
11 104 106 114 115 117 125 136 137 152 156 157
11 110 115 125 126 131 132 135 137 147 151 157
17 113 117 120 124 127 130 133 134 136 139 143 145 147 154 158 159 168
18 106 111 113 115 117 119 121 123 126 129 130 133 139 141 156 164 166 167
10 105 121 134 135 146 151 154 158 159 164
20 112 113 116 123 124 125 126 130 132 136 137 142 145 149 151 155 158 163 166 167
7 115 118 120 140 144 147 157
10 104 106 111 123 125 129 147 149 151 163
15 108 110 117 120 122 124 130 137 145 147 152 153 161 162 163
5 111 114 130 133 165
11 105 106 121 122 123 136 143 144 148 151 153
10 115 116 122 127 131 149 150 160 162 164
11 110 112 114 118 127 132 134 139 142 155 164
31 103 107 109 112 113 114 115 116 126 127 128 129 130 132 133 135 137 138 139 141 143 146 151 152 153 156 159 162 163 166 168
8 106 121 123 143 144 148 149 153
9 104 115 121 123 127 128 132 133 150
33 105 106 107 108 109 110 112 115 118 119 121 123 125 126 129 131 135 137 138 141 144 146 148 149 150 151 152 155 157 162 164 166 167
9 107 110 114 117 125 137 138 147 157
8 108 111 122 128 130 146 150 165
18 104 115 118 121 130 131 133 134 137 141 143 146 148 152 160 163 165 166
11 115 116 127 130 131 138 143 149 156 162 164
20 103 110 113 119 121 122 123 125 131 132 133 137 139 148 149 150 151 164 165 168
8 109 132 134 146 148 156 157 162
29 105 106 107 108 110 112 118 119 125 126 128 129 131 132 135 137 138 140 141 144 146 149 150 151 155 157 160 163 166
7 104 105 110 134 140 142 159
22 119 120 127 128 129 130 132 133 138 141 142 147 150 154 155 157 158 159 160 163 164 168
17 110 117 119 120 122 124 127 129 130 131 137 142 145 152 153 161 163
14 103 105 106 108 113 116 120 124 135 148 149 152 154 163
6 108 123 125 143 147 150
11 105 108 115 125 128 130 143 152 155 163 164
16 117 123 124 125 126 130 132 137 141 142 145 149 151 155 158 163
13 112 120 129 130 138 147 150 159 160 163 164 167 168
10 104 105 113 121 130 131 140 150 166 167
13 106 124 128 135 138 142 143 146 151 154 158 161 166
11 107 110 114 117 125 126 137 144 147 157 164
11 114 125 131 140 142 147 155 158 159 163 164
31 103 104 107 109 112 115 117 120 121 124 125 127 129 132 133 136 137 141 143 144 146 147 153 155 156 158 160 161 165 166 167
20 104 106 112 119 121 124 126 130 131 133 136 143 147 155 157 160 161 164 165 168
11 118 123 129 136 144 145 146 147 148 159 163
7 108 124 128 144 146 157 162
12 107 110 121 125 131 135 137 145 147 149 157 159
10 107 113 118 124 131 136 138 139 153 161
7 122 130 138 149 150 162 164
24 105 107 108 110 112 113 116 117 123 125 134 137 144 145 148 150 152 155 157 159 160 163 167 168
7 104 134 136 137 152 153 156
14 104 106 112 119 130 131 133 148 155 157 158 160 164 168
11 106 110 112 114 118 132 133 139 142 144 155
19 103 108 109 112 113 114 118 122 128 137 141 143 145 151 161 163 165 166 167
8 127 131 138 139 143 144 164 168
12 104 105 110 116 121 129 130 132 134 140 142 159
29 103 106 107 109 114 115 116 124 128 129 132 133 135 139 141 143 144 146 149 150 151 152 153 156 159 162 163 166 168
8 107 111 114 117 126 137 138 157
8 107 109 119 129 135 152 160 165
8 104 107 108 116 128 145 152 160
15 109 113 114 116 117 120 125 131 132 133 136 146 147 149 158
13 112 130 133 136 147 155 157 158 161 163 164 165 168
11 104 117 119 120 127 134 143 153 156 161 162
11 105 112 113 121 134 136 141 151 158 159 164
11 118 123 127 128 132 133 136 145 150 158 159
28 117 118 120 121 122 123 125 130 133 134 137 140 141 142 146 148 152 153 154 156 157 158 159 160 163 164 165 166
23 103 109 112 115 121 125 127 129 130 132 136 137 141 143 144 146 153 155 156 161 164 166 167
22 104 115 117 120 121 122 123 125 131 133 137 141 142 143 152 153 154 156 158 159 160 168
11 107 108 109 113 114 135 137 140 152 156 161
25 103 108 112 113 114 118 122 124 125 126 131 133 135 137 139 141 148 154 158 161 163 165 166 167 168
16 105 116 123 126 131 134 135 145 148 149 152 154 157 159 163 168
24 104 106 107 109 111 114 115 116 118 123 125 126 128 132 133 138 139 144 148 150 157 165 166 168
7 104 110 116 129 132 142 146
14 103 106 109 111 124 126 135 140 142 143 151 154 158 166
15 104 110 113 119 121 122 131 133 134 137 139 141 151 164 167
13 111 114 122 123 124 131 133 134 137 147 151 157 165
20 103 107 111 114 118 121 126 128 132 134 136 139 145 146 147 152 153 159 165 167
9 118 120 121 139 143 150 154 164 168
16 108 119 120 122 127 129 130 137 142 145 147 152 153 161 162 163
26 105 106 108 110 111 113 114 116 118 122 123 126 131 134 135 139 142 148 149 151 152 154 159 162 163 168
29 107 108 109 111 113 118 119 120 125 126 127 131 132 135 137 139 140 144 150 153 154 156 157 158 160 163 166 167 168
11 111 126 128 138 140 142 143 154 158 161 166
6 131 134 141 146 153 168
19 105 107 108 109 110 112 114 116 124 126 128 132 135 136 139 144 145 147 167
8 105 108 133 140 146 147 153 156
19 105 107 108 110 113 120 125 129 134 137 139 144 145 150 152 155 160 163 165
15 106 107 111 114 116 118 123 138 139 144 148 150 156 160 166
9 124 128 135 138 142 143 154 158 166
6 104 108 123 136 143 147
7 129 130 137 151 156 165 167
29 103 107 112 118 126 128 132 133 134 136 137 139 141 142 144 145 146 147 148 151 152 153 155 157 158 159 163 165 167
16 105 109 110 116 126 127 131 133 135 138 139 142 143 144 147 161
13 116 124 125 130 132 137 141 142 149 151 158 163 166
8 105 121 129 132 134 140 142 159
11 105 107 108 116 124 134 145 149 152 159 160
8 109 123 125 136 143 147 148 150
9 108 109 123 125 136 143 146 148 150
6 107 109 113 135 152 156
10 105 110 125 128 129 140 143 150 155 168
6 112 123 124 159 162 168
20 110 113 117 119 121 123 126 129 130 141 144 150 155 156 158 163 164 166 167 168
8 122 131 134 141 146 155 166 168
3 131 142 165
27 106 107 108 111 113 118 119 120 121 125 126 127 131 132 135 136 137 139 140 142 144 149 150 153 157 163 167
28 103 104 105 106 107 111 115 119 123 124 126 128 129 130 137 138 139 141 150 154 155 156 159 163 164 166 167 168
18 105 109 110 116 120 121 126 127 131 133 135 139 143 144 155 160 161 167
21 103 110 116 119 120 121 126 131 133 135 138 139 141 142 144 148 149 155 160 161 167
23 105 107 108 112 113 116 117 120 123 127 132 134 144 145 150 152 155 157 159 160 163 165 168
9 107 109 111 129 148 152 157 160 162
35 103 104 106 108 109 113 114 115 116 117 119 120 121 123 125 126 131 133 136 138 141 143 145 146 147 151 152 153 158 159 160 161 162 163 164
26 109 110 112 113 114 119 120 128 130 132 135 137 142 143 148 149 153 154 156 158 159 161 162 163 164 167
29 103 104 107 110 111 112 115 116 117 121 131 132 135 136 139 142 144 147 149 154 156 158 159 160 162 164 165 166 168
32 103 104 105 107 110 113 116 119 120 121 124 125 127 129 130 131 134 135 136 139 140 141 144 146 149 151 157 160 161 162 166 167
38 103 104 106 107 108 109 110 111 113 114 116 117 118 121 123 124 130 131 132 133 134 136 137 139 140 141 143 144 145 146 149 155 158 159 161 162 167 168
42 103 104 106 107 109 110 112 113 114 116 117 118 119 120 121 122 123 124 126 128 129 130 131 132 134 135 136 137 138 139 140 142 143 147 148 151 153 156 157 160 164 168
44 103 104 105 106 107 108 109 110 111 114 117 118 119 120 121 123 128 129 132 133 134 136 137 139 140 142 143 144 147 148 150 151 153 155 156 157 159 160 161 162 163 165 167 168
40 103 104 106 107 108 109 110 112 115 118 122 123 124 125 126 129 130 132 133 134 135 137 139 140 144 145 146 147 148 149 151 152 154 157 159 161 162 164 167 168
28 103 105 106 107 110 112 113 114 115 121 122 125 127 128 136 138 139 143 144 145 148 152 154 155 156 157 166 167
27 104 107 108 110 112 114 116 117 120 124 125 127 137 138 139 141 142 143 147 150 156 158 159 160 162 163 167
44 104 105 108 111 112 114 115 116 117 120 121 124 125 128 129 130 131 132 134 136 137 139 141 142 143 144 145 147 148 149 150 152 153 154 156 159 160 161 162 163 164 165 166 168
42 103 104 105 106 109 111 112 113 114 116 117 118 120 121 123 124 125 128 129 130 131 133 134 137 139 140 141 144 145 146 147 149 150 153 154 155 156 157 158 160 164 165
38 103 104 105 106 110 111 112 113 115 117 120 126 127 129 130 131 132 133 137 138 139 140 141 142 144 149 150 151 152 153 155 159 160 161 162 164 167 168
28 104 107 110 118 123 126 130 131 135 138 139 140 142 144 146 148 154 155 157 158 159 160 161 162 164 165 166 167
35 103 104 105 108 109 110 111 112 114 116 119 120 122 123 124 125 127 129 130 134 136 139 141 142 151 155 156 157 158 159 160 161 163 165 166
29 103 104 105 108 110 111 112 113 121 124 126 127 128 130 131 137 138 140 141 143 145 146 153 155 158 159 161 165 168
27 108 112 114 116 120 121 122 123 126 128 130 132 136 143 145 147 149 150 151 153 155 156 157 158 161 162 164
28 105 106 109 110 112 115 118 120 122 123 126 129 133 137 139 143 147 148 150 151 153 154 155 159 162 164 165 167
42 104 105 106 107 108 110 111 112 113 114 116 117 118 120 121 122 123 127 128 129 130 132 134 137 138 139 140 141 144 145 148 149 150 152 153 154 155 157 159 160 167 168
40 103 104 105 108 109 110 111 113 114 115 117 118 119 120 121 123 125 126 129 130 132 133 135 136 138 140 141 144 145 150 153 157 158 159 161 162 164 166 167 168
35 103 104 105 106 107 110 117 119 121 122 126 129 132 135 137 139 141 143 144 146 147 148 151 152 153 155 157 158 159 160 161 163 165 166 167
26 104 106 109 112 117 120 122 125 127 129 132 135 136 137 138 140 146 150 151 152 154 157 161 163 167 168
42 103 104 105 107 110 111 113 114 115 117 119 120 121 125 126 127 128 130 131 132 133 135 137 138 140 141 144 145 146 147 149 150 151 152 153 154 155 156 158 159 164 166
35 105 108 110 114 116 117 118 119 121 123 127 128 132 133 135 136 137 138 139 141 144 145 147 148 151 152 154 155 156 157 159 162 164 166 167
44 105 106 107 108 112 113 114 117 118 120 124 125 126 127 128 129 130 131 133 134 135 136 137 139 140 141 142 146 147 149 151 152 154 155 156 158 159 160 161 162 165 166 167 168
37 105 106 107 109 110 111 113 114 116 117 118 122 123 124 125 132 133 135 136 138 143 147 148 149 150 152 153 154 155 156 158 160 161 163 165 167 168
34 103 105 109 110 117 118 119 120 124 125 127 128 130 133 134 135 136 140 141 142 143 144 150 151 152 153 154 157 158 160 161 163 164 168
24 103 111 113 117 119 120 122 125 126 127 128 134 136 140 142 143 145 146 147 148 150 162 167 168
19 103 108 114 117 118 122 123 131 140 141 142 146 147 148 154 160 161 163 165
40 103 104 105 107 110 111 112 114 117 119 122 123 124 125 127 128 129 130 134 136 137 138 139 141 144 147 149 152 153 154 155 157 159 160 162 163 164 165 167 168
30 103 104 105 106 107 111 114 115 117 119 121 122 126 127 131 132 135 147 148 149 151 152 153 156 159 160 161 162 166 168
41 104 106 107 108 109 110 113 114 116 117 119 120 124 125 129 131 132 135 136 137 138 142 143 144 148 150 151 152 153 154 156 157 158 159 160 161 162 163 166 167 168
30 103 104 105 107 110 112 114 115 116 121 124 125 130 133 134 135 138 144 147 148 149 150 151 153 157 160 164 165 166 168
19 105 111 112 113 117 118 123 127 129 137 139 140 150 155 158 159 161 162 164
23 107 109 112 114 115 118 121 125 126 127 128 133 134 136 146 147 148 151 152 157 158 163 168
33 103 104 105 106 108 109 111 112 115 117 118 120 122 123 124 126 130 132 133 139 141 143 144 145 146 152 159 161 162 163 164 166 167
38 103 104 105 107 111 112 114 117 118 119 121 122 123 128 132 133 134 136 137 138 139 140 141 143 145 146 148 149 154 156 158 159 160 161 162 165 166 167
32 103 104 105 106 108 109 110 111 113 114 115 120 122 123 124 126 130 133 134 136 137 138 139 142 144 148 151 153 155 160 167 168
39 104 108 111 114 118 119 120 121 122 123 124 125 126 127 129 130 134 136 138 139 141 142 143 147 148 149 151 153 154 155 156 157 158 159 161 163 165 166 167
24 105 106 111 113 119 120 123 124 125 127 129 136 139 145 147 148 149 152 153 158 159 161 163 168
35 103 107 108 109 110 113 114 115 116 121 123 125 126 129 130 132 135 136 138 139 142 144 146 148 149 150 152 155 156 160 162 163 165 166 168
46 105 106 107 108 109 110 111 112 113 114 115 116 117 119 121 123 124 126 127 129 130 131 132 133 134 136 137 139 141 143 145 146 147 148 150 151 156 158 159 160 162 163 164 165 167 168
34 109 110 111 113 115 116 119 123 125 126 127 132 133 134 135 136 137 140 141 145 146 151 152 153 154 155 157 158 160 161 162 163 164 168
45 103 104 106 107 108 110 111 112 115 116 117 118 122 124 125 128 129 131 133 134 135 136 137 138 140 142 143 144 145 146 147 148 150 152 153 154 156 157 158 160 161 162 163 165 167
36 103 104 106 107 111 112 113 115 117 120 122 123 124 125 128 131 133 134 136 137 138 140 141 143 147 149 154 155 156 157 158 159 161 162 165 167
26 104 105 106 115 116 117 118 119 122 125 127 128 131 134 135 137 138 150 152 154 155 157 160 161 167 168
33 105 106 107 108 109 111 112 113 115 118 119 121 125 127 130 131 132 133 136 139 142 144 145 147 148 149 153 155 156 157 163 164 168
36 104 105 106 109 116 118 120 123 124 126 128 129 131 132 134 135 138 139 141 142 143 144 148 149 152 153 156 158 159 160 161 162 164 165 166 167
26 107 110 116 117 124 125 126 129 133 134 138 141 142 146 150 151 154 155 157 158 159 160 161 163 164 166
38 105 107 108 109 110 112 117 118 119 121 124 125 127 130 132 135 136 137 138 139 141 142 143 144 145 148 149 151 153 154 155 159 160 161 162 165 166 167
33 107 109 110 112 115 117 120 121 123 124 125 126 127 128 129 131 134 135 136 137 139 141 147 148 151 152 153 156 159 161 163 165 166
37 103 104 106 107 110 113 117 118 119 121 122 123 125 126 128 130 131 133 134 135 136 141 142 143 145 146 147 150 151 152 154 160 162 164 165 166 168
39 104 106 108 110 111 112 113 116 119 120 123 125 127 129 131 132 133 134 135 136 138 139 140 142 147 148 150 151 153 154 155 157 159 160 163 164 165 166 167
30 103 104 106 108 110 111 112 114 116 117 120 121 122 126 127 130 134 135 138 143 146 148 149 153 155 156 157 164 166 167
32 105 106 108 109 112 113 114 115 116 120 123 124 126 130 134 135 137 143 145 146 149 150 152 154 155 156 159 161 162 163 165 166
41 103 106 107 108 111 113 115 116 117 120 122 123 124 127 129 130 132 133 134 136 137 138 139 140 143 144 145 146 147 148 155 157 158 159 160 162 163 165 166 167 168
24 110 111 116 118 119 125 126 127 128 129 130 132 138 140 141 145 146 147 148 151 152 155 158 164
39 104 105 106 107 111 113 114 115 117 119 120 121 122 123 125 134 135 139 140 141 142 143 148 149 151 152 153 154 157 158 159 160 161 162 163 164 165 166 167
32 103 109 110 111 112 114 116 117 118 120 121 123 124 125 129 130 132 135 136 137 140 145 150 153 154 155 156 157 160 165 166 168
35 103 106 107 109 110 112 113 114 117 121 122 124 127 129 131 134 136 137 141 142 145 146 148 150 151 152 153 154 159 160 163 164 165 166 168
45 104 105 106 107 108 111 112 115 119 120 121 122 123 125 126 129 131 132 133 134 135 137 139 140 141 142 143 144 145 148 149 150 151 152 155 158 159 160 161 163 164 165 166 167 168
21 110 111 112 115 116 117 120 121 122 125 130 138 139 140 145 148 151 154 156 160 168
38 103 104 105 107 109 111 113 115 116 120 123 125 126 127 128 129 130 133 134 141 143 144 145 149 150 151 153 155 157 158 159 160 162 163 165 166 167 168
25 103 104 106 109 115 116 119 120 121 122 124 126 128 130 132 136 137 139 141 149 152 155 159 160 163
41 103 104 105 106 108 111 112 113 116 117 118 119 125 126 127 129 130 132 133 134 136 137 139 141 142 143 145 147 149 150 151 152 154 156 157 159 161 162 166 167 168
43 105 111 112 113 114 116 117 118 121 122 123 125 126 127 128 131 132 133 134 137 139 140 141 143 145 146 147 148 149 150 152 153 154 155 157 158 160 161 163 164 165 166 168
38 103 107 109 110 111 114 116 118 119 120 122 124 125 126 127 132 133 134 135 136 137 138 141 142 144 145 146 148 149 151 154 155 156 158 159 160 163 168
40 103 104 106 107 108 109 111 112 113 114 117 118 121 124 125 127 130 132 133 134 135 136 137 139 142 143 144 146 147 149 152 153 158 160 161 162 164 165 166 167
36 103 105 106 107 108 112 113 115 116 117 121 122 124 125 126 127 128 129 132 134 138 142 143 144 145 147 148 153 154 157 158 161 162 164 167 168
44 103 104 105 106 107 108 109 113 114 116 117 118 119 120 122 125 126 127 130 131 133 134 136 137 139 140 142 143 145 146 147 148 150 151 153 156 157 158 159 164 165 166 167 168
31 105 106 107 112 114 116 118 120 123 128 129 130 134 136 139 140 141 143 144 145 151 154 155 156 158 159 160 161 162 163 164
44 104 105 106 107 108 109 110 111 112 113 114 115 116 117 118 121 125 128 129 130 131 132 134 135 136 137 139 142 143 145 146 147 148 149 150 151 153 154 155 159 160 165 166 168
25 103 104 105 107 109 110 111 112 115 118 126 127 132 133 139 144 147 148 152 153 154 156 158 161 166
33 104 106 110 114 115 117 118 119 120 122 123 130 131 132 134 136 137 139 143 144 148 150 151 152 153 154 156 158 159 162 163 164 167
26 105 107 108 109 114 118 121 126 127 128 130 133 137 138 140 142 149 150 151 152 153 160 161 163 165 167
21 104 113 115 120 130 131 132 133 137 139 140 141 145 146 151 153 154 157 158 166 167
34 103 108 110 115 119 120 121 122 124 126 127 128 130 131 132 133 134 138 140 141 143 148 149 150 153 156 157 158 161 162 163 165 166 167
27 104 105 108 110 112 113 114 116 117 118 121 125 126 127 129 132 135 139 140 141 147 149 150 160 163 164 167
31 103 108 109 110 111 112 113 114 116 123 125 131 132 135 136 139 140 141 142 146 147 148 151 152 153 160 161 164 165 167 168
31 103 107 108 116 120 122 129 130 131 133 134 138 139 140 142 143 144 146 148 149 150 151 152 153 155 157 160 161 162 164 168
42 104 105 108 110 111 112 113 114 115 116 117 118 120 121 122 123 124 125 126 127 129 131 135 137 139 140 141 143 144 145 146 147 148 149 150 154 158 159 160 161 165 166
40 104 110 111 113 114 115 116 117 119 121 122 123 124 126 128 129 130 132 134 135 136 138 139 141 143 144 145 146 148 149 151 152 153 154 155 156 157 160 161 166
33 104 105 107 111 112 113 114 115 117 119 123 125 126 127 128 129 134 135 136 141 142 148 149 153 155 157 160 161 162 163 165 167 168
33 103 104 107 109 110 111 112 113 114 116 117 118 120 121 124 126 127 129 132 134 136 138 139 142 144 145 151 157 160 162 163 167 168
33 104 106 107 108 111 112 115 116 117 118 119 121 123 126 129 131 133 135 137 142 143 145 146 149 150 153 157 158 160 162 163 165 166
26 105 106 107 109 110 112 113 115 116 123 126 128 129 131 133 140 144 146 147 150 153 154 155 161 164 167
35 103 108 110 111 113 114 115 116 117 118 121 122 127 128 131 133 134 135 139 143 144 147 148 149 150 151 152 156 158 159 160 161 162 165 167
22 104 107 111 112 113 116 117 118 119 122 123 134 144 145 147 148 150 153 154 161 163 164
39 103 104 106 107 110 111 112 115 118 119 120 122 123 125 126 128 129 131 132 134 137 138 139 140 141 146 147 148 150 153 154 159 160 162 163 164 165 167 168
20 107 108 116 119 122 124 126 129 133 135 138 141 147 149 150 154 161 162 163 167
24 104 106 107 109 110 112 115 126 127 128 129 132 133 134 141 144 146 149 152 153 155 160 166 167
40 103 104 106 107 108 110 112 114 115 117 119 121 124 126 127 130 135 136 137 139 144 145 146 147 148 149 151 153 154 155 157 158 159 160 161 162 163 164 167 168
42 103 104 106 108 109 110 111 112 113 115 120 122 123 124 125 128 129 132 133 135 137 138 139 140 141 142 144 145 147 148 150 151 152 154 156 157 159 160 161 164 165 166
36 103 104 106 107 108 109 111 114 115 116 121 122 124 125 126 127 128 129 132 133 134 136 138 139 140 143 144 149 153 154 155 159 161 162 166 167
30 105 107 108 115 116 119 121 122 125 126 129 131 133 134 135 138 140 142 144 147 148 150 154 157 158 161 162 165 167 168
33 104 107 108 110 111 114 118 121 123 125 126 128 129 132 138 139 140 141 146 148 150 154 155 156 157 158 159 160 162 164 165 166 168
42 103 104 106 107 109 111 112 113 114 115 116 121 122 124 126 127 128 130 133 135 136 137 138 139 140 141 142 146 147 149 150 151 152 154 155 157 159 163 164 165 166 168
34 105 106 108 109 115 116 117 120 121 122 123 125 127 129 130 133 134 139 141 146 147 148 149 151 153 155 156 157 158 159 160 162 163 166
39 103 106 108 109 110 111 113 114 115 116 117 119 122 125 126 127 129 132 133 136 138 139 140 141 143 146 147 148 149 151 154 156 159 160 161 164 166 167 168
22 104 107 108 110 113 115 116 128 129 132 134 137 141 144 147 152 153 161 162 164 167 168
28 103 105 106 109 111 113 114 116 117 121 123 126 129 130 132 133 138 144 146 149 156 157 159 160 161 166 167 168
33 103 108 110 111 112 113 114 116 117 118 119 121 126 127 128 130 131 133 134 136 147 148 149 150 151 153 155 157 158 160 163 166 168
27 103 106 109 110 115 117 119 121 122 124 130 131 133 134 137 139 140 147 149 153 154 157 158 160 163 167 168
42 103 105 106 107 110 113 114 115 116 117 118 120 122 123 124 125 126 127 128 130 131 132 134 135 142 143 144 145 148 149 152 153 155 156 157 158 160 162 163 164 165 167
35 104 105 109 110 111 116 117 121 123 124 125 127 128 129 133 134 136 137 138 140 141 142 143 145 146 147 148 151 152 154 159 161 163 164 166
34 104 106 109 110 111 112 113 117 118 120 122 126 127 128 130 131 132 133 135 137 140 144 146 147 148 152 153 156 157 159 162 164 165 167
34 105 107 109 113 114 117 119 120 122 124 125 129 131 132 134 137 138 139 142 143 145 146 147 152 154 155 156 157 159 160 162 163 165 167
28 108 110 113 115 117 127 130 132 133 134 135 136 137 141 142 143 144 146 147 148 151 152 154 157 160 162 164 165
25 103 104 109 115 116 120 127 129 130 131 133 136 141 145 149 150 152 153 155 157 159 160 161 164 165
21 106 109 111 115 120 123 124 134 136 137 138 144 146 148 152 154 157 160 165 166 168
26 103 105 107 109 115 117 119 120 122 126 128 129 133 134 135 136 137 141 146 148 149 151 152 161 162 168
20 105 109 113 115 116 119 120 122 123 126 129 131 136 139 143 144 154 155 166 168
36 103 105 106 107 109 110 112 115 116 121 122 123 125 126 127 129 130 131 132 133 135 137 138 139 142 143 148 150 152 153 154 157 160 162 166 168
27 106 110 117 121 122 127 129 131 132 134 135 136 140 142 144 145 147 148 151 153 155 156 158 160 162 164 167
31 103 104 105 106 107 109 113 115 116 117 118 124 126 129 130 133 134 135 137 139 140 142 143 155 158 160 161 162 163 164 168
31 103 104 105 110 115 116 119 121 122 124 126 127 128 132 133 136 139 140 142 144 145 146 151 154 155 156 157 160 163 167 168
25 103 104 105 107 108 115 122 125 126 128 129 134 141 143 144 145 149 151 154 156 160 162 163 164 165
23 105 107 111 112 116 117 121 127 129 132 134 135 142 143 146 150 152 156 159 160 161 166 167
22 108 110 111 119 124 129 130 131 137 138 139 141 143 145 147 151 154 156 157 163 167 168
39 103 105 107 110 111 112 116 117 118 120 121 124 125 128 129 130 131 132 133 134 135 136 137 138 139 141 142 145 146 149 151 152 156 157 159 162 164 165 166
28 105 112 113 120 126 128 129 130 131 132 133 134 137 139 142 145 146 148 150 152 155 156 157 159 163 164 166 168
23 104 105 106 117 121 126 128 130 133 135 137 141 144 145 149 152 155 156 158 160 163 164 167
42 103 104 105 108 109 110 111 114 115 116 117 118 119 120 121 122 123 124 125 126 127 130 132 133 135 136 137 138 140 141 143 144 145 151 157 158 159 160 162 163 166 168
20 107 109 111 114 116 119 122 126 131 132 133 137 140 142 143 153 155 161 162 168
45 103 104 105 106 107 113 114 115 116 118 120 121 122 123 125 126 127 128 129 130 132 133 134 135 136 137 138 140 141 142 143 144 146 147 148 155 157 159 161 162 163 164 165 166 168
40 106 109 110 111 112 115 116 117 118 123 124 125 127 128 131 132 133 134 135 136 137 140 142 143 146 147 148 149 151 153 155 156 157 159 160 161 162 163 164 166
24 103 108 109 114 116 117 120 121 122 123 124 129 130 133 136 137 141 148 152 160 162 163 164 167
46 103 108 109 110 111 112 113 114 115 116 119 120 121 122 123 124 125 126 127 129 133 135 136 137 138 140 143 144 145 146 147 148 149 150 151 152 153 156 157 159 160 161 162 164 165 166
34 103 105 106 108 109 111 114 115 116 118 119 120 122 123 124 125 127 129 134 136 137 138 139 141 143 147 149 151 155 158 159 163 164 167
37 103 105 108 109 110 112 114 116 118 121 124 125 126 129 130 131 133 135 140 141 146 147 149 150 151 152 153 154 156 157 158 159 161 162 164 165 168
22 106 112 117 121 122 125 126 128 129 133 134 139 141 144 145 149 151 159 160 161 163 166
43 104 105 107 109 110 111 113 114 115 116 117 118 120 121 122 126 127 128 129 130 131 133 136 137 138 140 142 143 145 146 147 148 149 150 151 155 156 157 159 161 165 166 167
32 107 108 111 112 116 121 122 123 125 126 130 131 132 133 134 135 136 138 140 142 144 145 147 148 154 155 156 157 159 161 162 166
43 103 104 106 108 109 110 111 112 113 114 115 117 119 121 123 124 125 126 127 128 129 131 132 134 136 139 140 143 145 146 149 150 152 153 155 156 157 159 160 161 164 166 168
27 103 105 106 109 113 116 117 118 121 125 129 130 131 135 137 139 144 145 151 155 156 157 163 164 165 167 168
34 103 104 106 107 108 110 114 116 117 120 121 122 123 126 127 130 132 133 136 137 138 143 144 147 150 152 153 154 159 160 162 165 166 168
27 107 109 110 114 116 121 123 124 125 126 127 128 129 130 132 133 138 141 146 148 149 152 156 160 164 165 166
21 104 108 112 113 115 118 122 133 135 141 144 147 151 153 155 156 158 159 162 165 168
36 103 106 108 110 111 113 116 117 118 119 120 124 126 129 130 131 134 136 137 139 141 143 145 146 152 153 155 156 158 159 160 162 163 164 165 168
23 103 104 106 107 109 114 121 123 124 127 130 131 134 138 142 145 147 148 155 157 162 163 167
24 103 105 106 107 108 115 116 117 119 125 128 131 132 140 143 144 146 147 148 150 151 154 160 163
36 104 105 106 107 108 110 111 114 118 120 124 126 128 129 130 131 132 133 135 136 137 138 146 147 148 149 152 153 154 155 157 158 159 161 163 164
42 103 105 108 110 112 113 115 117 118 121 122 123 124 125 126 129 131 132 133 134 139 140 141 143 144 145 147 148 149 151 152 154 155 156 157 158 159 161 162 163 166 168
29 104 106 112 113 115 116 117 120 122 123 125 126 128 131 135 138 139 140 143 145 146 147 150 155 159 161 164 165 168
38 103 105 108 112 115 116 118 121 122 123 124 125 126 128 129 130 133 134 135 136 137 138 141 142 143 147 148 149 151 154 155 157 158 160 161 164 165 168
32 106 107 108 111 115 116 117 121 122 123 125 126 127 128 130 131 134 135 140 144 145 151 152 153 157 159 161 162 163 164 165 166
41 103 105 106 112 114 117 118 120 121 122 123 125 126 127 129 130 131 134 135 137 138 141 143 145 146 147 148 151 152 153 155 156 157 158 159 160 162 163 166 167 168
39 103 105 108 109 110 111 113 115 116 117 118 119 120 121 124 125 126 128 129 130 131 132 134 140 141 142 145 152 153 154 157 158 159 161 162 163 166 167 168
42 103 104 106 107 110 111 112 114 115 116 118 119 120 122 123 126 127 129 132 133 135 137 138 142 144 147 148 149 152 153 154 155 156 157 158 160 161 163 164 165 167 168
35 103 104 105 110 112 114 115 116 117 118 121 122 123 129 131 132 135 138 139 140 144 146 147 148 149 151 152 153 155 157 158 162 164 166 167
22 104 111 116 119 122 125 128 130 131 134 136 137 145 146 147 148 152 156 158 159 161 164
22 109 111 113 115 118 123 124 126 131 135 137 141 143 144 148 151 153 157 160 163 165 168
33 104 108 111 112 113 114 116 117 121 128 129 130 131 134 135 136 137 138 139 141 144 145 146 154 155 157 158 159 161 162 163 166 167
28 104 105 110 111 112 115 118 119 120 121 122 126 127 128 133 134 136 137 138 140 141 142 148 150 156 159 161 167
39 103 104 105 107 108 109 110 111 115 116 120 122 125 129 130 131 133 134 135 136 137 138 140 141 142 143 144 145 149 150 151 152 153 155 157 160 166 167 168
42 103 104 105 106 107 108 109 112 113 114 116 117 118 119 120 121 123 124 126 127 128 130 131 132 134 135 138 139 141 142 143 145 147 149 150 154 157 164 165 166 167 168
43 103 104 105 108 109 112 113 117 119 120 121 123 124 125 126 127 128 129 130 131 132 135 136 138 139 143 145 146 147 148 149 150 151 152 153 156 158 159 160 161 162 165 168
25 108 111 116 120 122 123 124 125 128 130 132 133 135 139 142 143 148 154 157 159 160 161 164 165 168
32 104 105 106 107 108 110 111 112 113 115 118 120 121 127 128 130 131 134 135 141 143 144 146 148 151 155 157 158 160 164 165 166
44 103 104 105 109 110 111 113 114 117 119 123 124 125 127 128 129 131 132 133 134 135 136 138 139 141 142 143 144 145 146 151 152 153 154 155 156 157 159 160 161 162 163 165 168
33 103 105 109 114 119 120 122 123 124 129 130 133 134 136 137 138 140 141 144 147 148 149 151 152 153 154 155 157 160 161 163 164 168
21 105 109 110 111 114 116 119 120 124 127 132 133 138 143 156 158 161 164 166 167 168
43 104 105 106 107 108 110 111 112 113 114 115 116 118 120 121 122 123 126 127 128 130 132 135 137 138 139 141 142 143 144 147 148 150 152 154 155 156 159 160 162 164 165 166
24 105 106 111 114 120 122 130 132 136 137 138 140 141 144 145 147 148 149 151 154 155 161 167 168
34 106 107 111 112 116 117 120 122 125 126 127 128 130 131 132 133 134 136 139 140 143 145 147 152 153 154 155 157 159 160 161 163 165 167
39 104 106 110 112 113 114 115 117 118 119 123 124 126 128 129 130 131 133 134 135 136 137 138 141 143 144 145 146 148 150 156 157 159 160 163 164 165 167 168
42 104 105 106 107 108 110 111 113 114 115 116 117 118 120 123 125 126 128 129 131 135 138 139 140 141 143 144 146 148 149 150 152 153 154 155 156 159 161 162 165 166 168
23 103 104 108 110 111 114 115 117 119 120 122 123 129 131 132 133 136 144 145 155 159 165 167
36 103 105 109 114 115 116 117 118 119 121 122 123 125 126 127 129 130 134 137 138 139 140 142 143 146 147 148 149 150 151 152 155 156 158 164 167
28 103 104 106 110 116 117 118 121 122 125 129 130 131 138 139 140 141 142 147 148 149 150 152 159 160 161 164 166
20 104 106 112 119 120 124 126 128 130 133 134 138 139 144 148 151 156 160 165 168
30 106 107 110 113 116 120 121 124 127 128 133 135 137 138 141 143 148 149 150 151 154 158 159 160 162 163 164 165 166 167
28 104 110 115 116 117 122 123 125 127 129 130 132 133 137 140 148 149 151 152 156 158 160 162 163 164 165 167 168
21 105 110 111 116 117 118 119 121 122 124 125 126 130 135 147 152 157 159 161 164 167
44 103 104 106 108 110 111 112 114 115 117 118 119 120 122 125 126 130 131 132 133 134 135 137 140 141 142 143 144 145 146 147 149 150 151 152 154 155 158 160 161 163 164 166 168
45 103 104 105 108 110 111 112 114 115 116 117 120 121 122 123 126 129 130 131 132 133 134 136 138 139 140 141 143 144 146 147 149 151 152 153 154 156 157 158 159 162 164 165 166 168
41 103 104 110 111 112 113 116 117 118 119 121 123 124 127 128 130 131 133 134 137 138 139 140 141 142 143 144 146 147 149 150 151 152 154 155 157 160 161 165 166 167
27 106 107 109 110 111 113 115 116 118 120 121 125 126 131 136 138 141 142 144 146 148 154 155 159 161 165 168
27 104 105 107 108 110 111 112 117 118 119 120 121 122 123 124 133 136 143 144 145 147 150 151 153 154 157 159
35 105 108 113 114 118 119 120 121 122 123 124 126 127 128 131 132 134 135 136 138 139 142 144 146 147 148 151 154 157 159 160 161 162 166 167
45 103 104 105 107 108 109 110 112 113 117 118 119 120 121 122 123 124 125 126 127 128 132 133 134 135 138 139 140 141 142 144 145 146 149 150 151 152 154 158 159 162 163 165 166 167
26 103 104 106 108 112 117 118 120 123 125 126 130 131 133 134 135 139 147 149 151 154 158 161 162 164 167
44 103 104 105 106 107 111 114 115 117 118 119 120 121 123 124 125 126 127 128 130 133 135 138 139 140 142 143 147 148 151 152 153 154 155 156 157 158 159 160 161 162 163 165 167
36 103 107 108 109 110 115 116 119 120 121 122 124 126 127 129 130 132 133 134 135 137 143 144 146 149 152 155 157 158 159 162 163 164 166 167 168
45 103 104 105 106 107 110 111 112 113 114 116 117 118 120 123 126 127 129 130 131 133 134 136 137 138 139 140 141 142 143 144 147 148 149 150 151 152 153 154 156 157 159 160 162 163
30 103 112 114 115 117 120 121 127 129 132 133 135 136 140 142 146 150 151 152 153 154 155 156 158 159 160 161 164 167 168
22 104 105 106 108 112 116 120 122 128 134 135 139 140 144 147 148 151 152 156 161 163 166
24 107 110 112 114 115 117 118 122 123 124 127 133 135 137 138 142 146 148 154 155 160 165 167 168
35 104 110 113 116 118 119 121 122 123 125 126 127 129 132 133 139 140 144 145 146 147 148 149 150 151 155 157 158 159 160 161 162 163 164 167
32 103 104 106 107 112 116 118 123 124 127 128 129 132 135 136 137 141 142 144 145 147 150 151 152 154 155 156 161 162 165 166 168
38 104 107 109 110 111 112 113 114 116 117 126 128 129 130 131 133 135 137 139 141 142 143 144 145 146 150 151 152 153 154 155 156 159 160 162 163 166 167
38 104 105 106 109 113 114 118 119 121 122 123 124 125 126 128 131 133 134 135 137 140 141 142 145 149 150 151 153 154 155 156 159 160 161 163 164 167 168
37 103 104 105 106 108 109 110 111 112 113 114 116 119 120 121 123 125 128 130 131 132 133 135 136 137 138 139 140 148 149 150 154 155 159 162 166 167
42 103 104 109 110 111 112 113 114 117 118 120 121 123 126 127 130 131 133 134 135 136 139 140 141 142 143 144 145 149 150 151 153 154 155 156 158 159 160 161 165 166 168
37 104 105 106 109 111 112 115 116 117 119 124 126 128 131 133 134 135 137 138 140 141 144 145 147 148 151 152 154 155 156 160 161 163 164 165 167 168
39 105 106 112 114 115 116 117 118 121 122 123 124 125 126 128 129 130 131 132 134 136 140 142 143 146 147 148 149 151 152 153 154 156 157 158 159 164 167 168
20 106 109 110 111 114 116 119 121 127 128 130 138 147 149 150 151 152 157 163 164
37 105 107 110 111 112 115 117 118 119 120 121 122 124 126 127 128 129 130 132 134 135 137 141 144 145 147 149 150 152 154 155 156 160 161 163 166 168
29 103 105 108 110 111 113 114 119 120 124 127 129 130 134 137 139 143 144 145 146 149 154 155 157 158 159 161 163 167
28 103 109 111 112 113 114 115 121 123 124 129 131 132 133 135 136 137 141 145 147 152 155 156 159 160 162 163 164
43 103 105 106 107 108 109 110 111 112 113 114 115 116 117 118 121 122 123 124 125 126 129 130 133 134 136 138 139 140 141 142 143 144 145 149 153 154 156 157 161 162 166 167
45 104 108 109 110 111 112 113 114 115 116 117 118 119 121 123 124 125 129 133 134 135 136 138 140 141 143 144 145 146 147 148 149 150 155 156 159 160 161 162 163 164 165 166 167 168
42 104 105 107 108 110 111 112 113 115 116 118 120 121 123 124 126 127 129 131 135 136 137 140 141 142 143 144 146 147 150 151 153 156 157 158 159 160 161 163 164 166 168
20 103 105 109 111 116 121 129 134 137 138 139 142 143 147 150 152 154 157 163 168
29 106 107 112 115 117 118 119 125 128 133 139 142 145 147 149 150 151 152 153 155 156 157 159 160 161 162 165 166 168
20 105 112 114 128 129 135 136 142 145 146 147 152 155 157 159 160 162 163 164 165
43 103 106 108 111 112 114 116 117 118 123 124 125 127 129 130 131 133 135 136 137 139 141 142 143 144 146 147 149 150 151 152 153 155 156 158 159 160 162 163 164 165 166 168
41 103 104 108 109 112 114 115 117 119 120 121 123 125 126 127 128 133 135 136 137 138 141 142 143 144 145 146 147 150 151 152 153 154 155 156 157 160 161 162 166 167
29 104 105 106 108 111 112 113 114 115 116 119 121 122 126 129 130 133 136 139 143 146 147 150 158 159 161 162 165 167
32 103 105 106 109 112 113 116 118 121 123 124 126 129 130 131 132 139 140 141 142 144 146 147 149 153 154 155 158 160 162 164 168
41 103 106 107 108 110 112 114 116 117 119 120 121 122 125 126 127 129 132 135 136 137 138 139 140 142 145 146 147 148 150 152 154 155 156 157 158 159 161 162 165 167
35 109 111 114 118 120 121 123 125 126 127 128 130 131 134 135 139 140 141 142 144 145 147 148 149 151 152 154 155 156 157 158 159 160 163 165
42 103 104 105 106 107 109 110 112 115 116 118 121 122 123 124 125 127 130 131 132 133 136 138 142 143 144 145 147 148 150 151 152 154 156 157 158 159 161 162 163 166 167
46 103 104 105 106 107 108 110 113 114 115 116 117 119 120 121 122 124 125 126 127 128 129 130 131 132 133 134 136 140 143 144 147 148 149 150 151 154 155 159 161 162 163 165 166 167 168
27 104 106 110 117 123 124 127 128 130 131 132 134 135 139 141 144 145 147 149 150 152 156 160 163 164 166 168
30 103 105 106 108 109 110 111 114 115 117 119 120 122 129 130 132 136 138 139 144 146 148 151 154 155 156 158 159 160 166
28 103 106 107 108 112 113 114 121 123 128 130 131 132 133 135 139 141 142 143 144 145 149 150 152 155 156 163 168
41 103 104 105 106 107 108 109 111 113 114 115 116 117 119 120 122 123 124 127 129 130 131 138 140 143 144 145 146 147 150 151 154 156 157 158 160 161 162 164 166 167
38 104 105 106 107 110 111 112 114 115 116 120 121 123 124 125 127 129 130 132 133 134 135 139 144 145 146 147 149 153 154 159 160 161 162 163 164 165 166
39 106 107 110 112 113 114 117 118 119 120 122 124 125 126 127 128 129 130 131 134 135 136 139 141 143 145 146 149 151 153 154 155 158 161 162 163 164 166 168
30 105 106 107 109 110 113 115 116 123 128 129 133 135 136 139 143 144 145 149 150 152 154 155 158 160 161 162 164 165 167
35 103 104 110 112 113 115 117 118 119 121 129 131 135 136 137 138 139 140 143 144 146 149 151 152 153 154 155 156 157 159 162 163 164 165 168
22 108 109 110 115 118 119 120 124 127 128 130 134 135 143 150 154 156 158 160 161 162 165
45 103 104 105 108 109 110 111 113 114 115 117 118 119 120 123 124 125 126 127 128 131 133 134 135 136 138 140 141 142 143 145 148 149 150 152 153 154 156 158 159 160 163 165 166 167
36 103 104 105 106 108 111 114 115 117 119 121 124 126 129 130 133 134 136 137 138 139 144 145 146 148 149 151 152 153 154 157 159 160 162 163 168
31 103 108 109 111 112 113 114 115 118 122 123 126 127 132 133 134 135 139 141 142 143 149 150 153 154 155 156 159 162 164 166
39 104 105 106 109 114 116 117 118 119 120 121 122 128 131 132 133 135 137 139 140 141 144 146 147 150 151 153 154 156 157 158 159 160 161 162 163 165 166 168
44 103 104 105 106 108 110 111 113 114 116 117 118 119 123 125 128 129 130 131 132 133 134 135 136 139 140 141 144 146 147 148 149 150 151 152 156 157 160 161 162 164 165 166 167
23 106 107 108 110 116 121 123 127 128 129 135 140 142 144 146 148 149 153 155 156 157 161 167
22 104 106 109 117 118 120 125 128 129 132 137 138 140 146 149 154 156 157 159 162 165 166
38 106 108 109 112 114 116 117 118 119 120 123 125 129 130 133 134 136 137 138 142 143 144 145 148 149 150 152 156 158 159 160 161 162 163 164 166 167 168
44 103 104 106 107 108 109 112 113 115 117 118 119 121 122 124 126 127 129 130 131 132 133 136 137 138 140 144 145 146 148 149 150 151 152 153 154 158 160 161 163 165 166 167 168
32 103 104 106 108 112 113 114 115 123 124 126 127 128 129 131 132 134 135 141 145 146 148 150 151 154 159 161 162 163 165 167 168
24 105 108 109 114 117 122 123 124 128 130 132 133 136 137 145 150 151 154 155 156 158 160 163 166
37 104 106 107 109 110 111 113 114 115 116 119 122 123 124 125 130 131 132 133 134 135 136 138 141 143 144 147 149 150 153 154 156 159 160 164 165 167
30 103 104 105 107 114 115 118 119 124 125 127 130 131 134 136 138 139 142 143 146 148 151 152 154 157 159 161 165 166 167
34 103 104 109 110 111 112 113 115 117 118 119 122 125 126 127 131 134 136 143 144 147 148 149 150 152 153 155 156 160 162 165 166 167 168
22 103 105 110 114 115 117 118 120 123 128 129 131 132 133 140 142 143 150 161 163 164 165
25 103 104 110 121 122 125 126 127 132 133 136 137 138 141 144 145 146 147 148 154 158 161 162 164 166
36 103 106 107 108 112 113 115 117 118 120 121 122 125 126 127 131 132 133 134 135 137 138 139 140 141 145 146 147 148 150 151 156 159 161 162 165
37 103 104 105 108 109 110 111 112 113 115 116 117 118 121 122 124 125 126 135 136 137 138 140 141 144 146 148 150 151 152 153 155 156 157 160 161 166
23 108 110 111 112 116 122 123 125 130 138 139 145 151 153 154 155 156 157 158 159 160 163 168
31 103 104 106 107 109 116 117 118 119 124 127 132 133 134 135 136 142 143 147 152 153 154 155 156 160 161 162 163 164 166 167
44 104 105 106 107 111 112 113 114 116 118 119 120 121 122 123 124 127 128 130 134 135 136 137 139 140 141 142 143 145 148 151 152 154 155 157 158 159 160 161 162 163 166 167 168
26 103 106 107 109 111 112 118 119 120 123 124 125 131 134 140 142 143 145 149 154 156 159 160 162 164 168
35 104 105 106 107 111 114 117 118 123 128 130 131 132 133 134 138 140 141 144 145 146 147 150 152 153 155 156 157 160 161 162 163 164 165 166
31 106 108 111 112 116 118 120 122 124 129 131 134 139 140 141 143 145 146 150 151 153 155 157 158 159 160 164 165 166 167 168
37 105 106 107 108 110 114 116 117 119 121 122 124 125 128 132 133 134 135 136 137 140 142 143 144 146 149 150 154 158 159 160 161 162 164 165 166 168
30 103 105 109 114 115 116 117 120 122 123 126 128 129 131 132 138 139 144 145 146 149 153 154 155 157 161 162 163 164 168
20 105 108 110 111 112 115 121 123 126 127 131 134 135 142 143 144 147 153 156 167
26 104 108 112 113 115 120 121 122 124 127 129 131 134 135 136 139 144 147 148 152 153 155 156 157 159 165
39 104 105 107 109 110 113 114 118 119 120 121 123 126 127 129 130 131 133 134 136 137 139 140 141 142 143 144 146 147 149 155 157 159 160 162 164 165 167 168
33 103 106 108 111 114 115 121 124 125 126 128 129 130 132 133 134 135 136 139 140 141 142 143 146 149 150 152 157 160 161 164 167 168
45 104 105 106 107 109 110 111 112 113 114 115 117 118 120 121 123 124 125 127 132 133 134 135 137 138 140 141 142 143 144 146 147 148 149 150 151 153 155 157 158 159 162 163 165 166
20 103 105 111 116 117 118 125 126 128 130 137 144 146 147 151 152 154 159 162 167
20 104 105 106 107 110 111 114 117 126 127 130 141 143 146 148 149 150 152 154 161
36 103 104 105 106 110 111 113 114 115 117 121 123 124 125 127 129 130 132 134 135 137 141 143 146 148 151 153 157 159 161 162 163 164 165 166 168
33 103 104 106 107 110 111 115 117 120 122 124 127 129 130 132 133 134 139 141 142 143 144 145 150 152 153 154 156 157 158 161 163 168
30 105 106 107 109 112 115 119 120 121 122 125 126 131 133 136 137 140 141 146 147 150 151 154 155 157 160 161 162 163 168
31 105 108 109 111 112 113 119 120 121 124 127 130 133 134 135 141 144 145 146 147 148 149 150 153 158 160 162 163 166 167 168
27 104 107 108 116 119 120 121 122 127 128 129 131 132 136 137 138 140 141 143 144 149 151 156 159 161 164 167
35 103 107 110 111 113 114 119 128 129 130 131 132 134 135 137 138 139 140 141 142 143 144 145 150 151 152 153 154 155 156 158 160 163 165 167
26 104 107 108 109 113 114 115 118 119 121 126 129 132 134 139 141 145 151 152 153 154 157 158 161 162 163
27 103 104 105 116 117 118 119 120 121 124 128 129 130 136 137 138 140 143 148 149 152 154 155 158 162 167 168
38 103 104 105 107 108 109 111 115 121 122 123 126 128 129 130 131 132 135 137 138 139 140 142 143 144 147 148 150 152 154 155 156 157 159 161 162 167 168
32 103 105 107 108 111 112 114 118 122 126 127 128 129 132 137 138 139 140 142 144 146 147 148 150 151 154 155 159 161 163 166 167
26 104 106 107 109 114 117 118 121 127 128 130 132 133 135 139 142 144 147 149 154 158 161 163 164 167 168
43 103 104 105 106 107 109 112 113 114 116 117 118 119 121 126 127 128 129 131 132 134 137 138 139 141 143 144 145 146 148 149 151 152 154 155 157 158 159 160 163 164 165 168
23 104 112 113 114 115 116 118 119 122 128 138 139 141 142 144 145 153 155 159 160 162 163 164
30 103 104 105 106 108 109 112 113 116 117 118 121 122 126 127 129 131 136 137 140 141 142 143 146 149 150 152 163 164 166
29 103 106 108 110 113 114 115 116 119 126 127 128 131 134 136 138 141 142 143 144 147 153 155 157 158 159 161 162 165
33 103 105 108 109 110 115 116 118 119 123 124 125 127 130 131 134 135 136 137 140 141 143 144 145 146 148 150 154 158 161 164 166 168
46 103 104 107 108 109 111 112 113 115 116 118 121 122 123 124 125 127 129 131 132 133 134 135 136 137 138 139 143 144 145 146 148 149 151 152 154 155 156 157 158 160 161 162 164 165 167
32 103 107 108 110 111 112 113 115 117 121 126 128 130 131 132 135 138 140 141 144 145 146 151 152 153 156 159 160 164 166 167 168
38 103 104 105 108 110 111 113 114 117 118 119 120 121 122 125 128 130 131 133 134 135 136 138 139 142 144 146 147 148 149 155 156 159 160 161 162 165 168
37 103 104 105 106 107 110 111 112 114 116 117 118 123 125 126 127 129 131 134 138 142 143 145 146 148 152 155 156 158 159 160 161 163 164 166 167 168
21 105 106 109 110 112 114 121 123 125 128 133 141 142 143 146 148 155 158 161 162 164
29 103 104 106 113 114 116 118 120 122 124 127 128 131 134 135 137 139 145 146 147 149 150 153 155 157 162 165 166 167
27 104 106 107 108 116 117 122 124 125 126 127 128 129 130 133 136 140 143 144 146 147 154 157 160 163 165 166
36 105 106 108 110 111 112 113 114 116 117 118 119 120 121 124 126 130 131 132 133 134 135 139 148 149 150 151 152 153 154 155 157 161 164 165 167
28 105 110 111 114 116 117 120 121 123 124 127 130 131 137 138 139 149 150 152 153 154 155 156 163 164 165 167 168
19 103 104 116 119 121 125 127 136 138 139 141 142 146 149 150 151 160 162 165
19 110 113 118 120 121 126 128 129 130 133 138 143 145 148 149 157 159 163 167
40 104 106 107 108 109 111 112 113 116 117 119 120 121 122 125 126 128 131 132 134 135 138 140 141 142 143 145 146 147 148 149 150 151 153 154 160 162 164 167 168
37 105 106 107 108 109 110 111 113 114 117 118 121 122 124 126 127 129 130 131 132 135 139 140 143 146 147 148 149 151 155 156 158 161 162 163 164 166
25 104 105 111 112 113 114 121 122 123 125 131 132 135 138 139 141 142 143 145 151 154 157 160 163 166
45 103 105 106 107 109 111 112 113 114 116 117 119 120 121 122 124 125 126 127 128 129 130 133 134 135 137 138 140 142 143 144 145 148 149 150 151 153 154 156 159 161 162 166 167 168
30 103 109 111 114 116 118 122 123 124 127 129 130 131 134 135 136 137 139 143 145 150 154 156 157 159 161 163 166 167 168
26 107 113 114 115 119 120 126 130 132 136 137 138 142 144 145 150 152 153 154 155 157 158 163 166 167 168
35 103 107 108 110 111 112 113 114 115 116 117 119 120 122 123 125 126 127 130 133 136 137 138 140 147 148 150 151 154 156 160 161 165 167 168
32 104 108 113 114 115 116 118 119 123 124 125 126 127 128 129 130 132 134 142 144 145 149 152 154 157 158 159 160 161 163 164 166
23 113 114 116 118 121 123 127 132 133 135 138 141 144 148 149 150 158 159 161 162 163 166 168
25 104 105 112 114 118 120 121 122 124 127 130 131 133 134 138 140 142 146 147 149 154 156 159 166 167
26 104 106 110 113 116 117 119 120 126 127 128 130 131 133 134 137 139 141 143 146 147 148 156 157 166 168
42 103 104 106 108 109 111 113 116 117 118 122 124 125 128 129 131 132 133 134 135 136 137 141 142 143 145 146 147 148 150 151 153 155 157 158 160 162 163 164 165 166 168
43 103 104 105 107 109 110 112 113 115 116 117 118 119 120 123 124 125 127 128 130 131 133 134 135 136 137 138 140 141 143 144 146 147 148 149 150 151 153 156 158 165 166 168
33 103 104 105 107 109 113 116 121 123 126 127 128 129 133 134 135 136 138 139 142 143 147 148 150 151 152 157 159 160 164 166 167 168
26 105 106 115 121 123 124 128 130 135 136 138 141 142 143 144 152 153 154 155 156 158 160 161 164 165 168
30 103 104 107 110 111 114 120 121 124 126 129 133 135 136 137 141 148 151 152 153 154 155 156 158 159 160 162 163 165 166
21 105 107 112 114 118 120 127 129 134 135 139 141 144 150 151 154 155 156 158 161 163
26 104 105 106 107 112 114 115 119 120 121 122 129 134 135 136 139 140 145 149 150 155 157 158 159 160 162
24 106 110 111 112 114 121 125 127 128 134 136 141 142 143 144 145 147 150 154 156 157 158 163 166
29 114 118 123 125 126 129 130 132 133 134 136 137 139 140 142 143 146 147 150 152 154 155 156 158 161 162 164 167 168
20 107 108 110 111 113 114 122 124 127 132 136 141 144 146 148 153 154 158 164 167
26 103 104 105 109 110 114 117 118 119 120 121 122 123 127 129 132 143 150 152 155 156 157 161 166 167 168
20 105 106 111 112 116 118 124 125 127 129 131 135 141 148 149 151 161 163 166 167
33 103 104 105 112 114 118 121 122 123 124 125 126 127 130 131 135 137 138 139 140 144 145 146 149 150 151 155 157 158 160 163 166 168
21 115 124 125 126 129 130 131 132 136 137 139 142 152 153 157 159 160 163 164 165 166
19 104 105 111 112 119 120 124 130 131 132 137 142 144 145 148 151 155 162 164
40 103 106 108 111 112 113 114 115 116 117 119 120 121 124 125 127 131 133 134 136 141 142 143 144 145 146 148 149 151 153 154 155 157 158 160 161 162 164 166 168
24 103 104 107 109 110 112 113 117 122 124 125 127 138 139 140 141 142 149 150 151 158 160 161 167
33 104 105 106 107 108 111 112 113 114 115 117 119 121 122 128 134 135 136 137 139 140 141 142 147 148 149 150 156 160 164 165 166 168
32 103 104 105 106 107 109 112 115 116 119 120 125 126 128 131 132 134 135 137 140 143 144 145 146 147 148 150 156 160 162 163 164
22 103 107 113 115 118 120 124 126 131 133 135 139 140 141 142 144 145 151 152 155 160 164
41 103 105 107 108 109 112 114 115 117 118 119 120 121 123 124 126 128 129 131 132 133 137 139 141 143 144 147 148 149 150 153 154 155 156 158 160 161 163 166 167 168
26 103 108 110 113 115 117 118 123 124 128 129 137 139 141 144 145 147 148 149 154 157 163 164 165 166 168
35 103 104 105 106 107 109 110 112 117 118 119 123 128 131 133 138 140 141 142 143 144 147 148 149 151 152 153 154 155 156 159 160 162 163 166
32 104 106 111 114 115 118 119 120 121 123 124 125 127 132 133 134 137 138 143 144 146 147 149 152 153 155 156 159 163 164 166 168
39 103 105 106 108 111 113 116 117 118 119 120 121 123 124 125 127 128 130 131 132 133 135 136 139 141 142 143 145 149 150 151 152 154 157 158 159 164 166 168
23 103 109 111 112 115 119 121 122 124 127 134 136 139 145 146 147 150 154 160 161 164 165 166
40 104 105 107 109 111 112 113 114 115 116 117 122 123 124 127 131 133 134 135 137 138 140 141 142 143 144 145 146 147 151 152 153 154 158 159 161 162 163 164 168
45 103 105 109 110 111 114 115 116 117 118 119 121 122 123 124 126 128 129 133 134 135 136 137 138 140 141 142 144 145 147 148 149 151 152 153 155 157 158 160 161 162 163 165 166 168
41 105 106 107 108 109 110 112 117 119 120 122 123 125 126 127 128 129 131 135 136 137 138 139 140 142 143 144 146 147 152 153 154 156 157 158 159 162 163 164 167 168
37 103 104 106 107 108 109 111 113 114 115 116 117 119 121 124 126 127 129 134 135 137 139 140 143 144 145 148 149 150 151 152 153 156 157 158 165 166
31 103 111 115 116 120 121 122 125 126 128 130 131 133 134 136 138 139 140 145 147 148 149 152 156 157 158 159 161 162 164 167
41 105 107 108 109 110 111 112 113 114 116 117 119 120 121 122 124 126 127 132 133 135 136 137 141 143 144 146 151 153 154 155 157 159 160 161 162 163 164 165 166 168
29 104 106 107 108 109 112 114 115 117 119 129 130 132 133 134 136 141 143 147 149 152 154 156 158 160 164 165 166 167
33 103 104 107 108 110 111 113 116 117 124 126 130 131 133 134 135 136 137 138 139 140 141 144 146 147 150 151 155 158 162 163 164 165
38 104 105 111 113 115 116 117 118 119 121 122 123 125 126 127 130 131 132 133 134 135 137 138 140 141 142 144 145 148 149 152 153 155 158 160 164 166 167
24 103 106 108 109 112 115 117 118 121 134 135 136 138 144 146 149 151 152 157 158 159 164 166 167
21 103 108 111 118 122 129 131 135 138 139 141 144 146 151 152 156 157 161 162 164 168
31 103 104 105 109 112 113 115 116 117 122 125 127 132 133 134 136 141 142 145 146 147 148 149 151 154 157 158 160 161 163 168
22 109 110 111 112 113 116 118 119 120 124 125 130 134 139 145 146 147 148 150 152 162 166
35 103 104 105 109 111 114 115 116 119 120 122 123 126 127 129 130 131 134 136 137 139 140 142 143 149 150 151 153 157 160 162 163 164 166 167
41 103 106 107 109 110 111 113 115 117 118 120 121 123 125 129 130 132 134 135 137 139 142 143 144 145 146 147 148 149 151 152 153 156 158 160 161 164 165 166 167 168
28 103 106 107 108 110 112 115 118 120 123 124 127 129 130 131 136 140 141 143 145 152 155 156 160 163 164 165 167
