236 1665
60 1 2 3 4 5 6 7 8 9 10 11 12 13 14 15 16 17 18 19 20 21 22 23 24 25 26 27 28 29 30 31 32 33 34 35 36 37 38 39 40 41 42 43 44 45 46 47 48 49 50 51 52 53 54 55 56 57 58 59 60
28 2 3 4 8 9 10 12 13 17 20 22 23 24 26 27 29 31 32 33 34 35 42 43 45 50 54 55 59
23 4 7 8 11 13 14 16 17 21 26 27 34 38 42 43 45 46 48 53 56 58 59 60
32 1 2 3 4 10 11 12 13 17 18 20 26 27 28 29 30 32 33 36 38 40 41 44 45 46 47 48 49 50 52 54 60
40 1 2 3 7 8 9 10 12 13 15 16 17 18 19 20 23 24 26 28 29 30 32 33 35 36 38 39 40 42 43 45 46 49 50 53 56 57 58 59 60
24 2 3 4 6 7 9 10 12 18 20 26 30 31 33 34 36 39 40 41 42 54 55 57 58
23 2 6 7 15 18 21 23 26 33 34 36 39 44 46 48 49 51 52 54 55 58 59 60
20 3 8 9 12 14 21 23 25 29 30 31 33 35 37 41 42 43 44 52 55
39 1 2 3 4 5 6 7 9 10 12 13 15 16 17 21 23 24 25 27 31 32 33 34 36 37 38 40 42 44 45 46 48 50 51 52 53 55 56 60
31 1 3 6 13 16 17 22 23 24 26 27 28 29 31 33 37 38 39 40 41 44 45 48 49 50 52 53 54 55 57 60
22 1 3 4 7 8 9 11 12 14 18 19 20 30 33 40 42 43 51 52 53 57 60
43 3 4 5 6 9 10 11 12 13 14 16 17 18 19 22 23 24 26 28 29 30 32 34 35 36 37 38 39 40 42 43 44 45 47 49 50 52 53 55 56 58 59 60
28 6 8 9 11 14 16 17 19 21 22 24 26 28 30 31 33 35 38 39 42 44 45 48 50 53 55 58 59
31 1 2 3 6 8 9 10 11 13 16 18 19 20 23 24 28 31 34 36 38 39 40 41 44 46 51 52 53 55 56 59
31 3 4 7 10 12 13 21 22 24 25 28 30 32 33 34 35 36 37 38 39 41 46 47 49 50 52 53 56 58 59 60
21 6 8 9 11 13 15 18 22 24 26 32 33 36 39 40 45 47 48 56 57 58
21 2 7 8 17 21 24 25 27 28 29 34 35 37 38 42 46 51 52 53 56 58
26 4 5 6 7 13 14 19 22 25 26 29 31 33 37 38 41 43 48 50 52 53 54 55 57 58 60
24 1 10 11 12 14 15 16 18 21 23 25 27 32 33 34 36 40 43 45 48 50 53 56 57
42 1 2 3 4 5 6 8 9 10 12 13 15 16 17 18 19 20 21 23 24 25 26 27 28 30 31 34 35 37 39 40 41 42 44 45 46 48 52 54 55 56 60
47 1 3 4 5 6 7 8 10 11 13 14 15 16 17 18 19 21 22 25 26 27 28 29 30 32 33 35 36 38 39 40 41 42 44 46 47 48 49 50 51 52 53 54 55 57 58 59
34 1 2 3 5 6 8 10 11 12 13 14 17 18 21 22 24 28 29 30 31 32 34 36 37 38 39 45 46 48 51 53 55 56 59
35 3 4 6 7 8 11 12 14 16 17 20 24 25 26 27 29 31 32 33 34 36 37 38 39 42 43 45 46 48 49 50 53 57 58 60
29 2 7 8 11 13 17 18 19 27 30 31 32 34 35 37 40 41 43 44 48 50 52 53 54 55 56 57 58 59
43 1 2 3 4 5 6 7 11 12 13 15 16 17 18 19 20 22 23 24 25 27 29 30 32 33 34 36 37 38 39 41 44 45 46 50 51 53 54 55 56 58 59 60
35 2 3 4 5 8 9 10 11 13 14 15 19 20 22 24 25 27 32 33 35 36 37 38 42 45 48 49 50 52 54 56 57 58 59 60
43 2 3 4 5 6 7 8 9 10 11 15 17 18 19 20 21 22 23 24 27 29 31 32 34 36 37 38 39 40 41 42 43 44 45 47 48 49 51 54 55 57 58 59
20 4 5 8 10 18 19 23 24 25 26 29 31 32 38 39 43 45 47 49 56
21 3 12 16 20 21 22 25 27 28 30 31 36 37 38 46 52 54 55 56 57 60
36 5 9 12 13 14 15 16 17 18 21 24 25 26 27 28 31 32 33 34 37 38 39 40 41 45 46 47 50 51 52 53 54 56 57 58 60
38 3 6 8 10 11 13 14 15 17 18 19 20 21 22 23 24 26 27 31 36 37 38 39 41 42 43 44 45 46 47 49 51 52 54 56 57 58 60
29 3 5 6 8 10 11 14 17 18 19 21 22 30 34 35 36 37 39 40 42 43 46 51 53 55 57 58 59 60
21 6 7 9 11 13 15 16 20 21 22 26 27 29 30 39 42 45 47 51 56 60
20 1 6 8 10 11 13 20 23 24 25 29 34 38 43 46 49 53 54 56 58
21 1 2 5 6 7 8 9 15 23 25 27 30 31 33 36 37 38 40 41 42 52
43 1 5 8 10 11 12 13 14 15 16 17 21 22 23 25 26 28 30 31 32 33 34 35 36 37 38 39 40 41 44 46 47 48 50 51 52 54 55 56 57 58 59 60
30 1 4 6 9 10 11 13 14 15 17 19 22 23 30 31 35 36 38 39 41 42 46 48 52 54 55 56 57 59 60
41 1 2 3 4 5 6 7 8 10 12 15 17 18 20 21 22 23 24 25 26 27 31 32 33 34 35 37 38 39 41 43 45 47 48 50 51 54 55 58 59 60
45 2 3 4 6 7 8 9 10 12 13 14 15 16 18 19 20 21 24 25 26 27 28 30 33 34 35 36 37 38 39 40 41 42 43 46 48 49 50 53 54 55 57 58 59 60
24 1 3 6 7 9 10 13 15 16 20 24 25 26 27 36 37 40 48 49 51 53 54 57 58
21 1 3 4 7 11 13 14 15 17 18 20 23 24 27 37 39 46 47 51 52 60
26 1 2 3 4 6 7 8 9 12 13 16 18 19 20 22 25 33 36 38 42 44 51 53 54 55 60
33 3 5 7 8 9 10 13 15 16 18 19 22 23 25 26 27 29 32 34 35 36 37 38 39 41 42 44 48 49 50 52 53 59
32 1 3 11 13 16 17 20 22 23 24 25 26 28 29 30 32 36 37 40 41 43 44 46 47 48 50 53 54 55 58 59 60
31 1 3 5 7 9 11 12 14 16 17 18 19 20 22 25 28 29 32 33 35 36 38 39 40 43 45 48 51 53 59 60
39 2 3 4 6 9 10 11 12 13 14 15 16 17 18 20 23 24 25 26 27 28 29 32 33 34 35 37 40 42 44 48 50 51 53 54 56 58 59 60
41 2 3 4 5 6 7 9 12 14 15 16 17 19 20 21 22 23 26 28 29 30 31 33 34 35 36 38 39 40 41 42 43 44 45 48 50 51 53 56 57 58
33 1 4 7 9 10 11 13 14 16 18 19 21 22 26 28 31 32 35 37 39 40 43 46 47 49 51 52 53 56 57 58 59 60
30 1 2 3 4 5 7 8 10 13 14 16 19 21 22 27 28 29 31 32 34 36 42 43 44 47 49 51 53 54 57
37 1 3 6 8 10 11 12 13 18 19 21 22 23 24 25 27 28 29 31 32 33 34 35 36 38 39 41 42 46 47 50 51 52 54 58 59 60
42 5 6 7 8 9 10 12 13 17 18 19 20 21 22 24 25 27 28 29 30 31 32 35 36 37 39 42 43 44 45 46 47 48 49 50 51 52 53 55 56 59 60
39 1 2 3 5 6 8 9 11 12 14 15 16 20 21 25 26 28 29 30 33 35 36 37 38 39 41 42 43 44 45 46 47 48 49 50 51 53 54 58
35 1 2 4 6 9 11 13 15 16 17 19 20 26 27 28 31 32 35 37 38 39 41 42 43 44 46 48 51 52 55 56 57 58 59 60
28 1 4 7 8 9 11 12 15 18 20 21 22 25 26 28 32 33 37 39 40 41 43 44 45 50 51 53 55
39 1 3 4 8 9 10 11 12 13 14 15 16 17 20 24 25 26 28 29 30 31 32 35 36 38 40 41 42 43 44 46 48 49 50 52 53 54 58 59
41 1 2 6 7 8 9 10 11 12 13 15 16 17 18 19 22 23 24 25 26 27 28 29 32 35 37 39 40 41 44 45 46 47 48 50 55 56 57 58 59 60
27 1 4 5 7 8 9 11 13 15 20 21 24 25 26 30 33 34 36 42 45 48 50 52 54 55 58 60
23 3 6 7 8 9 12 20 23 28 29 30 35 37 39 42 44 48 49 50 51 54 56 59
33 1 2 3 5 6 11 13 14 15 18 19 20 21 27 29 30 32 34 35 38 41 42 43 44 47 48 50 51 52 54 55 59 60
26 4 5 8 9 10 13 14 20 21 22 23 24 25 27 29 32 35 41 43 46 47 51 56 57 58 59
46 1 2 3 4 5 6 7 8 9 10 11 13 14 15 16 18 19 20 21 23 24 26 28 29 30 33 34 35 37 38 39 40 42 43 44 45 47 48 50 51 52 53 57 58 59 60
18 11 12 13 18 19 20 25 29 32 34 35 39 43 44 46 47 54 55
26 9 10 12 13 14 16 17 18 19 22 23 24 27 32 33 39 41 43 45 46 47 48 49 55 57 58
33 1 2 4 5 6 7 11 12 13 15 18 22 28 29 33 35 38 39 42 44 45 46 48 49 50 51 52 53 55 56 57 59 60
34 3 4 5 6 7 9 11 12 14 16 18 21 23 24 25 26 27 28 29 30 36 37 39 40 44 47 48 49 50 51 52 53 54 60
27 2 5 9 10 12 13 14 19 22 24 26 29 31 32 34 36 39 40 42 43 47 52 53 55 56 59 60
35 1 3 4 5 9 11 12 14 15 16 18 19 24 25 27 28 31 33 34 38 39 40 42 44 45 47 48 49 50 51 54 55 57 59 60
28 1 3 4 5 6 9 12 13 15 16 19 25 26 31 32 33 34 36 37 39 40 41 46 48 52 53 58 60
25 4 5 6 8 12 14 15 16 18 19 23 25 34 35 37 42 44 45 46 48 49 50 55 58 59
25 1 5 8 9 11 15 17 19 20 21 24 25 31 33 34 39 40 41 48 49 50 52 53 56 60
30 1 2 3 8 9 10 11 13 14 15 17 19 20 22 24 26 28 30 31 36 37 39 40 43 44 45 46 50 51 52
33 1 2 3 9 10 11 13 14 15 16 17 20 21 23 25 27 28 30 33 34 35 36 40 41 43 48 51 52 54 57 58 59 60
41 2 7 8 9 10 11 12 13 14 15 16 17 18 19 20 22 23 24 25 26 28 31 32 33 35 36 38 39 41 42 43 44 45 49 50 51 52 56 57 58 60
45 1 2 3 4 5 6 7 9 10 11 12 13 14 16 17 18 19 21 22 23 24 25 26 28 29 33 34 35 37 38 39 40 41 44 45 46 47 49 50 51 54 55 56 58 59
35 1 4 5 6 7 9 10 11 12 14 15 16 17 18 19 20 22 24 28 31 32 33 35 37 38 39 40 42 44 45 46 54 55 58 60
24 1 3 4 5 8 9 10 11 13 16 19 21 23 25 26 38 40 41 42 45 52 57 58 60
32 3 6 7 8 10 11 13 17 18 19 20 25 28 29 30 31 32 34 35 36 37 41 44 46 49 50 52 53 55 57 58 60
25 3 5 8 9 11 12 13 19 20 21 22 24 25 26 29 30 31 38 40 42 43 48 49 50 54
32 1 3 4 6 7 8 13 18 25 26 27 29 31 32 35 36 38 40 42 44 45 46 47 48 49 50 51 54 55 58 59 60
31 1 2 5 7 9 10 13 16 18 22 24 26 27 31 33 34 36 37 38 40 41 43 45 47 48 51 53 56 57 58 59
38 1 2 3 4 5 6 8 9 10 11 15 17 18 19 21 22 26 27 30 31 33 34 37 38 39 40 42 43 46 47 49 50 52 53 55 57 58 60
29 1 2 3 4 5 8 9 10 13 14 17 20 22 24 30 31 32 37 38 40 42 44 45 49 54 56 58 59 60
46 1 3 4 5 6 7 8 9 10 12 13 15 16 17 18 19 20 22 24 25 26 27 28 29 31 32 33 34 35 38 39 42 43 44 45 46 48 49 50 52 53 55 56 58 59 60
42 4 5 6 7 9 11 13 14 17 18 20 21 22 23 24 25 26 27 28 29 30 32 36 37 38 39 40 41 43 44 45 46 48 49 51 53 55 56 57 58 59 60
28 1 3 4 5 7 8 9 12 14 16 17 22 23 26 29 30 31 35 38 40 41 42 45 47 52 53 56 59
32 1 2 6 7 8 9 11 12 15 19 20 21 23 25 27 31 32 33 35 40 41 43 45 46 47 49 50 53 54 55 56 57
26 61 62 63 64 65 66 67 68 69 70 71 72 73 74 75 76 77 78 79 80 81 82 83 84 85 86
18 62 63 65 66 67 68 69 70 71 73 75 76 77 78 79 80 81 84
9 61 62 63 65 75 77 78 83 86
10 61 62 63 64 71 73 76 81 83 85
11 68 74 75 76 77 78 79 81 83 84 85
7 62 66 71 72 73 75 86
13 63 64 65 66 67 70 71 73 77 78 81 82 83
17 61 63 65 66 67 68 69 71 74 75 77 79 80 82 83 84 86
9 61 62 63 69 72 75 78 79 81
11 61 64 66 73 74 75 76 77 81 83 85
10 61 63 68 69 71 73 74 76 83 84
19 61 62 63 64 67 68 69 70 71 72 73 74 76 77 78 80 81 85 86
18 61 62 63 64 66 67 68 70 71 72 74 75 76 78 80 83 84 86
20 61 62 64 66 67 68 71 72 73 75 76 77 78 79 80 81 82 83 84 86
17 61 62 67 70 71 72 73 74 75 76 78 80 81 82 83 85 86
11 61 68 69 71 72 74 75 76 78 81 83
16 61 62 64 66 68 69 71 72 73 74 75 76 77 78 81 82
16 61 63 64 65 67 68 69 70 71 73 76 78 81 83 85 86
19 62 63 65 66 67 69 70 72 73 74 77 78 80 81 82 83 84 85 86
17 61 63 65 66 67 68 70 71 72 74 76 77 80 82 83 85 86
19 63 64 65 66 67 69 70 71 73 74 75 76 77 78 79 80 83 85 86
14 62 65 68 69 72 73 74 76 78 79 81 84 85 86
14 62 63 66 67 69 70 74 75 76 82 83 84 85 86
20 62 63 64 65 66 67 68 69 70 72 74 75 77 78 80 81 82 83 84 86
17 61 62 65 66 67 70 71 72 74 75 77 78 79 82 83 84 85
18 63 64 67 68 69 70 71 73 74 76 77 78 79 80 81 82 83 86
11 62 63 67 69 70 71 76 77 81 82 83
11 61 63 64 66 67 73 75 77 78 80 81
10 62 66 67 71 72 74 75 81 83 86
13 62 63 65 66 72 73 76 77 79 80 81 84 86
9 66 67 71 72 74 75 79 81 86
17 63 64 65 67 68 69 70 71 72 73 74 75 78 79 80 81 84
11 62 63 67 69 79 80 81 82 83 84 85
18 61 63 67 68 69 70 71 72 73 74 76 77 79 80 82 83 84 86
7 61 69 70 71 73 78 81
12 61 63 68 71 74 75 78 80 81 83 85 86
7 63 65 66 70 81 84 86
19 61 62 63 64 65 66 67 69 70 72 73 74 76 77 78 80 81 82 86
13 61 62 65 66 70 71 75 76 78 81 83 85 86
15 61 62 64 65 67 70 72 73 74 75 76 77 83 84 85
9 63 65 66 67 68 72 75 81 84
14 61 64 66 68 69 71 72 73 75 76 81 82 84 85
16 61 64 65 66 67 68 71 73 75 76 78 79 80 83 84 86
20 61 62 63 64 65 67 68 69 71 72 74 75 77 78 79 80 82 83 85 86
11 61 62 65 68 72 73 75 78 81 83 86
17 61 62 63 64 66 67 69 70 71 75 77 81 82 83 84 85 86
15 61 65 66 67 70 73 74 75 76 78 79 81 82 84 85
11 65 66 67 68 70 71 72 74 83 84 85
19 61 62 63 64 65 67 68 69 70 71 73 74 75 76 78 79 80 81 83
14 61 62 64 65 66 67 68 70 71 72 74 76 80 82
12 63 66 67 69 78 79 80 82 83 84 85 86
17 61 62 64 65 68 70 72 73 74 75 76 77 78 80 82 83 84
8 61 68 75 76 80 82 85 86
19 61 62 63 65 67 68 69 70 71 73 76 77 78 79 80 83 84 85 86
9 64 65 71 72 77 78 79 80 82
11 67 70 71 72 73 74 76 77 78 79 85
8 65 72 75 77 78 81 82 84
14 61 63 64 70 72 73 76 78 79 80 81 83 84 85
17 61 63 64 67 68 69 71 72 74 76 77 78 80 82 83 84 85
13 61 63 64 65 66 67 69 73 79 80 81 84 85
9 61 63 64 67 69 73 81 82 84
9 61 64 66 67 75 77 79 84 85
15 61 62 64 67 68 69 70 72 73 74 75 76 83 84 86
11 61 63 65 66 70 76 77 78 79 81 82
15 61 62 63 64 66 70 71 74 75 78 79 80 84 85 86
16 61 63 65 66 67 69 70 71 72 74 77 78 79 83 85 86
14 62 64 65 68 69 72 75 76 78 79 80 83 84 85
8 62 63 65 68 71 82 83 85
19 61 64 65 66 67 68 69 71 73 74 76 77 78 79 80 81 82 83 84
16 61 66 67 68 69 70 71 72 73 76 77 78 79 83 85 86
20 61 62 64 65 66 67 69 70 72 73 74 75 76 78 79 80 81 82 85 86
14 62 63 64 66 67 68 69 70 71 72 73 74 76 85
15 62 66 69 72 74 75 77 78 79 80 82 83 84 85 86
14 61 62 63 64 65 71 73 74 75 78 81 82 84 86
12 65 70 71 72 73 74 76 77 79 83 85 86
18 62 63 64 65 67 68 69 71 73 74 76 77 78 79 80 82 83 84
11 63 64 65 66 73 76 78 80 83 84 85
16 62 64 65 66 67 69 70 72 76 78 79 80 81 83 84 85
10 61 66 67 69 70 71 77 78 82 83
8 61 62 64 67 68 70 72 83
20 61 62 63 64 65 66 67 68 69 70 71 72 76 77 79 80 81 82 83 86
16 64 68 69 70 71 72 73 74 76 77 78 79 80 81 83 84
12 63 64 66 67 73 74 77 78 79 81 83 86
19 62 63 65 66 67 68 70 71 72 74 75 78 79 80 82 83 84 85 86
20 61 62 63 65 66 67 68 69 70 71 72 74 75 76 77 78 82 84 85 86
76 87 88 89 90 91 92 93 94 95 96 97 98 99 100 101 102 103 104 105 106 107 108 109 110 111 112 113 114 115 116 117 118 119 120 121 122 123 124 125 126 127 128 129 130 131 132 133 134 135 136 137 138 139 140 141 142 143 144 145 146 147 148 149 150 151 152 153 154 155 156 157 158 159 160 161 162
33 87 88 89 92 96 98 99 102 111 114 115 116 117 120 122 126 127 129 131 134 135 136 137 140 142 144 146 147 148 150 153 160 162
59 87 88 90 91 92 93 95 97 99 100 103 104 105 106 107 108 109 110 111 112 113 114 116 117 118 119 120 121 122 123 124 125 126 128 130 131 132 134 135 138 139 141 142 143 144 146 148 149 150 153 154 155 156 157 158 159 160 161 162
30 89 91 92 93 99 100 103 105 110 111 112 113 114 118 121 123 129 130 131 133 137 142 144 147 150 151 152 153 156 157
24 87 92 93 95 96 99 102 110 111 114 116 122 131 137 138 139 143 145 147 148 153 154 156 161
32 87 88 90 91 93 95 97 98 101 105 106 109 112 115 121 126 127 131 132 139 140 143 145 146 150 154 155 156 157 159 160 161
23 87 95 96 98 100 102 104 115 116 121 126 130 132 135 136 137 138 139 143 144 151 160 161
55 87 89 94 95 96 97 98 101 102 103 105 106 107 108 109 111 113 115 117 118 119 122 123 124 125 127 128 130 131 132 133 134 135 137 138 139 140 141 142 143 144 146 148 149 151 152 153 154 155 156 157 158 159 160 161
60 87 89 91 92 93 94 95 96 97 98 99 100 101 102 103 105 107 108 109 110 111 112 114 117 121 122 123 125 126 127 128 129 130 131 133 134 136 137 138 139 140 142 143 144 145 146 147 148 149 150 152 153 154 156 157 158 159 160 161 162
53 87 89 90 91 92 94 95 99 100 102 103 104 105 106 108 109 110 111 113 114 115 117 120 121 122 123 124 125 126 129 130 132 134 136 137 138 140 141 144 145 147 148 149 150 151 153 155 156 157 159 160 161 162
30 87 88 91 93 94 97 98 100 102 111 113 115 116 117 118 119 121 124 127 135 136 138 143 145 151 152 153 155 158 159
47 87 88 89 90 91 94 96 99 102 103 105 106 107 108 110 111 112 113 114 117 118 119 120 121 122 124 126 128 134 135 136 138 139 140 141 142 143 144 146 147 148 150 151 153 154 155 160
36 87 92 93 94 95 100 102 107 108 109 110 111 113 114 115 116 123 124 125 126 128 130 131 133 143 146 147 149 150 152 153 154 156 157 158 159
57 91 92 93 94 95 96 98 99 100 101 102 103 105 107 109 111 112 113 114 116 117 118 121 122 123 124 125 126 127 128 129 130 133 134 135 137 138 139 140 141 142 143 144 146 147 148 149 151 152 153 154 155 156 158 159 160 162
26 93 94 95 96 98 103 106 109 110 114 115 116 119 121 122 125 127 129 132 134 145 149 151 155 160 162
53 87 89 90 91 92 93 94 95 97 98 100 102 105 106 108 109 110 111 113 115 116 118 119 120 122 123 124 125 126 128 129 130 131 135 136 137 138 139 141 142 143 144 146 148 150 151 152 153 155 156 158 159 160
27 89 93 94 95 97 100 102 106 109 110 112 114 116 118 123 126 127 135 141 149 150 153 157 158 160 161 162
47 87 90 91 92 95 97 98 100 102 103 104 106 107 111 112 115 118 119 120 122 124 126 127 128 129 130 132 135 138 139 140 141 142 143 144 146 147 149 151 152 153 156 158 159 160 161 162
57 88 89 91 92 94 96 98 99 100 101 103 104 105 107 108 109 110 111 112 113 114 115 116 117 119 120 121 123 124 125 126 128 129 135 136 137 138 139 140 142 143 144 146 147 148 149 150 152 153 154 155 156 157 159 160 161 162
27 89 90 91 92 99 101 102 103 104 105 107 108 115 117 124 131 140 142 148 149 150 152 155 156 158 160 161
38 89 90 91 93 99 101 107 108 110 112 114 116 117 118 120 121 122 127 128 129 130 131 133 134 137 142 143 144 147 148 152 154 156 157 159 160 161 162
58 87 88 90 91 93 94 95 96 97 98 101 102 103 104 105 106 107 108 109 110 111 112 114 115 116 117 119 120 121 122 123 124 125 126 127 128 131 133 135 136 138 139 140 143 144 146 147 148 149 150 151 153 154 156 157 159 160 162
44 87 89 90 94 99 100 102 103 105 108 110 111 114 115 117 120 121 124 125 126 127 128 130 133 136 138 139 142 143 144 145 146 147 149 150 152 154 155 157 158 159 160 161 162
22 89 90 92 98 101 107 109 114 115 116 121 123 126 129 135 138 139 141 143 148 152 162
40 87 90 91 94 95 97 99 100 101 104 106 107 108 110 111 112 113 114 116 117 119 123 124 126 127 130 131 132 133 136 138 139 142 143 152 153 156 157 158 160
28 90 91 92 93 98 100 102 103 104 106 113 117 119 120 121 126 129 130 132 133 135 142 144 147 151 152 156 158
49 90 91 94 96 98 100 101 102 106 108 109 111 112 113 114 115 116 117 118 119 120 121 122 123 125 126 130 131 133 134 135 136 137 138 139 140 142 143 146 148 149 151 152 154 155 157 159 160 162
30 87 90 91 93 94 98 101 105 107 108 109 115 118 123 125 127 128 131 133 135 138 143 146 147 150 151 154 158 159 160
42 87 88 89 92 94 96 98 99 102 103 105 107 109 110 113 115 116 117 119 121 122 123 125 126 127 130 131 133 135 137 140 144 146 147 148 151 154 156 158 159 160 162
46 87 90 91 93 95 96 98 101 104 105 106 109 110 113 114 115 117 119 120 121 122 123 126 127 128 130 131 132 134 136 137 138 139 140 142 143 144 146 147 148 150 151 152 153 160 162
51 87 88 89 90 91 92 93 94 95 96 97 99 100 103 104 106 109 110 112 113 114 115 117 118 119 120 121 122 124 125 127 128 129 130 131 132 137 139 141 142 143 147 148 152 153 155 156 157 158 159 161
59 87 88 90 92 93 94 95 96 97 99 100 101 102 103 105 106 107 108 109 110 111 112 113 114 118 119 120 121 122 123 124 125 126 127 128 129 132 134 135 136 137 138 139 140 142 145 146 149 150 151 152 154 155 156 158 159 160 161 162
13 165 166 168 171 177 180 181 183 184 188 193 194 195
7 176 178 180 188 189 191 196
6 167 170 179 180 188 191
16 165 166 168 170 171 172 175 176 178 179 181 183 186 187 191 195
10 166 169 174 176 179 181 185 187 190 196
19 163 166 168 169 170 172 174 175 176 177 178 181 182 183 185 186 187 194 196
7 164 173 175 182 191 192 195
10 166 167 168 178 181 182 183 186 190 191
9 172 173 176 179 180 185 187 189 194
8 165 167 171 174 180 186 191 195
13 164 171 173 174 175 177 179 185 187 188 189 192 196
8 168 171 176 178 185 194 195 196
11 163 165 169 170 172 176 180 184 193 194 195
14 163 164 165 166 168 173 180 182 184 185 187 193 194 196
4 169 176 185 188
15 167 174 177 178 179 180 183 184 188 189 190 192 193 195 196
9 166 169 171 173 180 183 190 191 195
16 164 165 166 167 168 171 174 177 179 180 181 186 189 190 194 196
12 163 166 170 173 175 177 178 182 184 189 193 196
16 164 165 166 171 172 176 177 178 179 180 182 185 186 187 192 195
9 166 167 171 174 177 178 180 182 189
9 173 176 182 187 189 190 191 192 196
8 163 165 166 167 180 189 193 195
26 164 168 169 170 171 172 173 174 175 176 177 178 179 181 182 183 184 185 186 187 188 190 191 192 194 196
9 165 167 170 171 174 177 178 185 190
8 163 173 181 184 185 188 193 195
8 164 166 167 172 178 179 181 196
7 166 170 172 180 191 192 195
4 173 177 178 183
11 163 169 172 179 180 183 187 188 189 194 196
7 166 171 175 176 177 181 185
2 169 172
10 164 168 172 179 181 183 187 190 192 194
15 164 165 167 171 173 179 180 184 188 189 190 191 192 193 195
11 163 164 166 174 175 179 182 184 187 189 191
10 163 164 165 167 169 175 184 185 194 196
8 171 176 178 182 188 190 195 196
5 164 167 186 192 195
6 170 174 181 185 193 195
19 163 165 167 168 170 172 173 174 175 177 179 180 181 183 184 186 189 191 193
10 164 165 175 180 183 188 189 192 193 194
10 163 164 177 178 182 187 188 190 194 196
5 183 185 187 189 190
14 163 167 168 170 171 172 173 177 178 182 184 186 191 195
3 174 177 185
13 163 169 174 177 180 182 184 188 189 190 193 194 196
5 174 182 183 193 195
13 168 171 174 176 179 181 182 186 187 188 189 190 193
4 165 172 173 181
18 166 167 168 169 170 171 172 178 180 184 185 186 187 190 191 192 193 195
16 165 168 170 173 174 180 182 183 184 186 188 189 190 191 194 195
10 165 168 171 176 183 184 185 191 192 195
11 164 169 172 173 174 175 178 184 192 195 196
12 163 165 166 168 171 176 177 181 182 186 193 194
5 164 167 173 185 192
8 170 172 179 183 190 191 194 196
29 163 165 166 168 169 170 171 172 173 174 175 176 177 178 179 180 181 182 183 184 185 187 188 189 190 191 193 194 196
16 163 169 170 173 174 175 177 180 182 186 187 188 189 190 193 194
6 170 171 172 180 192 193
9 164 165 168 169 175 176 186 187 192
11 167 169 170 177 180 183 186 188 190 192 193
7 166 168 176 181 184 186 193
12 167 169 171 175 177 178 179 181 183 186 188 195
19 163 164 165 166 168 169 170 171 172 173 175 176 181 182 185 186 187 191 194
7 164 167 168 171 178 186 191
10 168 170 172 176 178 179 181 184 189 194
12 163 164 165 167 175 182 186 187 188 192 193 196
13 163 165 166 169 170 175 177 181 184 188 190 192 196
9 164 167 171 172 175 179 183 186 194
8 170 172 174 176 189 190 191 192
7 164 166 169 185 187 192 194
12 163 164 167 169 170 172 174 175 178 179 185 186
16 163 164 165 173 174 175 176 177 179 181 182 183 188 189 194 196
18 165 166 167 168 169 173 174 175 176 179 181 183 184 185 186 189 191 195
18 163 169 170 172 173 175 176 178 182 183 184 185 187 188 191 192 193 195
12 163 165 166 168 169 173 177 182 184 187 190 192
9 163 164 167 178 179 187 192 193 196
18 163 167 168 169 170 173 174 175 181 183 184 188 189 190 191 193 194 196
4 173 176 182 190
3 173 185 192
5 173 175 191 192 195
3 167 180 188
2 185 188
6 167 174 177 180 182 189
6 178 187 188 190 194 196
10 164 165 166 171 172 179 180 182 185 192
21 163 165 166 169 172 173 174 176 177 178 180 182 183 187 188 189 190 191 193 194 196
8 163 169 170 175 177 180 188 189
5 166 167 172 181 196
2 173 177
7 173 176 182 187 191 192 196
13 166 167 168 169 178 180 184 185 187 190 192 193 195
3 164 186 192
16 163 164 165 166 168 169 170 171 175 176 181 185 186 187 191 194
5 164 165 175 186 192
7 165 167 169 184 185 194 196
11 164 165 166 171 172 176 178 182 185 192 195
6 163 165 166 167 180 189
3 167 168 178
21 168 169 171 174 175 176 177 178 179 181 182 183 184 185 186 187 190 191 192 194 196
4 166 185 187 192
3 173 185 192
8 163 164 167 178 179 187 192 193
10 169 175 177 178 179 181 183 186 188 195
8 163 166 174 179 182 187 189 191
8 168 171 179 181 182 186 187 190
9 164 171 173 175 177 179 187 188 196
6 165 171 174 177 185 190
5 170 174 181 193 195
10 163 169 174 180 182 188 189 193 194 196
7 166 170 175 177 182 184 189
8 166 171 172 175 178 179 181 191
9 167 170 177 180 183 186 188 190 193
6 166 167 171 177 182 189
10 164 165 167 168 174 177 181 186 189 190
11 166 168 170 175 176 178 179 181 183 187 195
6 164 166 167 172 178 196
5 164 166 169 185 187
10 165 170 173 174 184 186 188 190 191 194
6 177 182 187 188 190 196
19 163 165 170 171 172 173 174 175 176 178 179 181 182 183 184 185 187 188 196
5 166 171 174 182 189
8 166 171 173 180 183 190 191 195
6 163 164 169 175 184 185
3 164 168 171
13 163 166 168 170 172 176 178 181 182 183 185 194 196
9 163 165 166 168 173 177 182 187 190
3 164 173 192
8 163 169 183 187 188 189 194 196
6 163 170 172 175 178 186
6 166 174 179 185 187 196
19 168 169 170 172 174 177 178 181 182 183 184 185 186 187 190 191 192 194 196
9 165 168 170 173 180 183 189 190 191
5 166 167 180 189 195
12 165 166 168 170 172 176 178 181 183 186 187 191
12 165 167 179 180 184 188 189 190 191 192 193 195
15 163 164 165 168 169 172 173 176 181 182 185 186 187 191 194
9 163 167 169 172 174 175 179 185 186
7 163 165 167 180 189 193 195
1 177
10 163 170 173 175 177 182 184 189 193 196
13 164 167 168 171 174 177 180 181 186 189 190 194 196
5 166 178 180 182 189
5 172 179 181 187 194
4 167 168 171 178
7 164 177 182 187 190 194 196
2 169 176
5 182 187 190 192 196
14 163 165 167 168 172 175 177 179 180 181 183 184 186 191
8 163 166 174 182 184 187 189 191
16 168 169 171 172 173 175 177 179 184 185 186 187 190 191 192 194
8 165 166 171 175 181 186 191 195
9 163 165 166 168 173 182 184 187 192
6 167 174 180 186 191 195
15 163 167 168 169 170 173 175 181 183 184 188 190 191 194 196
4 181 184 186 193
8 163 164 165 169 175 184 194 196
4 170 171 174 178
2 177 178
7 172 176 178 179 184 189 194
7 164 169 172 174 175 192 195
5 166 171 175 176 177
2 169 188
2 172 181
6 165 170 171 177 185 190
7 174 176 179 182 188 189 190
6 171 176 178 185 195 196
3 165 172 181
7 163 164 165 167 187 188 196
4 164 167 173 185
5 164 167 168 171 191
5 167 172 179 181 196
2 176 188
1 172
4 176 189 191 196
22 163 166 169 170 171 172 175 176 178 179 180 181 182 183 185 187 188 189 190 193 194 196
6 165 169 170 180 193 194
3 177 178 183
3 185 187 190
16 165 167 168 170 172 173 174 175 179 180 181 183 184 186 189 191
6 173 177 185 187 188 196
14 166 168 169 170 171 172 178 184 185 190 191 192 193 195
4 167 168 178 191
11 165 166 167 168 171 174 179 181 186 190 194
5 163 167 179 187 196
12 174 177 178 179 183 188 189 190 192 193 195 196
10 163 169 174 177 182 184 189 190 193 194
8 165 166 169 170 175 184 188 196
9 163 170 173 175 177 178 182 184 196
7 164 167 172 179 183 186 194
6 170 174 176 189 190 192
5 167 172 179 181 196
3 167 173 192
7 165 170 171 174 177 178 185
5 166 169 174 179 185
9 169 173 176 178 187 188 191 192 193
9 170 173 180 186 187 188 190 193 194
1 172
6 173 181 185 188 193 195
13 163 165 167 168 172 174 177 179 183 184 186 189 193
13 163 169 170 173 174 177 182 186 188 189 190 193 194
6 169 170 180 186 188 192
6 165 176 177 182 193 194
7 163 164 167 186 187 188 192
6 165 168 171 176 182 186
8 164 165 175 183 188 192 193 194
10 166 171 176 178 180 182 185 187 192 195
4 185 187 189 190
10 163 169 170 173 174 177 182 186 187 193
11 163 164 165 168 173 180 184 185 193 194 196
5 163 178 182 187 194
4 173 180 187 194
10 167 168 170 171 172 177 178 182 186 191
2 185 188
5 166 171 176 177 181
5 164 167 178 186 191
9 164 174 175 179 182 184 187 189 191
11 163 169 174 177 184 188 189 190 193 194 196
8 163 165 170 172 176 180 184 194
6 165 168 171 183 192 195
24 163 166 168 169 170 171 173 175 176 177 178 179 180 181 182 183 184 185 188 189 190 191 193 194
10 168 174 175 176 177 178 183 187 194 196
7 164 167 178 179 192 193 196
14 167 168 169 174 175 181 183 184 189 190 191 193 194 196
6 178 182 188 190 195 196
10 170 173 174 175 180 182 186 189 190 193
6 163 165 175 181 184 196
4 172 180 192 193
7 167 169 171 178 179 181 188
5 164 175 180 193 194
4 168 171 178 196
4 176 180 189 191
7 172 173 179 180 185 189 194
7 166 169 171 173 190 191 195
10 165 166 167 169 173 175 179 181 189 191
3 171 172 193
9 163 166 169 175 177 181 188 190 192
7 166 167 171 174 180 182 189
11 168 169 170 172 174 175 177 178 181 183 194
4 170 172 191 192
8 164 169 172 174 175 178 184 195
9 164 171 173 175 177 185 187 188 196
20 164 168 170 172 174 178 179 181 182 183 184 185 186 187 188 190 191 192 194 196
9 163 171 172 173 177 182 186 191 195
6 166 168 176 181 186 193
6 166 176 181 184 186 193
6 170 176 180 184 193 194
2 173 178
2 167 195
8 163 165 166 168 181 186 193 194
14 163 169 173 175 176 182 183 184 187 188 191 192 193 195
9 164 173 174 175 177 179 185 189 196
5 172 179 183 191 194
3 164 173 185
5 166 167 171 174 178
3 183 189 190
4 170 174 176 189
5 176 178 194 195 196
14 165 170 171 172 173 174 178 181 182 183 185 188 190 191
8 165 166 168 170 171 172 175 179
2 173 183
7 164 168 169 176 186 187 192
16 163 166 168 169 170 172 175 178 181 182 183 185 186 187 194 196
5 176 180 188 191 196
14 163 169 170 172 173 175 178 182 183 184 187 191 192 195
3 166 181 193
6 165 175 180 183 189 194
4 173 182 191 192
12 163 168 169 170 172 173 175 181 185 187 191 194
5 166 171 175 176 181
4 165 166 180 193
14 163 167 168 169 170 175 181 184 188 189 190 191 193 194
13 165 166 170 171 172 175 178 179 181 183 186 187 191
5 176 180 189 191 196
4 172 176 189 190
15 166 167 168 169 170 171 172 178 180 185 187 191 192 193 195
2 174 177
3 169 176 185
7 163 164 178 182 190 194 196
11 163 164 165 166 168 173 180 184 193 194 196
7 164 167 172 175 179 183 186
2 165 181
6 163 166 174 179 182 184
4 167 168 178 186
11 163 169 174 177 180 182 188 189 190 194 196
4 170 179 183 190
6 168 171 176 177 181 194
8 164 168 177 180 181 186 190 196
5 173 182 190 192 196
6 167 178 181 182 183 191
1 172
5 171 180 186 191 195
5 176 178 180 188 191
13 164 165 171 172 176 177 178 179 180 182 185 186 192
8 163 175 177 178 182 184 193 196
4 182 187 190 192
10 164 165 167 171 174 177 179 181 186 189
2 183 193
7 164 167 182 186 187 188 193
13 163 169 170 173 174 175 180 182 187 188 189 190 193
4 183 185 187 190
4 164 167 181 196
4 165 167 180 195
7 164 171 173 174 185 188 192
2 176 185
6 165 175 183 188 189 194
4 176 189 190 192
9 164 167 171 173 179 180 188 191 192
7 166 168 181 183 186 190 191
11 165 169 170 175 177 181 184 188 190 192 196
3 183 185 190
3 171 175 177
5 176 182 188 190 196
10 163 164 165 182 186 187 188 192 193 196
1 177
7 167 169 171 175 178 183 195
5 177 178 190 194 196
5 166 168 181 184 193
12 165 168 173 174 182 183 184 188 189 190 191 195
7 163 165 167 182 188 193 196
4 181 185 188 193
2 174 177
4 164 169 175 176
4 164 167 172 178
9 163 167 168 170 174 175 181 188 194
5 164 167 171 172 194
14 166 168 169 171 172 178 180 185 186 187 190 191 192 195
15 166 167 168 169 170 171 178 180 184 186 187 190 191 192 195
4 163 173 185 193
12 166 171 172 176 177 178 179 182 185 187 192 195
5 172 173 176 180 185
21 164 168 170 171 172 173 175 177 178 179 182 183 184 185 187 188 190 191 192 194 196
9 164 173 174 177 187 188 189 192 196
6 165 170 176 184 193 195
10 163 167 168 170 173 177 178 184 186 195
7 170 179 183 190 191 194 196
11 167 168 169 170 173 183 184 188 190 193 196
6 164 168 169 175 176 187
6 166 171 174 178 180 182
6 169 176 179 185 187 196
6 164 172 181 187 190 192
5 166 176 181 186 193
6 165 169 176 180 194 195
6 169 172 179 180 183 189
9 165 177 181 183 184 188 193 194 195
7 165 171 176 177 186 193 194
11 164 165 167 171 179 184 188 189 190 191 193
4 170 181 185 193
4 166 168 181 186
12 168 169 170 171 172 180 185 186 187 190 191 192
8 172 176 178 179 181 184 189 194
2 164 185
3 164 173 185
6 173 176 189 190 191 196
6 164 172 181 183 187 190
4 163 164 167 187
14 165 166 168 169 173 174 176 179 181 183 185 186 191 195
9 165 167 171 179 184 188 189 192 195
10 164 171 173 174 175 177 179 187 189 192
6 176 178 182 190 195 196
6 164 178 179 187 192 193
3 170 192 193
3 166 187 192
8 168 170 172 178 179 181 184 189
7 168 181 186 188 189 190 193
9 165 166 168 171 176 177 181 182 186
6 173 184 185 188 193 195
3 174 183 193
5 166 172 180 192 195
9 164 172 173 174 175 178 184 195 196
15 165 166 168 169 173 174 175 176 181 184 185 186 189 191 195
6 166 175 176 177 181 185
4 164 169 185 194
5 170 171 180 192 193
6 164 168 172 183 190 192
1 172
6 181 184 185 188 193 195
11 168 170 174 180 182 183 184 186 190 194 195
7 163 175 179 182 184 187 189
5 167 170 174 177 178
4 170 174 189 192
2 174 185
12 163 167 168 170 171 172 173 182 184 186 191 195
7 167 177 180 183 188 192 193
4 166 170 180 192
15 163 167 169 173 174 175 181 183 184 189 190 191 193 194 196
5 164 167 175 184 185
11 165 166 168 170 171 172 178 179 181 187 195
5 166 171 175 176 181
4 183 185 189 190
1 172
6 169 171 173 190 191 195
12 165 166 168 172 176 178 179 181 183 186 187 195
7 166 174 176 181 187 190 196
11 165 166 167 169 173 175 179 181 184 186 191
2 173 185
5 163 174 179 182 187
3 165 173 181
10 163 166 170 173 175 177 178 184 189 196
7 163 169 180 184 188 190 193
9 165 168 170 173 180 183 184 186 190
6 174 176 179 185 187 190
6 163 167 179 187 193 196
6 166 167 180 189 193 195
2 177 185
3 178 180 196
8 167 169 170 180 183 188 190 192
3 173 182 192
11 168 171 179 181 182 186 187 188 189 190 193
4 168 171 185 195
5 167 181 182 183 186
5 167 178 179 193 196
16 163 164 165 166 168 170 171 172 173 175 181 182 185 186 187 191
18 164 168 169 170 171 172 173 174 176 178 181 182 185 187 190 192 194 196
19 166 167 168 169 170 171 173 177 179 181 185 186 187 189 190 192 193 194 195
23 163 164 166 167 168 171 172 173 174 175 176 177 179 180 183 186 188 189 190 191 192 195 196
15 166 168 169 171 174 176 181 182 184 185 187 191 194 195 196
13 165 168 172 173 175 177 178 180 181 184 186 191 192
12 163 164 167 173 174 178 181 187 189 190 191 195
17 163 164 166 168 171 174 175 176 178 179 183 185 186 190 191 192 196
19 165 166 170 172 175 176 178 179 182 184 185 187 188 189 190 191 192 194 195
12 166 168 170 173 175 177 178 179 182 184 186 192
17 163 164 166 167 170 172 173 174 177 181 182 183 187 189 193 195 196
23 163 166 167 168 169 170 173 174 175 177 178 179 180 182 184 185 186 187 189 191 192 195 196
16 163 166 167 169 170 171 172 176 177 178 183 184 186 192 193 194
13 168 171 172 175 176 177 178 183 186 187 188 190 191
21 163 164 165 166 168 169 171 172 173 176 177 180 181 182 185 186 187 192 194 195 196
18 163 164 165 167 169 170 171 172 176 178 179 181 182 184 187 188 190 191
13 170 172 179 180 182 184 185 186 187 188 190 192 196
12 163 164 170 174 176 178 179 185 190 191 194 195
23 163 164 167 168 171 172 174 175 176 177 178 179 180 183 185 186 187 189 190 191 194 195 196
12 163 164 166 171 173 174 176 179 187 189 193 195
12 169 172 173 177 178 179 183 184 185 190 191 194
12 167 168 169 171 173 175 176 181 183 186 188 192
22 163 164 165 166 167 169 170 171 172 173 174 176 179 182 183 185 186 187 188 192 193 194
17 164 165 166 168 169 170 172 173 174 177 179 182 184 185 186 189 193
21 163 164 168 169 171 172 177 178 179 181 183 185 187 188 189 190 192 193 194 195 196
16 167 169 172 173 174 176 177 178 179 180 184 185 187 191 193 196
18 164 166 167 168 169 171 172 175 176 178 180 181 184 187 189 192 194 195
18 164 166 167 168 170 172 174 178 179 180 181 182 183 188 189 192 195 196
17 165 166 167 169 171 173 175 176 180 182 184 185 186 187 194 195 196
17 167 168 169 170 175 176 177 183 185 186 188 189 190 191 192 193 194
16 163 164 165 167 169 170 176 179 182 184 185 188 190 191 193 196
15 163 167 171 175 176 179 181 182 183 184 187 188 189 193 194
23 163 164 165 166 167 168 169 173 175 176 177 178 179 180 181 184 186 188 189 191 192 195 196
13 164 166 167 171 174 178 179 185 188 189 192 193 196
14 163 164 168 170 171 176 177 182 189 190 191 192 195 196
10 163 164 165 168 174 176 182 183 189 194
15 163 165 168 169 170 174 175 176 177 181 182 183 189 190 195
13 166 167 170 175 179 181 182 185 188 189 190 193 194
13 163 164 166 167 168 172 177 179 181 187 188 189 196
18 166 170 172 173 175 176 178 179 181 184 185 186 187 188 189 190 191 194
22 163 164 165 168 169 170 172 174 175 176 179 180 181 182 187 188 189 191 192 193 194 196
12 167 168 171 175 179 182 183 184 189 190 192 194
10 163 165 179 183 184 185 189 192 194 196
17 164 167 168 170 171 173 175 178 181 182 183 186 187 188 189 190 196
20 163 165 166 167 169 173 175 177 178 179 180 182 184 185 186 187 188 189 194 195
20 163 165 166 167 171 172 174 175 176 177 180 181 182 183 185 186 189 191 192 195
12 163 169 170 171 176 177 178 180 181 183 185 191
22 163 164 165 166 167 168 169 170 172 174 175 177 178 179 181 182 188 189 190 193 195 196
20 163 164 165 166 174 175 177 178 179 180 182 183 185 186 187 188 190 192 193 195
16 164 166 167 168 169 170 171 177 179 180 181 185 187 190 192 193
20 165 167 168 170 172 173 175 176 177 179 180 181 182 183 185 188 189 190 191 196
20 163 166 170 171 173 174 177 178 180 181 182 183 184 185 187 188 191 192 194 195
15 163 166 167 169 175 178 179 180 181 182 185 187 188 193 194
16 163 168 175 176 178 179 180 181 184 187 188 189 190 191 192 196
10 164 168 169 175 176 178 187 190 191 196
19 163 164 165 168 171 172 173 175 176 178 180 184 186 187 189 190 192 193 196
14 163 165 166 167 168 171 172 173 174 177 181 187 191 194
10 164 166 171 172 174 177 181 183 188 194
13 167 171 172 173 175 176 178 180 189 190 191 194 195
18 163 165 167 168 169 170 172 174 175 176 178 180 184 186 187 188 192 195
19 164 166 171 172 173 174 175 178 182 184 185 186 187 188 189 190 193 195 196
10 163 171 172 176 178 179 181 184 186 191
10 164 165 176 179 180 181 182 184 195 196
22 163 164 165 167 170 171 175 176 177 178 180 181 182 185 187 190 191 192 193 194 195 196
13 164 166 167 168 170 173 174 176 178 189 190 192 193
14 163 164 166 167 173 174 176 179 180 181 183 184 186 194
18 163 164 165 167 169 171 173 175 177 180 181 186 188 191 193 194 195 196
22 163 164 167 168 169 170 171 174 175 176 177 179 180 183 184 186 188 189 192 193 194 196
21 163 164 165 166 167 168 169 170 171 173 174 175 178 180 186 188 189 190 191 194 196
10 165 170 171 172 180 181 186 189 193 196
11 164 166 169 172 179 181 184 185 187 188 193
15 164 165 166 167 172 175 179 182 183 184 187 189 191 192 196
22 166 167 168 169 170 172 173 174 175 177 178 181 182 185 186 188 189 191 193 194 195 196
14 163 165 169 171 172 174 176 177 178 182 187 188 191 193
18 166 170 171 172 173 174 175 176 178 180 181 183 185 186 189 191 192 194
12 164 167 169 171 174 177 179 180 182 184 188 195
21 165 167 168 169 170 172 173 174 175 177 178 181 185 186 187 189 190 191 192 194 195
20 164 166 168 171 174 175 177 179 180 182 183 184 186 188 189 190 192 193 194 196
15 165 168 169 170 171 177 183 184 185 186 187 189 192 193 196
19 163 168 169 170 171 172 174 177 181 182 183 184 185 186 189 191 193 194 195
17 163 164 165 168 172 173 175 176 179 180 181 185 187 188 190 194 196
14 163 167 168 170 172 175 177 178 181 186 189 190 191 194
22 164 165 167 168 169 170 171 172 173 175 176 177 179 181 185 186 188 189 190 192 193 195
19 166 167 169 171 175 176 177 179 180 181 182 184 186 187 188 190 192 194 196
19 164 167 168 169 170 173 175 176 177 178 179 180 181 187 188 189 190 191 194
23 163 164 165 167 169 170 171 172 174 176 177 178 180 181 182 184 185 186 188 189 190 191 193
22 163 165 166 168 170 171 172 173 176 177 182 184 185 186 187 188 189 190 192 193 194 196
21 163 164 168 170 171 172 173 174 176 179 180 181 182 184 185 187 188 190 191 192 196
23 163 164 165 167 168 170 171 172 176 177 179 180 181 182 183 186 187 188 189 191 192 193 196
16 164 166 167 168 171 173 175 177 181 183 184 189 190 191 194 196
17 163 164 165 167 169 173 175 176 178 179 181 186 189 191 193 194 196
13 166 171 172 174 175 176 179 181 182 184 185 188 196
22 163 164 167 169 171 174 175 176 177 178 180 181 184 185 187 188 189 190 191 193 195 196
17 163 165 166 168 170 172 173 174 175 179 183 186 188 191 193 194 195
11 164 168 171 174 178 179 181 184 186 187 190
10 165 170 173 174 180 184 186 190 192 194
18 164 165 166 167 169 170 172 173 174 176 177 181 184 185 186 191 193 196
18 163 164 171 173 174 178 179 180 182 185 186 187 189 190 191 194 195 196
23 163 164 166 167 168 169 170 172 173 174 175 179 183 185 186 187 188 189 190 191 192 194 196
22 163 166 169 171 173 174 175 176 178 179 180 183 185 186 187 188 189 190 191 193 194 195
23 167 168 169 170 172 173 175 176 177 178 179 180 182 183 184 185 186 188 189 192 193 194 196
22 164 165 168 171 172 174 175 176 177 178 179 181 183 184 187 188 189 190 191 192 194 196
18 164 165 166 168 169 171 172 176 177 178 179 180 184 185 191 192 194 195
21 163 164 168 169 171 172 173 174 175 177 178 179 181 182 184 185 187 188 189 190 192
22 163 165 166 168 169 170 172 175 176 177 178 179 183 184 186 188 189 191 192 193 194 195
11 163 166 170 173 175 177 181 186 187 189 195
11 164 170 171 174 180 181 182 188 190 191 196
12 167 168 171 172 179 180 182 183 189 190 191 195
11 163 168 172 177 178 182 185 193 194 195 196
18 164 165 166 167 172 173 174 177 179 180 182 183 186 187 188 190 191 196
11 163 166 168 169 172 181 186 187 188 191 192
22 163 167 168 170 171 172 173 174 176 178 179 181 182 183 184 185 186 187 189 191 192 196
21 163 164 165 166 168 169 170 172 173 174 175 178 180 181 184 185 187 188 189 194 196
19 163 164 166 167 168 170 173 175 176 179 181 183 184 185 186 188 189 191 193
21 163 165 166 167 169 171 172 173 174 175 176 181 184 185 188 189 191 192 193 194 196
22 163 166 168 169 171 172 173 174 175 176 177 180 181 182 185 186 188 189 190 192 193 194
10 163 164 165 171 174 176 178 185 193 196
16 168 169 170 172 174 175 177 178 180 181 188 190 191 192 195 196
21 164 166 169 170 173 174 175 176 177 178 179 180 182 183 184 185 188 190 192 194 196
10 167 171 181 182 184 188 191 193 194 196
20 164 165 168 169 170 171 172 174 175 179 181 182 183 185 186 189 190 192 194 195
13 163 164 168 170 171 174 175 178 179 180 187 188 191
17 165 168 169 173 175 177 179 180 181 182 184 185 186 192 193 194 195
16 163 166 167 169 170 171 174 176 177 179 181 182 184 185 189 196
18 164 165 167 168 169 173 174 175 177 178 179 180 184 187 188 190 191 196
21 163 165 167 169 170 171 172 173 176 177 179 180 183 184 185 186 190 191 193 194 195
11 164 166 174 176 178 181 182 184 185 192 193
18 163 166 167 170 171 172 174 177 179 181 183 184 185 186 187 188 190 193
14 163 165 167 168 170 176 178 181 184 185 187 191 194 195
19 167 168 169 170 172 174 177 178 180 182 183 184 185 186 187 190 191 194 196
11 168 170 171 173 176 182 185 186 187 189 196
22 164 165 167 168 170 171 173 174 175 177 178 180 181 182 183 184 185 186 188 191 193 195
12 164 167 170 171 175 179 181 182 184 189 190 192
12 163 166 171 178 179 180 181 183 187 188 192 195
19 163 164 166 167 170 171 174 177 179 181 183 185 186 187 189 190 191 193 196
21 163 164 166 167 168 169 170 171 172 178 180 181 182 183 184 188 189 190 192 194 196
10 163 172 177 182 184 186 188 190 191 195
23 163 165 166 169 171 173 174 175 176 177 178 179 180 181 182 185 186 187 189 191 192 194 195
15 164 165 166 168 170 172 173 175 177 180 181 184 187 188 193
21 163 167 168 169 170 171 175 176 177 178 179 181 182 183 184 187 188 189 193 195 196
14 163 170 171 175 176 178 179 180 184 186 187 190 191 192
16 163 164 167 168 169 170 174 176 178 182 183 186 188 193 195 196
19 164 165 168 169 171 172 177 178 179 180 183 184 185 186 188 190 191 192 196
11 166 167 172 174 178 180 181 184 189 192 196
11 163 166 167 168 172 173 175 188 191 194 196
14 167 168 169 171 173 174 181 182 183 184 185 186 188 192
11 163 165 166 169 174 176 177 181 187 192 196
23 163 164 167 168 169 170 172 174 175 176 177 178 180 181 182 185 187 189 190 191 192 193 195
11 164 168 169 176 178 179 180 184 187 190 192
22 163 164 166 167 170 171 172 175 176 178 179 181 182 183 186 188 189 190 192 193 194 196
17 164 165 167 168 169 170 171 173 175 179 181 185 190 192 193 194 195
13 163 167 170 171 172 173 174 179 180 183 186 187 192
20 164 165 168 169 173 174 175 177 181 183 185 186 187 189 190 191 193 194 195 196
21 164 165 167 168 169 170 171 172 173 174 175 177 178 180 182 183 184 187 191 194 195
20 164 166 168 171 172 173 174 175 176 179 182 183 184 185 187 188 190 191 193 194
12 163 169 170 171 175 181 183 185 186 188 189 195
19 163 164 165 168 170 171 174 175 177 179 180 181 182 183 185 187 188 193 196
23 163 165 166 167 168 171 172 173 174 176 177 178 179 182 184 185 187 188 189 190 191 193 195
13 163 164 166 167 169 171 172 176 177 178 180 182 190
16 163 164 165 169 172 175 181 185 187 188 189 190 192 193 195 196
23 163 165 168 169 170 171 172 174 175 176 178 180 181 182 185 186 187 188 189 191 194 195 196
10 163 164 165 166 170 174 175 178 184 194
21 164 166 167 169 171 173 174 177 179 180 181 184 187 188 189 190 192 193 194 195 196
14 164 166 168 169 170 178 179 185 189 190 192 193 195 196
13 163 167 168 171 172 176 177 180 181 183 188 192 194
22 165 167 168 169 171 172 174 175 176 177 178 180 182 183 185 186 187 191 192 193 195 196
15 166 168 170 172 177 178 179 180 183 185 190 193 194 195 196
22 164 167 168 170 171 172 174 175 180 181 182 184 186 187 188 189 190 191 193 194 195 196
13 164 165 168 171 174 181 182 183 185 187 190 191 192
11 165 170 172 173 175 177 179 182 187 190 195
19 163 164 166 167 168 169 170 171 175 176 180 183 185 187 188 189 190 193 196
13 166 168 169 174 176 177 178 181 183 185 187 192 194
11 165 166 168 172 173 179 180 182 185 189 195
21 163 165 168 171 172 173 174 177 178 179 180 181 182 183 186 188 189 190 192 195 196
11 166 169 170 171 173 174 178 186 189 193 195
18 163 164 166 167 169 171 176 177 178 179 181 183 187 189 191 193 194 196
22 163 164 166 167 168 171 176 177 179 180 181 183 185 187 188 189 190 191 192 193 195 196
20 165 166 168 170 171 173 175 177 180 181 182 184 185 188 189 190 191 192 193 194
16 163 164 165 167 172 173 174 175 176 178 183 185 186 188 193 194
13 166 167 170 171 174 177 183 185 187 188 192 195 196
22 163 164 166 169 170 171 173 174 175 176 177 179 180 182 184 185 186 189 190 191 193 194
18 163 164 166 167 168 170 171 172 176 177 178 181 184 185 188 193 195 196
13 166 170 171 172 173 176 180 181 182 190 191 193 196
18 163 166 167 168 172 174 175 176 180 181 185 186 187 190 192 193 194 195
23 164 168 169 170 171 172 173 174 175 176 177 178 179 181 182 184 187 188 189 190 193 195 196
11 165 169 172 176 179 180 181 190 192 193 194
23 163 164 167 168 169 170 171 173 174 175 176 177 178 181 182 183 185 186 187 190 192 194 195
14 165 169 171 173 176 181 186 187 189 190 191 192 195 196
12 165 169 171 174 176 178 180 181 185 187 188 194
11 165 169 172 174 178 181 188 191 193 195 196
13 164 166 174 177 178 179 182 186 189 190 191 192 196
16 163 164 165 166 167 168 170 171 172 174 176 187 188 189 194 195
16 175 177 179 180 181 182 183 184 185 186 188 189 190 192 194 195
14 163 166 167 168 169 170 171 173 176 184 189 192 193 196
16 163 164 165 166 169 172 174 175 177 181 183 184 189 190 194 195
18 163 164 166 167 175 176 177 179 181 182 183 184 187 188 189 190 191 194
18 164 165 166 167 170 173 174 179 180 181 183 187 188 191 192 194 195 196
16 164 167 168 170 174 178 179 180 181 182 184 185 186 188 193 194
20 165 166 167 169 170 171 173 175 176 177 178 179 180 181 186 187 188 189 193 196
19 165 167 170 172 173 174 176 177 179 180 181 182 184 185 188 191 193 194 195
13 163 166 169 171 177 180 182 188 189 190 191 192 193
15 163 164 165 167 170 172 174 176 179 180 181 184 185 187 193
10 166 167 171 172 178 180 183 187 188 190
11 166 168 170 171 175 178 189 190 191 194 195
14 163 165 167 172 178 181 184 185 186 188 190 191 195 196
22 163 164 165 166 168 169 174 175 176 177 178 179 180 181 182 183 185 187 188 189 190 195
15 165 167 171 175 176 181 182 185 188 190 192 193 194 195 196
22 164 165 166 167 168 169 170 171 173 174 175 176 177 179 180 182 184 189 191 193 194 195
17 166 167 169 170 172 173 179 180 181 182 183 184 186 187 188 192 195
16 164 168 169 170 171 173 174 176 177 179 180 182 185 186 187 191
17 164 165 168 170 171 174 175 177 179 181 183 184 186 188 191 193 194
15 163 166 167 171 174 178 179 180 184 186 189 191 193 195 196
13 164 167 170 172 173 175 177 178 180 187 189 190 196
14 163 168 175 179 180 182 187 189 190 191 192 193 194 195
19 165 167 169 170 174 176 177 178 181 183 185 186 187 188 192 193 194 195 196
19 165 166 167 169 173 175 176 179 181 183 184 185 188 189 190 192 193 194 196
16 163 164 167 168 169 172 173 176 177 178 183 184 186 188 192 195
15 163 167 168 170 171 172 173 174 175 180 181 184 189 190 195
21 164 167 168 169 171 175 176 177 178 179 180 181 182 184 185 186 188 189 190 192 196
13 166 167 172 173 177 178 179 180 182 183 185 188 191
13 163 167 170 174 178 180 181 185 187 189 191 192 195
18 165 166 167 169 170 172 173 177 179 180 181 183 185 187 188 189 190 194
18 163 165 166 169 171 172 174 177 178 179 181 183 184 187 191 193 194 195
15 163 168 169 171 173 176 178 180 181 183 189 191 192 195 196
13 166 167 168 169 171 174 175 180 182 185 186 190 195
17 163 165 168 169 172 173 174 177 180 183 185 186 188 189 190 195 196
19 164 165 166 167 168 169 170 172 173 180 182 183 187 189 190 193 194 195 196
20 164 165 167 168 170 174 175 176 177 178 179 180 183 185 187 188 190 191 192 194
18 163 164 165 166 167 170 173 174 178 179 180 181 182 186 187 192 195 196
20 163 165 168 170 172 174 176 177 178 179 182 183 184 185 186 187 188 189 193 194
17 163 166 169 172 173 174 175 177 178 179 183 185 186 188 190 191 194
14 164 167 168 169 170 172 176 178 181 182 190 193 195 196
16 167 168 171 173 175 176 179 180 181 183 185 186 190 194 195 196
11 174 175 177 179 180 182 186 187 193 195 196
22 163 166 168 171 173 174 175 176 177 180 181 183 184 185 187 188 189 190 192 193 194 196
20 163 166 169 171 172 173 174 178 180 181 182 183 184 186 187 188 189 190 191 194
17 163 167 171 174 175 176 177 178 182 184 186 189 191 193 194 195 196
18 165 166 167 170 171 172 173 174 175 178 182 183 184 191 192 194 195 196
14 165 167 170 172 174 176 179 180 181 185 186 187 188 193
15 163 164 174 175 176 177 180 181 182 184 187 189 190 193 196
18 163 164 167 168 170 175 176 177 178 180 182 186 189 190 191 194 195 196
17 164 167 169 171 172 173 175 176 179 181 184 186 189 190 191 194 196
21 164 167 168 171 172 174 176 177 178 180 181 182 184 185 186 188 189 190 191 193 194
14 163 166 167 168 169 171 173 174 179 180 181 192 195 196
14 163 170 174 175 176 180 182 183 188 190 191 192 193 195
15 164 165 169 174 175 183 184 185 186 187 189 190 193 194 195
22 163 164 165 166 175 176 177 178 181 182 183 185 186 187 189 190 191 192 193 194 195 196
12 164 172 176 180 182 183 184 185 186 188 189 193
23 163 166 167 168 172 173 174 175 177 178 179 181 182 185 187 188 189 190 192 193 194 195 196
10 168 169 171 174 177 181 184 185 187 190
12 164 167 172 173 174 175 176 178 179 185 189 194
13 163 164 166 170 172 181 182 183 184 187 190 191 194
11 163 164 172 175 179 182 183 188 189 192 193
15 164 165 168 171 172 175 176 178 179 181 184 187 194 195 196
19 163 164 165 167 168 170 172 173 174 178 179 181 183 184 187 192 193 194 195
10 163 168 176 181 185 186 187 192 194 196
21 166 167 168 169 170 171 174 175 177 180 181 184 185 189 190 191 192 193 194 195 196
21 163 165 166 167 168 169 171 172 173 182 183 185 187 188 189 190 191 192 193 194 195
21 163 164 165 166 168 170 171 176 181 182 183 184 185 186 187 188 189 191 192 195 196
18 163 164 165 166 168 171 172 173 174 175 184 185 187 189 191 192 194 195
16 165 168 169 171 172 176 177 178 182 183 184 187 188 189 193 195
14 164 170 171 175 177 179 180 181 182 186 188 192 193 194
10 164 169 170 175 176 178 181 183 185 193
15 163 164 167 171 172 173 175 176 178 185 186 187 191 192 196
19 164 165 167 171 172 173 174 175 177 180 182 186 188 189 190 191 192 195 196
10 170 171 179 185 188 189 190 191 194 196
14 163 164 168 172 174 175 185 187 188 189 190 191 193 195
14 165 170 173 176 180 182 183 184 185 186 187 190 191 194
18 163 169 170 171 173 175 177 180 181 182 183 184 186 187 188 189 191 194
10 165 169 171 175 179 182 188 191 192 193
15 164 167 168 170 171 172 173 177 178 179 180 183 190 191 195
15 164 166 167 168 172 173 175 180 183 185 186 187 191 194 195
17 163 164 170 171 172 175 176 177 178 182 185 187 188 190 192 195 196
12 166 167 171 172 174 179 182 183 186 189 191 194
21 164 165 167 168 169 172 173 174 175 176 177 179 180 182 184 186 187 193 194 195 196
21 163 165 167 170 172 175 176 177 180 181 182 183 184 185 188 190 191 192 193 194 196
16 163 164 165 167 169 170 171 172 176 180 185 188 189 190 193 195
21 164 165 166 167 170 176 177 178 179 180 181 182 184 187 188 190 191 192 193 194 195
20 163 167 168 170 171 172 173 175 176 177 178 180 183 185 186 187 191 192 193 195
20 163 165 169 171 172 174 175 176 177 178 179 182 184 185 188 189 190 194 195 196
22 163 165 166 167 171 173 174 175 176 177 178 181 183 184 188 189 190 191 192 193 194 196
22 164 165 167 168 169 171 172 175 178 179 180 181 182 185 186 187 188 189 191 192 193 194
15 166 167 171 175 176 178 180 182 187 189 190 191 193 194 195
23 164 165 166 167 168 169 170 171 174 175 177 179 180 181 182 185 187 189 190 192 193 194 196
12 163 169 175 176 178 184 188 189 190 191 193 194
23 164 165 166 167 170 172 173 174 175 176 177 178 181 182 184 186 187 188 189 190 191 192 194
13 164 166 170 174 175 181 183 184 186 187 190 191 192
10 163 172 173 176 179 184 185 187 189 195
16 163 165 166 169 170 171 172 174 176 178 182 190 191 192 193 196
10 168 171 174 177 179 180 185 186 192 195
15 163 167 169 170 171 172 175 176 177 179 182 183 185 190 193
22 163 165 166 167 170 172 173 174 177 178 180 181 182 183 184 185 188 189 190 193 194 195
12 163 169 170 176 177 178 184 185 187 188 189 193
10 163 166 171 175 177 182 187 190 192 193
13 164 169 171 172 173 175 176 177 180 183 191 194 196
18 163 164 165 168 173 175 177 179 180 183 184 187 188 189 190 191 194 196
19 164 166 167 168 169 170 171 172 174 177 178 180 182 183 186 191 192 193 196
11 163 170 177 178 181 182 183 186 188 192 194
22 163 165 166 167 169 170 172 173 175 176 178 179 180 183 184 185 186 189 190 191 194 195
14 165 169 174 175 176 177 180 184 187 189 192 193 194 196
15 164 172 173 174 176 181 182 183 184 185 186 190 192 194 195
22 165 166 168 169 170 171 174 175 176 178 179 180 182 183 185 186 187 188 189 190 193 194
11 163 164 165 168 173 178 184 185 189 190 196
23 163 165 167 168 169 173 174 175 176 177 178 180 181 182 183 184 187 188 189 193 194 195 196
11 163 167 175 177 181 183 186 191 192 193 195
13 165 168 174 175 179 182 184 185 186 190 191 192 193
17 165 168 170 173 174 175 176 178 180 181 186 187 188 190 193 194 196
10 163 165 172 174 177 186 189 190 194 195
20 163 164 165 167 168 169 171 174 175 177 178 184 185 187 188 192 193 194 195 196
10 166 171 173 175 178 179 180 184 189 194
19 163 164 166 167 168 171 173 175 177 179 182 185 186 187 188 190 194 195 196
20 163 165 166 168 172 176 179 182 184 185 186 187 188 189 190 191 192 193 194 196
20 164 168 169 173 175 178 179 180 181 182 183 184 185 186 187 188 189 190 191 192
23 163 164 165 166 167 168 169 170 171 172 175 176 177 183 184 186 187 190 191 192 193 194 195
23 163 164 165 166 167 170 171 172 173 174 176 179 180 183 184 185 186 189 190 191 193 195 196
13 165 166 168 170 172 180 181 182 185 186 188 189 191
21 164 167 168 169 171 173 175 176 177 179 180 184 185 186 188 189 190 193 194 195 196
22 164 165 168 169 170 172 177 178 179 180 181 182 183 184 186 187 188 189 191 193 194 195
13 165 166 170 173 175 176 178 185 186 187 192 194 195
19 163 165 166 170 172 174 175 177 181 184 185 187 189 190 191 192 194 195 196
13 163 164 167 168 176 178 180 182 183 184 185 190 194
19 163 164 166 167 169 172 175 177 178 179 180 181 184 185 186 188 189 192 196
23 163 164 166 167 171 172 173 174 175 177 178 179 181 183 184 186 188 189 190 192 194 195 196
19 165 169 170 171 172 173 176 178 179 180 184 185 186 187 190 192 193 194 196
18 166 167 168 169 170 171 173 176 178 179 182 186 187 188 190 192 194 196
16 167 168 169 170 171 175 176 178 180 182 185 186 187 191 193 194
15 163 164 166 167 169 179 183 184 185 190 191 192 194 195 196
15 164 165 168 170 172 174 175 179 182 183 187 188 190 191 192
20 163 165 166 167 168 170 171 172 176 177 179 181 183 184 187 188 190 193 194 195
11 163 171 177 179 181 184 189 192 193 194 195
20 163 165 166 167 168 171 174 176 178 179 181 184 186 187 188 189 190 191 193 196
20 163 164 165 166 168 169 171 172 173 174 175 177 179 181 183 184 187 193 195 196
12 164 170 179 180 183 184 185 186 188 190 193 194
12 164 167 170 173 176 177 181 183 184 187 189 192
11 164 168 174 178 180 182 186 187 193 194 195
11 163 166 167 170 173 177 186 188 190 191 192
15 164 167 168 170 174 175 178 180 182 183 185 188 189 194 196
13 165 169 171 172 173 174 175 176 177 178 179 187 189
14 197 209 213 216 217 219 221 222 224 229 230 231 233 235
15 198 200 206 208 210 219 220 222 225 226 228 231 232 233 235
16 197 198 200 201 202 204 208 211 213 221 223 225 227 228 234 235
24 197 199 201 203 207 208 209 211 212 217 218 219 220 221 225 226 227 228 230 232 233 234 235 236
5 203 204 227 228 236
20 200 202 204 205 209 211 213 214 215 216 217 219 220 221 222 227 228 229 232 233
10 203 204 205 209 213 216 220 223 233 236
15 200 203 204 207 208 214 215 217 225 226 227 229 230 232 235
6 198 217 219 223 224 235
13 200 205 209 210 212 213 214 215 217 222 223 224 225
16 198 199 200 204 207 212 214 223 224 228 229 231 232 233 234 235
26 198 199 200 201 202 203 204 205 206 207 208 210 211 212 214 215 218 220 223 225 226 227 228 232 234 236
15 197 199 200 203 204 208 209 212 216 217 218 219 221 225 234
11 201 214 215 220 223 224 226 227 228 232 233
25 197 199 200 201 202 203 207 210 213 215 216 217 220 222 225 227 228 229 230 231 232 233 234 235 236
14 197 199 201 204 205 206 207 210 211 215 226 227 228 233
19 197 198 202 203 204 206 207 208 211 218 219 220 221 226 227 228 231 234 236
17 197 199 202 206 210 211 213 216 218 221 223 224 228 231 233 234 236
13 198 199 200 203 205 206 211 212 217 219 225 226 229
23 198 199 200 202 207 209 212 214 215 216 217 219 220 222 223 224 225 228 229 231 232 234 236
11 197 198 199 203 206 212 217 223 232 234 236
15 197 198 200 205 206 208 216 219 224 225 226 229 231 235 236
22 197 198 200 201 205 206 207 209 211 212 214 216 218 219 222 223 224 227 228 229 231 235
17 197 201 203 204 205 206 208 210 211 213 218 221 226 227 230 233 235
20 197 198 199 201 203 206 207 208 210 212 218 223 224 225 226 230 231 234 235 236
11 198 202 205 214 215 217 222 223 224 230 231
9 199 204 217 221 225 226 232 233 236
20 200 202 203 208 209 212 213 214 216 218 220 221 222 225 229 230 231 232 234 236
25 197 199 201 202 203 204 205 207 209 211 212 213 214 215 216 217 218 221 223 224 227 229 230 234 236
9 202 206 207 210 211 229 230 231 236
22 197 199 202 204 208 209 211 212 213 216 218 219 223 224 225 226 229 230 232 233 234 236
9 199 201 207 210 214 220 223 227 232
17 197 198 199 201 206 207 210 211 214 215 217 219 222 224 226 227 229
16 197 198 199 201 210 212 213 217 218 221 222 223 224 228 234 236
17 199 203 205 207 209 212 215 216 217 219 220 222 224 229 230 232 233
14 197 201 206 207 209 210 212 213 218 219 221 226 229 234
2 202 215
16 198 200 202 204 205 206 210 213 214 215 216 222 223 224 229 231
21 197 198 199 200 203 204 206 207 210 215 218 221 222 223 224 225 226 227 228 233 234
7 199 204 218 220 225 229 232
3 200 218 225
22 197 200 202 203 204 205 206 209 211 212 213 215 216 219 221 222 225 228 229 230 231 235
12 200 205 206 207 209 220 225 226 229 231 233 235
6 197 211 212 214 216 227
19 201 202 205 208 209 211 212 213 214 216 217 219 220 229 230 231 232 235 236
9 202 203 208 210 213 215 220 230 234
7 206 210 214 218 226 231 236
8 204 211 215 216 219 227 230 231
10 199 200 208 211 216 220 225 232 233 235
8 198 201 205 209 212 219 220 222
11 198 202 209 210 212 215 220 223 225 228 234
9 200 202 205 207 209 213 221 222 235
15 198 204 205 206 208 209 211 212 214 218 219 221 223 224 226
18 198 200 201 203 205 206 207 210 214 215 217 220 221 222 227 228 231 235
9 198 208 217 218 224 226 233 234 236
12 198 202 205 210 213 217 219 227 231 233 234 236
14 198 209 210 213 217 219 222 223 225 228 231 233 234 235
24 197 201 202 203 205 206 208 209 210 211 213 215 216 217 218 219 220 221 222 225 226 227 230 236
13 197 199 200 203 206 208 216 217 219 226 232 235 236
12 201 208 210 214 218 220 224 225 226 228 229 233
5 198 205 213 222 235
21 197 200 201 203 206 207 208 209 211 212 214 215 216 221 222 223 224 226 228 230 235
20 199 200 201 202 203 204 205 206 207 208 215 218 220 221 224 226 229 230 232 236
10 203 204 208 211 214 216 219 227 230 232
12 201 204 207 213 214 221 224 227 229 230 231 233
4 203 204 222 233
27 197 201 202 204 207 208 209 210 213 214 215 216 218 220 221 222 223 224 227 228 230 231 232 233 234 235 236
21 199 201 202 207 209 210 211 212 213 214 215 217 218 220 221 223 227 228 230 232 234
8 199 201 216 229 230 232 233 235
4 205 211 218 222
10 202 208 212 221 228 230 231 232 234 235
2 200 218
14 198 201 203 206 208 210 212 218 224 226 231 234 235 236
5 208 212 228 232 235
13 200 202 203 204 205 206 208 212 215 220 223 228 234
6 201 229 230 232 233 235
17 199 201 202 203 204 206 207 208 215 220 221 224 226 229 230 232 236
8 203 208 225 226 227 229 230 232
9 201 214 220 223 224 226 227 232 233
7 208 217 218 226 233 234 236
9 198 206 210 219 220 225 226 228 233
12 201 205 208 212 213 216 217 220 230 231 232 235
4 205 213 222 235
3 205 218 222
13 197 198 200 205 206 207 209 212 219 228 229 231 235
10 200 205 207 209 225 226 229 231 233 235
2 204 222
11 197 204 209 212 216 219 224 232 233 234 236
14 200 202 203 205 206 209 211 212 215 216 219 221 222 228
10 199 201 205 206 207 210 211 215 227 233
7 197 213 219 224 230 233 235
11 200 201 206 207 214 215 217 220 221 227 235
16 199 200 201 203 205 206 207 208 215 218 220 221 224 230 232 236
8 198 200 206 208 219 225 226 229
4 198 205 213 222
15 199 200 201 203 204 205 206 215 220 221 224 226 229 232 236
11 202 205 206 208 215 218 224 226 229 230 236
6 200 202 205 209 221 235
8 199 200 208 216 220 225 232 233
21 199 201 202 203 204 205 207 209 211 212 213 214 215 216 217 218 223 227 229 230 234
4 198 217 223 224
21 198 199 200 201 202 203 204 205 206 207 208 210 214 215 220 223 226 227 228 232 234
11 199 201 207 211 214 215 217 218 221 223 232
11 197 205 206 209 213 215 221 222 225 228 235
2 222 233
13 197 198 203 204 206 207 208 211 218 221 227 234 236
6 199 200 208 211 220 232
10 199 200 203 205 211 212 217 219 226 229
17 197 200 202 203 206 209 213 216 219 221 222 225 228 229 230 231 235
17 197 202 204 209 210 213 215 216 220 222 227 228 232 233 234 235 236
10 200 205 209 212 213 214 215 217 223 224
5 206 210 211 231 236
15 197 199 204 209 211 212 218 219 224 225 226 230 232 233 236
6 197 198 199 217 223 232
7 197 198 203 212 217 232 234
8 197 203 204 208 209 218 225 234
3 206 214 218
13 197 200 201 206 207 208 211 212 214 221 222 224 230
9 209 210 212 213 215 217 223 224 225
9 197 198 202 204 208 213 225 227 235
13 198 204 205 206 209 211 212 214 218 219 221 224 226
12 197 198 203 206 207 208 218 227 228 231 234 236
3 203 204 233
13 198 200 204 206 210 213 214 215 216 222 224 229 231
12 198 204 205 206 210 213 214 216 222 224 229 231
17 201 202 205 208 209 211 212 213 216 219 220 229 230 231 232 235 236
14 197 198 200 206 209 211 212 216 218 219 222 227 229 231
8 201 206 209 210 213 218 219 226
17 198 199 202 203 205 206 207 210 211 212 214 215 218 228 232 234 236
12 198 202 204 207 208 211 218 220 221 227 228 234
6 204 211 219 227 230 231
13 201 204 205 206 208 210 211 213 218 221 226 227 233
9 197 209 213 216 217 224 229 230 233
19 197 198 200 201 205 206 209 211 212 214 216 218 219 223 224 228 229 231 235
7 203 209 213 216 220 233 236
8 197 203 206 208 216 217 219 235
18 200 201 203 206 207 209 211 214 215 216 221 222 223 224 226 228 230 235
6 199 204 217 232 233 236
7 198 210 219 228 231 233 234
17 200 201 202 203 204 206 207 208 211 212 223 225 226 228 232 234 236
9 200 209 210 214 215 217 223 224 225
8 214 215 220 223 224 226 227 232
9 198 202 205 215 217 222 223 224 230
21 198 200 202 203 204 205 206 208 210 212 214 215 220 223 225 226 227 228 232 234 236
6 199 201 216 229 230 235
11 198 208 219 222 225 226 228 231 232 233 235
11 202 207 210 212 215 217 218 223 227 232 234
10 198 209 213 217 219 228 231 233 234 235
8 199 200 208 216 220 232 233 235
17 200 202 203 207 210 215 216 225 227 228 229 231 232 233 234 235 236
13 199 203 205 209 212 215 216 219 220 224 229 232 233
18 199 201 202 207 209 210 211 212 213 217 218 220 221 223 227 228 230 234
15 197 198 202 203 204 207 211 218 219 220 221 228 231 234 236
10 198 202 206 207 208 211 219 220 226 227
5 208 218 224 226 234
12 198 199 201 212 213 218 221 222 223 224 228 234
8 204 207 213 221 224 227 229 233
14 198 199 207 209 215 220 224 225 228 229 231 232 234 236
7 202 207 210 211 229 231 236
5 199 208 225 232 233
9 197 198 200 202 204 211 221 223 225
20 198 199 200 202 207 209 212 214 216 217 219 220 222 223 224 228 229 231 232 236
8 197 198 199 206 212 217 223 234
13 199 202 207 213 214 217 218 220 223 228 230 232 234
9 199 205 209 217 219 220 224 229 233
12 201 203 206 208 209 211 212 214 221 224 228 235
12 197 198 199 201 203 207 210 223 224 226 230 234
3 203 227 236
15 197 198 202 204 206 207 208 211 219 220 226 227 228 234 236
3 198 205 213
3 198 222 235
14 199 200 203 204 206 207 211 212 215 220 223 225 226 227
4 197 214 216 227
11 197 198 203 207 218 220 221 226 227 234 236
11 200 204 209 213 214 217 219 221 222 232 233
12 197 198 200 202 208 211 213 221 223 225 227 234
6 208 211 216 220 232 233
11 199 200 204 207 214 223 229 231 232 233 234
3 199 225 229
15 197 199 201 203 206 207 208 210 218 223 225 231 234 235 236
7 198 199 206 212 217 223 236
9 197 198 200 208 219 224 225 226 229
7 205 214 217 222 223 230 231
12 197 198 201 202 208 211 213 221 223 225 228 234
6 205 214 215 217 222 230
3 198 213 235
10 197 213 219 221 222 224 229 230 231 233
4 217 219 224 235
4 230 232 233 235
12 197 199 201 204 205 206 210 215 226 227 228 233
10 198 200 202 208 211 213 221 227 228 234
15 197 198 202 203 204 208 211 218 219 220 226 227 228 234 236
9 198 204 206 208 209 212 219 221 223
4 200 202 221 235
15 200 201 207 210 215 216 217 220 222 225 228 231 234 235 236
13 197 198 199 201 207 210 223 224 226 231 234 235 236
2 200 225
11 200 202 203 209 213 218 220 229 230 231 236
12 202 205 209 211 213 214 217 219 220 227 229 233
11 198 207 210 211 214 219 222 224 226 227 229
4 199 204 229 232
8 198 208 217 218 224 233 234 236
15 199 201 203 207 211 212 213 214 215 217 221 223 227 229 230
6 211 215 216 219 227 231
8 198 203 205 206 211 212 217 226
11 198 199 200 204 207 224 229 231 232 233 234
11 197 198 200 201 204 221 223 225 227 228 235
11 197 200 201 203 207 208 209 214 221 223 228
6 199 201 216 229 232 235
16 198 199 200 202 207 209 212 214 215 219 220 223 224 225 228 234
4 205 212 219 222
4 205 213 222 235
22 197 202 204 207 208 209 210 213 214 215 216 218 220 221 223 224 227 228 231 232 234 235
10 211 213 218 221 224 228 231 233 234 236
6 202 205 215 217 222 223
3 212 214 216
11 197 198 205 206 208 219 225 226 229 231 235
7 202 206 210 211 229 230 231
12 198 200 206 219 220 222 225 226 228 232 233 235
7 199 200 208 211 225 232 233
14 198 199 203 204 208 211 212 215 218 225 226 232 234 236
13 200 202 208 213 214 216 218 220 221 229 230 234 236
5 198 201 205 219 222
12 198 204 205 208 209 211 214 219 221 223 224 226
4 197 214 216 227
14 197 198 199 201 206 207 210 211 214 217 224 226 227 229
7 204 217 221 225 226 233 236
5 199 216 229 230 233
12 198 199 201 203 206 207 208 212 223 225 230 231
9 201 214 215 220 223 224 228 232 233
4 199 218 220 232
5 198 217 218 233 236
7 202 206 207 210 211 230 231
12 199 201 204 205 206 210 211 215 226 227 228 233
9 206 211 212 214 218 219 221 223 224
3 198 223 224
10 200 209 213 214 215 217 219 220 222 232
7 197 199 203 212 223 234 236
12 202 207 209 215 216 220 222 225 229 231 232 236
8 198 199 200 203 211 219 225 229
21 197 199 201 202 203 204 205 209 211 212 213 214 216 218 221 223 224 227 229 234 236
22 201 202 204 207 208 209 210 213 214 215 218 220 223 224 228 230 231 232 233 234 235 236
10 200 201 206 215 217 221 222 227 228 231
7 200 205 207 209 213 221 222
11 197 199 201 204 205 206 207 210 215 226 233
4 212 214 216 227
15 198 199 200 203 204 206 207 210 218 224 225 226 227 228 234
7 214 215 220 223 224 227 228
7 199 204 217 225 226 233 236
18 198 199 202 207 209 212 214 215 216 217 222 223 224 225 231 232 234 236
2 203 227
8 208 212 216 217 218 221 225 234
11 199 204 207 214 223 224 229 231 233 234 235
15 199 200 202 204 207 215 218 220 221 224 226 229 230 232 236
6 202 207 210 211 231 236
7 202 206 207 210 229 231 236
11 199 204 205 206 207 210 211 215 227 228 233
15 199 200 207 213 215 216 217 220 222 225 228 230 231 232 236
11 209 210 213 217 219 222 223 225 228 233 234
2 200 225
18 197 200 203 206 209 211 212 213 215 216 219 221 222 225 228 229 231 235
9 203 205 206 208 210 211 213 218 227
13 198 200 202 206 210 213 214 215 216 222 223 224 229
10 197 201 204 208 210 218 226 230 233 235
4 216 227 230 231
16 201 202 203 204 205 207 209 211 212 218 223 224 227 230 234 236
17 197 199 202 204 208 209 211 212 213 216 218 219 223 225 229 232 234
7 201 204 207 213 214 230 231
5 203 204 219 227 230
7 202 210 213 215 220 230 234
13 198 199 200 204 207 212 214 224 229 231 232 233 235
5 198 217 218 226 234
9 201 214 215 220 223 226 227 228 233
12 197 198 200 205 206 208 219 224 226 231 235 236
8 201 208 210 218 220 226 229 233
9 197 199 200 203 216 217 219 235 236
6 201 216 230 232 233 235
9 198 199 200 204 207 212 224 232 235
6 198 203 212 223 232 236
13 201 202 207 209 212 213 215 217 218 223 228 230 232
12 197 201 206 207 210 211 214 215 217 224 227 229
2 204 222
9 198 204 209 211 212 214 218 221 224
11 198 204 206 207 222 223 224 225 227 228 234
3 213 222 235
14 198 199 214 215 216 219 222 223 225 228 231 232 234 236
4 202 229 230 236
11 199 203 205 209 216 217 219 220 224 229 233
15 197 201 213 215 217 222 225 227 228 229 231 232 234 235 236
20 198 199 200 201 202 203 205 206 207 208 210 211 212 215 218 220 223 226 227 232
8 197 200 201 204 221 225 227 228
2 211 222
10 199 207 214 223 224 228 229 231 233 235
5 204 217 221 232 236
9 197 203 204 205 221 226 227 230 233
2 205 211
10 198 200 202 204 208 213 221 223 234 235
4 204 227 228 236
9 199 210 213 217 221 224 228 234 236
8 198 202 209 212 215 220 225 228
14 201 202 205 208 209 211 212 213 214 216 217 229 231 235
12 199 202 206 210 211 213 216 221 228 231 233 234
7 198 201 205 209 219 220 222
10 201 210 214 218 220 224 225 226 228 233
7 200 202 205 207 209 222 235
8 200 206 207 209 220 226 229 233
5 202 203 210 230 234
18 198 199 202 207 209 212 214 219 220 222 223 224 225 228 229 232 234 236
11 197 202 204 205 209 211 215 216 219 221 229
6 199 200 216 225 232 235
11 197 202 208 211 218 219 221 226 231 234 236
11 201 205 208 212 213 214 216 220 229 230 232
9 200 204 207 215 225 229 230 232 235
14 199 202 208 212 213 218 223 224 226 230 232 233 234 236
7 201 207 210 214 220 227 232
20 199 200 201 202 203 204 205 207 211 212 215 218 220 223 225 227 228 232 234 236
10 200 205 209 210 214 215 217 223 224 225
20 197 199 200 202 203 213 215 216 217 222 227 228 229 230 231 232 233 234 235 236
3 227 228 236
7 213 219 222 230 231 233 235
9 197 198 200 206 208 216 225 226 231
1 202
19 197 199 202 208 209 211 213 216 218 219 223 224 226 229 230 232 233 234 236
12 197 200 201 204 208 211 221 223 225 228 234 235
14 200 203 204 205 206 209 211 213 215 219 222 225 228 235
9 198 200 205 208 216 224 226 231 236
3 199 220 225
10 198 204 205 206 208 211 212 218 223 224
4 204 225 229 232
10 197 199 204 205 206 210 215 227 228 233
11 197 209 213 216 217 221 222 224 230 231 233
1 202
10 200 202 203 216 220 222 225 232 234 236
11 200 202 208 209 213 216 218 222 230 234 236
2 203 227
10 197 206 208 216 219 224 225 226 229 236
8 214 215 220 223 224 227 228 233
12 197 198 200 204 208 211 221 223 225 227 228 235
8 199 201 213 218 221 223 228 236
9 201 214 215 220 223 224 226 228 233
1 225
20 197 199 201 207 209 211 212 217 218 219 220 225 226 227 228 232 233 234 235 236
6 198 199 203 206 217 232
18 197 200 201 203 206 207 208 209 215 216 221 222 223 224 226 228 230 235
8 203 204 208 214 216 219 227 232
5 200 211 216 220 225
18 197 200 203 206 207 208 209 211 214 215 216 221 222 223 224 226 228 230
8 198 199 203 206 217 223 234 236
8 199 203 206 212 217 223 234 236
14 200 202 203 208 213 216 218 220 221 222 225 230 232 236
10 200 205 210 213 214 215 217 222 224 225
8 198 200 212 214 223 224 231 232
9 201 215 220 224 226 227 228 232 233
12 199 210 212 214 215 217 220 221 227 228 230 232
5 216 219 227 230 231
5 202 203 208 210 215
2 205 222
11 199 201 206 207 214 217 219 222 224 226 227
18 197 201 202 203 207 211 212 213 214 215 217 218 221 223 224 227 229 236
19 198 199 200 207 209 212 214 215 216 217 219 220 223 225 228 229 231 232 234
12 197 202 203 204 207 219 220 221 226 227 231 236
11 199 201 203 210 223 224 225 226 230 234 235
4 202 207 221 222
2 205 211
10 198 205 208 209 211 212 214 221 223 226
8 202 203 208 210 213 220 230 234
9 199 200 208 216 217 226 232 235 236
8 197 202 206 210 211 216 218 228
2 222 235
17 200 202 208 209 212 213 214 220 221 222 225 229 230 231 232 234 236
7 198 205 215 217 222 224 231
1 218
6 204 215 219 227 230 231
3 218 231 236
6 200 205 207 220 225 235
6 198 208 217 218 224 233
8 203 204 209 213 216 220 223 233
7 199 210 214 220 223 227 232
18 197 201 202 204 209 210 215 218 221 222 223 224 227 228 231 232 235 236
5 203 208 211 214 232
12 200 201 208 211 213 221 223 225 227 228 234 235
3 204 225 232
18 197 199 202 203 204 205 207 212 213 216 217 221 223 224 229 230 234 236
11 197 200 202 203 204 205 206 211 216 222 225
6 204 215 216 219 227 231
3 198 205 213
5 199 204 220 225 232
3 198 219 235
13 199 203 205 207 209 215 216 217 219 220 222 229 230
9 201 205 208 212 213 214 217 230 235
18 199 200 201 203 210 213 215 216 217 220 222 227 228 230 231 233 235 236
22 197 201 203 204 206 207 210 211 212 213 218 219 221 222 223 226 227 228 230 232 235 236
26 198 199 200 203 208 209 210 211 214 215 216 217 218 219 220 223 224 225 226 227 228 229 230 231 232 235
25 197 199 201 202 203 206 207 208 210 212 214 216 218 219 220 222 224 225 226 227 228 229 232 234 235
18 197 198 203 204 206 207 209 211 216 218 219 222 223 226 227 229 230 231
26 198 199 200 202 203 205 206 207 208 209 210 212 214 215 216 217 218 220 226 227 228 229 230 231 233 236
12 201 205 209 211 212 213 214 226 231 232 234 235
21 197 198 200 201 202 203 204 205 207 209 211 212 213 216 218 226 227 229 231 233 235
26 197 198 199 200 203 204 205 208 211 214 215 216 217 218 219 221 222 223 224 225 226 229 231 232 234 236
22 197 198 199 201 204 205 207 210 212 213 214 217 218 219 220 221 222 228 229 231 233 234
13 202 203 204 210 215 217 218 221 225 226 228 231 236
12 197 198 204 206 209 219 226 227 228 233 234 235
25 197 199 201 202 203 204 205 206 207 210 213 215 217 218 219 220 221 223 224 225 227 228 231 233 235
18 197 199 202 205 206 207 208 213 214 219 220 223 225 226 230 232 234 236
22 197 198 200 203 205 210 213 214 216 217 219 220 221 222 225 227 228 229 232 233 234 236
23 197 198 202 203 204 205 206 207 208 210 211 212 213 214 216 217 222 224 227 231 232 233 234
27 198 200 201 202 204 207 208 210 211 212 213 214 215 216 218 219 221 222 223 224 225 228 229 230 231 232 235
20 200 201 202 203 204 205 206 208 211 214 215 216 218 219 221 222 225 230 232 235
23 197 198 199 201 202 204 205 206 207 208 209 210 215 217 219 220 222 224 227 228 232 234 236
17 197 200 203 204 205 206 208 211 217 220 221 224 225 227 228 229 235
16 198 202 204 205 210 212 213 215 220 222 224 225 227 229 230 235
17 198 199 201 203 204 206 207 210 216 222 223 224 225 227 230 231 234
14 197 202 204 206 207 214 216 218 220 221 223 224 230 232
23 197 198 200 203 204 206 207 211 214 215 216 217 218 219 221 223 226 227 228 229 232 233 235
20 197 199 200 201 202 203 205 207 212 213 215 219 221 222 223 224 226 227 230 232
20 199 201 202 204 205 209 211 214 216 217 223 226 227 230 231 232 233 234 235 236
27 198 199 200 205 206 207 209 210 212 215 216 218 219 220 221 223 224 225 227 228 229 230 231 232 233 235 236
17 198 200 204 206 208 210 213 214 216 219 222 224 226 230 231 232 233
21 197 198 199 200 201 202 203 204 206 207 211 213 216 223 225 226 227 229 231 232 236
20 198 199 201 202 205 207 209 210 211 214 215 216 218 221 222 223 224 225 232 233
18 200 202 203 206 207 208 210 213 222 223 225 227 229 230 231 233 234 236
13 198 204 205 213 214 218 222 225 226 228 233 235 236
19 197 198 199 200 202 206 207 209 210 212 214 217 218 219 221 224 225 229 234
26 198 200 201 202 203 206 207 208 209 210 211 213 214 218 220 221 222 223 226 227 228 230 231 233 234 236
24 197 200 201 203 204 205 206 208 209 211 212 213 215 219 220 221 223 226 228 229 230 231 232 235
24 199 200 201 202 203 204 206 207 208 210 212 213 214 215 216 218 220 222 227 229 231 232 233 236
23 197 199 202 203 204 206 208 211 212 213 215 216 220 221 222 223 225 227 228 230 232 233 235
23 199 202 203 205 206 208 209 210 211 216 217 218 219 220 223 225 226 227 228 229 230 232 234
20 197 199 202 204 205 206 207 211 213 215 220 221 224 228 229 230 231 232 233 236
23 197 198 204 207 208 209 210 211 212 213 214 215 216 217 218 221 223 224 226 227 230 232 235
25 198 199 200 202 203 204 206 208 209 210 212 213 217 218 219 221 222 223 227 228 230 231 233 235 236
17 197 198 200 201 203 204 205 206 207 208 209 218 220 221 225 233 235
23 199 200 201 204 206 208 209 210 212 213 217 218 221 224 225 226 227 228 230 231 232 234 235
23 198 199 201 202 205 207 210 213 214 215 217 219 221 222 223 224 226 227 228 229 230 234 235
20 197 199 200 201 204 205 213 214 216 220 221 222 224 226 228 229 230 231 233 234
15 197 205 206 207 208 209 210 214 216 217 219 221 222 227 229
26 198 199 201 202 203 207 208 210 213 214 215 216 217 220 221 222 223 224 225 226 229 230 231 232 234 236
26 197 198 201 204 205 206 207 208 210 213 215 216 217 218 219 221 223 224 225 226 229 230 232 234 235 236
13 197 201 206 208 210 211 214 217 218 220 222 231 234
16 204 207 208 209 212 214 219 221 223 225 227 229 230 231 232 235
26 198 199 200 201 202 203 204 205 206 210 211 213 216 218 219 220 222 223 224 225 227 230 231 232 234 235
17 198 200 202 204 205 209 211 214 216 217 219 221 223 224 231 234 236
18 197 198 199 201 205 207 211 213 214 215 216 225 226 227 230 232 235 236
19 197 199 204 207 208 209 210 211 212 214 222 224 225 226 230 231 232 234 235
17 199 206 208 210 214 215 216 217 219 223 226 229 230 233 234 235 236
13 202 203 205 209 216 217 218 220 226 227 232 233 236
19 198 199 203 204 206 209 213 216 220 222 224 225 226 227 229 230 232 233 234
18 197 205 206 207 210 211 213 214 216 218 219 224 228 229 230 231 232 236
19 199 200 204 207 208 210 212 213 214 217 220 221 222 225 227 229 230 233 234
17 198 200 204 208 209 211 212 213 215 218 223 224 227 228 231 234 235
20 198 199 200 201 205 207 208 213 214 216 220 221 222 224 227 228 229 232 233 235
22 197 201 202 203 204 207 208 209 211 213 214 216 217 219 221 222 224 226 227 230 232 233
27 197 198 200 202 204 205 209 210 211 214 215 217 218 219 220 222 223 224 227 228 229 230 231 233 234 235 236
12 200 203 205 214 216 219 221 224 227 230 232 236
24 198 199 201 202 204 205 207 209 210 211 212 214 217 220 222 223 224 226 227 228 229 231 233 236
13 200 201 205 207 211 216 217 219 225 226 227 229 232
21 197 199 200 202 203 204 207 209 211 212 216 217 218 219 221 222 228 231 232 233 234
20 197 199 201 202 203 205 207 209 211 212 213 214 218 221 222 223 225 228 234 236
19 198 199 200 202 203 206 209 211 213 214 216 217 220 227 231 232 234 235 236
22 198 200 203 207 209 210 211 212 213 216 218 219 220 221 224 225 227 228 229 230 232 236
18 197 198 199 201 203 205 208 209 210 212 215 217 220 222 224 230 232 235
24 197 200 202 204 206 207 208 209 214 215 216 218 219 223 224 225 227 228 229 230 232 233 235 236
18 197 198 201 202 206 209 211 214 216 217 218 220 225 226 227 230 232 233
19 198 202 203 206 209 213 216 218 219 220 221 223 224 225 227 228 229 233 234
26 201 202 203 204 205 206 211 212 213 214 215 216 217 218 220 221 224 225 226 227 228 230 231 232 233 235
25 197 199 200 203 204 206 207 208 209 213 214 215 216 217 218 219 222 223 226 227 230 231 232 233 235
13 202 203 217 220 221 222 224 225 226 227 228 229 233
17 197 201 202 203 206 207 209 212 215 218 222 224 225 229 231 232 233
25 197 198 199 200 201 203 204 206 207 208 210 212 213 214 218 219 221 222 223 225 226 227 231 233 234
16 198 200 205 207 211 215 217 218 219 222 226 229 230 232 235 236
21 197 198 199 200 206 207 209 212 213 215 216 218 219 221 223 224 225 226 227 231 236
13 203 207 208 210 214 216 220 222 223 225 228 230 232
25 197 198 199 201 203 204 205 207 208 210 211 212 213 214 216 219 223 225 226 227 229 230 231 233 235
16 198 200 203 205 206 213 215 217 218 219 220 221 224 229 232 233
16 197 200 203 204 206 213 217 218 219 220 222 224 227 231 233 234
27 198 199 200 201 202 203 204 205 206 207 208 209 210 212 216 218 220 222 224 225 226 228 229 230 231 234 236
25 197 200 204 205 206 210 211 212 213 214 215 216 217 218 219 220 222 223 225 227 228 229 231 232 236
19 198 199 204 206 207 211 213 214 216 218 219 220 221 222 223 227 229 230 232
27 197 198 199 201 204 205 206 207 208 210 211 213 214 215 216 217 218 219 221 222 224 225 229 230 231 233 235
17 198 201 202 203 207 211 214 217 218 223 224 225 231 232 234 235 236
27 197 198 199 201 202 203 204 205 206 207 208 209 210 211 213 214 217 220 224 225 227 228 232 233 234 235 236
26 197 198 199 202 203 206 207 208 211 212 213 215 216 217 218 219 220 222 223 224 227 228 229 230 233 234
17 197 199 203 205 206 208 209 214 217 219 220 223 225 228 229 231 234
24 197 198 200 201 204 205 207 208 210 215 218 219 220 223 224 225 226 227 228 229 230 231 233 236
17 197 199 201 203 205 208 209 210 217 219 223 226 228 230 232 235 236
23 200 202 203 204 205 211 212 214 215 216 217 218 219 220 223 225 226 228 230 231 232 233 235
20 198 199 201 204 206 207 209 210 211 212 213 217 221 222 223 224 228 230 234 235
23 197 198 201 202 203 208 212 213 214 215 218 220 222 224 225 226 227 228 229 232 233 234 235
25 197 198 200 201 204 206 207 209 210 211 212 213 214 218 220 221 222 223 224 226 229 230 231 233 234
23 198 200 203 205 206 208 210 213 217 220 221 222 223 224 226 227 228 229 230 231 233 235 236
26 197 198 200 202 205 207 208 210 211 212 216 217 218 219 221 222 225 228 229 230 231 232 233 234 235 236
26 197 198 199 201 202 204 206 208 209 210 211 212 213 214 216 217 218 219 221 223 225 226 228 233 235 236
16 198 199 201 205 206 209 212 213 218 219 221 225 227 228 230 234
22 200 201 203 205 206 208 209 213 214 215 219 220 221 223 224 225 226 229 230 231 232 234
27 197 198 199 200 202 203 204 205 206 207 208 209 210 213 216 218 219 220 221 223 225 228 230 232 233 234 236
14 197 200 202 203 212 213 214 215 216 218 220 231 233 235
12 202 205 211 219 220 224 226 228 230 231 234 236
15 199 204 205 206 207 208 211 213 215 218 223 224 230 232 235
24 197 198 201 202 204 208 209 210 212 214 217 218 219 220 221 222 223 225 226 229 231 232 235 236
18 197 198 201 210 212 213 215 216 219 221 224 226 227 229 231 232 234 236
22 200 201 202 203 206 207 209 211 212 218 219 223 224 225 226 227 228 229 231 232 233 235
19 197 199 205 207 208 209 211 212 213 214 216 218 219 221 225 228 229 230 231
19 198 200 205 206 209 210 213 214 215 216 217 218 221 224 225 228 230 232 233
22 197 202 203 204 206 208 210 212 213 214 215 216 217 218 220 224 225 226 228 229 231 232
19 200 202 206 207 209 211 213 214 215 216 218 220 223 224 225 226 227 228 232
27 197 198 200 201 203 204 205 207 208 209 210 211 212 213 214 215 219 220 225 226 227 228 229 230 233 235 236
25 197 200 201 202 206 207 208 211 215 216 217 218 219 221 222 224 226 227 228 229 231 232 233 234 236
18 198 203 204 205 206 207 209 210 211 214 217 218 228 229 230 231 234 236
19 197 199 200 201 203 207 210 212 213 214 216 223 224 225 229 231 232 234 236
24 197 204 207 208 211 212 213 215 216 218 219 220 221 222 223 225 227 229 230 231 232 233 234 236
13 199 206 208 214 216 217 219 221 222 228 229 232 233
13 197 198 199 204 210 211 212 214 219 223 226 228 234
14 210 211 213 217 223 224 225 226 227 228 229 231 232 236
27 197 198 200 201 203 205 206 208 209 210 213 214 216 218 219 220 223 225 226 227 228 229 232 233 234 235 236
22 197 198 199 200 201 202 203 204 206 208 210 211 212 213 214 216 226 228 229 233 234 235
13 200 201 202 203 204 211 220 224 228 230 232 233 236
20 197 198 199 200 201 202 204 208 209 210 212 215 223 224 225 229 231 233 234 236
12 210 212 216 220 222 223 225 227 228 229 234 235
21 197 198 199 204 207 208 211 212 215 216 217 218 220 222 223 224 226 227 228 233 235
20 199 204 205 210 213 214 215 217 219 221 222 223 224 227 230 231 232 233 234 236
13 197 202 204 205 207 211 217 219 225 226 228 230 236
21 204 205 206 207 210 211 212 213 214 216 219 221 222 224 225 226 227 228 229 231 234
16 198 200 202 203 206 207 209 216 219 222 223 224 225 229 233 234
26 197 198 199 200 201 202 207 209 210 212 213 215 216 217 218 221 224 225 226 227 228 229 230 232 233 236
22 198 199 202 203 204 206 207 208 214 215 217 219 221 222 226 227 228 229 230 231 233 236
23 197 201 202 204 205 209 210 212 213 214 215 216 218 219 221 223 224 225 226 228 229 233 234
19 199 204 205 206 208 209 210 212 215 217 219 220 221 224 225 227 230 235 236
25 198 199 202 204 205 206 207 208 209 210 212 213 214 215 216 219 222 223 225 227 229 231 232 233 236
20 197 200 202 203 204 208 209 212 213 214 218 219 220 223 226 227 228 231 232 236
17 198 201 203 204 209 214 216 217 219 221 222 224 226 227 229 230 235
14 205 212 214 216 217 222 226 227 229 231 232 234 235 236
24 197 198 200 206 208 209 210 211 213 215 216 218 219 221 222 223 224 225 226 229 230 231 232 235
21 197 199 201 202 206 207 208 211 212 214 215 216 217 219 222 224 225 227 234 235 236
18 198 199 200 203 209 213 214 215 216 219 221 223 224 225 226 230 231 233
27 197 200 201 202 204 205 206 208 209 211 212 213 216 220 221 222 223 224 225 226 227 228 229 230 231 234 235
24 198 199 200 201 203 206 207 208 209 210 211 212 213 214 215 219 221 222 226 227 230 232 233 235
14 198 200 204 205 212 214 218 219 220 222 224 228 232 233
19 201 203 204 207 208 210 211 212 214 216 219 221 226 227 229 230 231 232 234
26 197 198 199 200 201 202 203 204 205 206 210 217 218 220 221 222 223 224 225 227 228 230 231 232 234 236
17 197 200 201 204 206 208 210 214 215 216 218 220 221 226 228 231 232
16 198 203 204 205 209 213 215 218 219 222 226 229 231 232 234 236
27 197 198 200 204 205 206 208 209 211 212 213 214 216 217 218 220 221 222 223 225 226 227 228 229 233 234 235
22 197 198 202 205 206 209 210 211 212 214 215 216 218 219 223 224 227 230 231 232 233 234
26 197 198 199 200 201 202 205 206 207 208 209 211 212 214 215 219 220 222 223 224 226 227 229 231 232 235
25 198 199 201 202 203 204 210 211 212 213 214 215 216 218 219 220 222 224 225 228 229 230 232 234 235
24 197 199 200 203 205 206 208 209 210 211 212 215 216 220 221 224 226 227 229 231 233 234 235 236
20 199 200 201 202 204 209 210 213 214 215 216 217 218 221 226 227 229 230 232 233
20 199 200 202 203 204 205 206 207 216 220 222 226 227 229 230 231 232 233 235 236
27 197 198 199 201 203 204 205 206 207 208 209 210 211 213 214 219 221 222 223 224 225 226 228 229 233 234 235
22 197 198 199 200 201 209 212 213 216 217 220 221 222 223 225 227 228 229 231 232 235 236
24 197 201 202 203 204 205 206 207 210 212 216 217 218 220 222 223 224 225 226 227 228 232 233 234
24 197 198 200 203 206 207 210 211 212 213 214 215 216 218 219 220 223 224 226 227 228 230 233 235
22 197 198 200 203 204 205 206 207 208 209 210 211 212 214 217 218 219 223 227 228 233 235
23 197 198 204 205 206 207 209 211 212 213 215 216 221 222 223 224 226 227 229 230 231 232 234
23 197 198 201 202 204 205 206 207 208 209 211 212 213 215 219 220 221 224 225 226 229 232 235
13 201 202 203 204 206 214 215 220 221 229 232 233 234
20 200 201 202 204 205 207 209 213 216 217 218 220 221 222 223 224 227 230 234 235
20 200 201 206 208 209 211 215 216 219 220 221 223 224 225 226 228 231 232 234 235
23 197 199 200 201 202 207 209 210 211 213 215 216 218 219 222 224 225 228 229 230 232 233 235
25 198 199 200 203 204 206 208 209 210 213 214 216 220 222 223 224 225 226 227 229 230 232 234 235 236
16 197 199 200 202 204 207 210 214 215 216 217 222 223 228 229 236
26 197 198 200 201 202 203 205 206 213 214 215 216 217 218 219 220 224 225 226 227 229 230 232 233 234 236
20 197 201 203 207 211 213 214 215 216 219 220 223 224 225 226 227 228 229 232 235
20 197 201 202 205 209 210 212 216 217 218 220 222 223 224 227 228 229 231 232 236
25 197 198 200 202 204 205 206 207 209 213 214 216 217 218 219 224 225 226 228 229 231 232 233 235 236
14 197 198 202 204 208 212 220 222 223 224 229 233 234 236
26 198 200 201 202 203 204 205 207 209 210 211 214 215 216 218 220 226 228 229 230 231 232 233 234 235 236
13 201 202 205 207 209 214 218 219 220 232 233 234 236
25 198 199 200 201 202 203 204 206 208 211 214 218 219 220 223 224 225 226 227 230 231 233 234 235 236
15 202 203 207 208 209 212 213 217 220 223 229 231 232 233 234
27 197 199 200 203 204 206 208 210 211 213 215 216 217 219 220 221 222 223 224 226 228 229 230 232 233 234 236
24 197 199 201 202 206 208 209 210 212 213 215 216 220 221 222 223 224 227 228 230 233 234 235 236
25 197 200 201 204 206 207 209 210 213 216 217 218 220 221 222 223 224 225 227 230 232 233 234 235 236
12 201 203 205 207 208 214 216 220 222 227 230 232
19 197 201 202 204 206 207 211 214 216 217 220 221 223 224 225 230 232 234 236
16 201 202 205 206 207 209 211 212 214 216 217 221 225 229 232 234
17 202 203 204 206 207 212 213 214 215 217 219 220 222 224 226 233 236
15 199 201 203 204 210 211 212 213 214 215 217 230 231 232 235
18 198 199 201 203 204 207 208 211 213 216 217 219 220 222 223 226 228 234
23 198 203 205 206 207 208 211 212 214 217 218 220 222 223 224 225 226 227 229 230 232 234 235
20 198 199 200 202 203 205 206 210 211 212 222 223 224 225 226 228 233 234 235 236
23 197 198 199 203 206 207 208 209 214 215 216 218 221 222 224 225 228 229 230 231 234 235 236
19 200 203 204 206 207 208 209 213 214 215 216 220 225 230 231 232 233 234 236
17 197 199 202 207 208 209 210 212 213 214 215 216 220 226 232 235 236
13 198 200 203 204 205 208 212 213 216 217 222 223 224
27 197 198 199 200 202 204 205 206 208 209 210 212 213 214 216 217 218 221 222 224 225 228 229 230 232 235 236
19 199 202 204 206 209 210 214 215 216 219 221 223 224 225 227 228 234 235 236
17 197 199 203 207 208 213 215 216 218 222 224 227 228 229 230 235 236
24 198 199 200 201 202 204 207 208 214 215 216 220 221 223 224 225 226 228 229 231 232 233 234 236
19 197 198 200 201 206 208 211 214 215 216 221 222 226 228 231 232 233 235 236
15 199 200 205 206 208 211 215 217 218 223 226 227 229 231 233
27 197 198 199 200 201 202 203 204 205 206 209 214 215 216 217 219 222 223 225 228 229 230 231 232 233 234 236
20 198 201 202 205 206 209 211 212 213 214 215 216 219 220 223 224 228 229 230 235
14 197 199 201 204 207 211 215 216 218 222 223 228 231 236
25 197 199 201 202 203 204 205 207 209 211 212 213 214 215 216 217 218 219 220 221 227 229 231 232 233
18 198 201 206 207 209 217 218 222 224 225 226 227 230 231 232 233 235 236
20 197 200 201 202 204 205 208 211 213 215 217 218 222 223 225 226 228 230 231 235
20 198 200 201 202 208 210 211 212 218 220 223 225 227 228 229 230 232 233 235 236
22 197 198 199 200 201 202 205 206 212 214 215 217 218 219 220 222 226 229 231 234 235 236
22 198 199 202 204 205 206 208 210 214 216 217 218 220 221 226 227 230 231 232 233 234 236
13 198 199 202 203 205 206 209 213 215 217 218 233 236
22 199 200 202 203 210 211 212 213 214 215 218 219 220 222 223 224 226 227 230 232 233 236
26 198 199 200 202 203 204 206 209 210 211 212 213 214 215 216 217 219 220 222 224 228 229 230 231 235 236
25 199 201 202 204 206 207 208 209 210 211 212 213 214 215 216 218 219 220 221 222 223 224 226 231 234
12 202 204 206 207 209 211 214 215 218 224 226 228
27 197 198 199 200 201 203 205 206 207 208 209 213 214 215 216 218 221 222 223 224 225 226 227 230 232 233 236
13 197 201 207 208 213 214 220 221 228 229 232 233 235
27 198 199 200 201 203 204 205 206 207 209 211 213 214 216 217 218 219 222 223 224 227 228 230 231 233 235 236
17 200 202 203 204 206 207 211 215 217 224 226 230 231 232 233 234 236
25 198 199 200 204 206 207 208 210 211 212 214 217 218 219 220 223 225 226 227 229 230 231 232 233 234
21 198 201 203 204 207 208 209 210 211 213 214 215 220 221 225 226 228 229 232 234 236
27 198 199 200 202 203 205 206 208 209 210 212 216 217 218 219 222 223 224 225 226 227 228 230 231 233 235 236
26 197 198 201 202 203 205 206 207 209 210 211 212 213 216 217 218 219 220 222 224 225 227 229 232 234 235
27 197 198 199 200 201 202 205 206 207 211 213 214 216 217 220 221 222 223 225 226 228 229 232 233 234 235 236
14 199 202 203 204 207 209 211 214 217 219 227 230 231 236
24 197 199 200 201 205 206 207 210 213 215 217 221 223 224 225 226 227 228 230 232 233 234 235 236
24 200 201 202 203 204 205 206 207 209 211 212 218 219 221 222 223 225 226 227 229 230 231 232 235
22 198 201 204 205 206 207 209 215 217 218 219 220 221 222 223 224 228 231 233 234 235 236
18 198 201 203 204 207 208 211 213 214 216 224 225 226 227 228 229 230 236
16 198 206 210 211 212 213 216 221 224 226 227 230 231 232 235 236
22 197 201 202 204 205 207 210 211 214 216 218 220 223 224 225 226 228 230 231 232 233 235
22 197 198 200 201 202 204 205 206 210 213 214 217 218 219 224 226 227 229 230 232 235 236
20 197 199 200 203 204 209 210 211 212 213 214 215 217 222 224 228 229 230 231 235
27 197 199 200 202 203 205 206 207 209 210 212 214 215 216 217 218 219 221 224 225 226 228 229 230 231 233 236
20 197 201 202 204 205 206 207 209 210 212 213 215 220 221 225 227 229 230 234 235
18 197 202 205 209 210 211 213 214 215 216 217 218 219 220 228 230 234 235
15 197 198 208 210 213 215 216 220 224 225 228 229 230 231 236
21 198 200 201 202 204 205 208 209 213 220 223 224 226 228 229 230 231 232 233 235 236
14 199 201 202 205 206 208 211 213 215 220 222 223 231 235
14 197 200 202 204 208 209 213 215 217 225 227 229 234 235
20 197 198 200 201 203 204 205 207 208 209 212 213 216 218 221 224 229 230 234 236
22 200 202 204 207 210 211 214 216 217 218 219 221 223 224 225 226 227 228 231 232 233 234
21 197 198 199 201 202 203 204 208 210 212 215 216 220 221 223 225 226 227 229 231 232
18 201 203 204 206 209 211 212 213 216 217 222 223 226 227 228 229 232 236
23 197 201 202 203 206 207 208 210 212 214 215 217 221 224 226 228 230 231 232 233 234 235 236
19 197 198 200 202 203 204 206 207 210 212 213 216 217 220 221 226 227 231 233
24 197 198 200 201 202 203 204 208 210 211 214 215 216 217 218 221 222 223 224 225 229 232 234 236
21 200 201 202 204 205 206 208 210 211 213 215 217 218 221 224 226 227 229 231 234 236
22 197 199 202 204 205 206 208 210 211 212 213 214 215 218 220 222 224 225 226 227 229 234
15 198 202 203 208 209 212 215 218 222 223 226 229 230 235 236
12 198 201 208 211 212 214 218 223 224 233 235 236
23 201 202 204 206 207 208 209 211 213 216 218 219 220 222 223 224 226 229 230 233 234 235 236
20 199 201 204 206 209 210 211 212 217 220 222 223 224 225 229 230 231 233 235 236
17 197 199 200 202 203 205 208 211 215 220 221 222 223 225 227 229 235
23 197 198 200 201 202 204 205 206 207 208 212 213 214 216 217 220 222 223 227 228 229 231 234
13 200 203 210 213 217 223 224 227 229 230 231 232 233
25 200 201 203 204 205 208 209 210 213 214 215 216 217 218 219 222 223 226 227 229 230 231 234 235 236
23 200 201 204 205 206 207 208 209 210 211 212 215 216 217 221 222 223 225 226 227 231 232 234
23 198 199 200 202 204 205 206 209 210 211 215 220 221 224 226 227 229 230 232 233 234 235 236
13 199 200 206 208 212 218 219 222 224 225 230 231 234
17 198 204 205 206 207 209 213 215 216 221 224 227 229 231 233 234 235
27 197 198 199 201 202 204 206 207 210 211 212 213 216 219 220 221 223 224 225 227 228 229 231 232 234 235 236
18 197 200 201 202 203 204 206 212 215 217 218 219 221 227 229 231 235 236
16 199 201 210 211 213 214 217 218 223 226 227 228 230 232 235 236
20 197 198 199 201 204 208 210 211 212 215 216 219 221 223 224 225 226 228 229 235
18 201 202 203 205 210 212 213 214 216 217 221 224 225 228 229 231 233 234
26 197 198 199 200 201 202 203 204 205 207 208 210 212 213 215 217 221 222 224 225 228 231 232 233 234 235
19 197 201 205 206 209 210 212 214 215 216 217 221 224 230 232 233 234 235 236
23 198 200 201 202 203 204 208 209 213 215 217 218 219 222 224 225 226 228 229 231 232 234 235
15 197 199 203 206 210 215 218 220 222 223 224 227 228 229 232
12 198 201 204 209 216 219 220 221 222 224 226 235
25 198 200 201 202 204 205 207 208 210 211 216 217 218 219 220 221 222 226 228 229 230 232 233 234 235
17 198 199 200 203 204 205 208 211 216 217 219 222 227 229 230 231 233
23 197 198 200 203 204 205 206 210 211 212 213 215 218 219 222 223 226 228 230 231 232 233 235
23 197 202 203 204 205 207 208 209 211 212 213 214 215 217 219 223 225 226 227 229 231 232 235
18 200 203 204 207 209 212 213 214 215 217 221 222 225 230 233 234 235 236
25 197 200 201 203 204 205 208 210 211 212 214 216 217 218 219 222 223 224 227 229 230 231 234 235 236
23 197 198 199 200 201 202 207 211 212 213 214 215 216 217 218 221 223 225 228 230 231 233 236
27 197 198 201 202 203 204 205 206 207 208 209 210 213 214 215 220 221 222 223 225 227 228 230 231 233 234 235
17 198 200 207 210 212 214 218 222 225 227 228 230 231 232 233 234 236
23 197 198 200 203 204 207 211 212 213 214 216 218 221 222 223 225 228 229 231 233 234 235 236
17 204 209 211 214 217 218 221 224 225 227 229 230 231 232 233 235 236
23 197 198 199 200 202 203 206 207 208 211 214 216 219 220 224 225 226 228 231 232 233 235 236
15 200 201 203 204 205 210 212 214 216 220 222 223 225 226 229
13 198 200 201 202 204 209 212 213 217 229 232 233 234
21 197 200 201 202 203 204 205 211 212 213 217 220 224 225 228 229 230 231 232 233 235
17 198 199 202 207 209 213 217 218 222 225 227 229 230 231 232 233 236
22 197 198 201 203 207 208 209 210 211 212 214 218 219 220 221 225 227 228 231 233 235 236
23 197 199 201 202 203 206 207 208 209 210 212 213 220 222 223 224 225 226 229 230 231 233 234
20 198 199 202 204 205 206 207 208 209 210 215 216 217 219 220 225 227 228 230 234
16 198 202 203 204 207 208 210 211 213 218 220 221 223 225 226 231
23 197 198 199 200 201 202 203 206 207 208 213 216 220 221 222 224 225 227 229 230 231 232 233
17 197 199 204 207 209 210 212 214 215 217 218 219 230 231 232 233 234
15 199 200 202 203 207 208 209 212 213 214 216 219 221 224 233
19 199 204 206 208 212 213 215 218 219 220 221 223 226 227 229 230 233 234 235
22 201 202 203 206 210 212 213 214 216 219 221 222 223 224 227 228 229 230 232 234 235 236
17 199 200 201 203 208 211 212 213 214 215 216 218 220 222 229 230 232
19 197 198 199 201 207 208 209 210 212 214 221 222 223 224 226 227 228 232 235
18 197 198 199 200 201 206 208 209 213 214 221 222 224 225 227 231 234 236
26 198 201 205 206 208 209 210 213 214 216 217 218 219 220 222 224 225 226 227 229 230 231 232 234 235 236
20 198 199 200 203 204 205 206 207 210 213 215 217 222 224 226 228 231 233 234 236
18 197 199 200 208 210 211 212 214 216 221 222 225 226 227 230 233 234 235
27 197 198 199 200 201 202 203 204 205 206 207 209 210 211 214 215 216 219 220 222 223 225 228 231 233 235 236
19 197 199 201 203 204 206 211 215 217 218 219 221 223 224 226 227 228 232 234
14 197 198 199 204 207 209 211 214 220 226 231 232 235 236
19 199 202 204 207 209 210 211 212 213 215 217 221 222 224 228 232 233 234 235
23 197 202 204 205 206 209 210 211 214 215 216 218 219 220 221 223 224 225 226 230 231 232 234
19 197 198 203 205 206 207 208 209 212 217 219 222 223 224 225 227 234 235 236
14 202 206 207 210 211 214 216 221 224 225 228 230 232 233
21 197 200 201 202 204 205 208 209 212 215 216 219 220 222 223 224 226 228 230 233 236
21 199 201 203 205 207 208 210 211 212 213 218 219 220 221 223 225 228 229 232 234 235
13 200 202 203 207 208 210 211 212 214 215 216 228 232
26 197 198 199 200 201 202 203 205 206 209 210 211 212 213 216 220 221 222 223 224 226 227 228 229 234 235
24 198 201 202 205 206 207 208 209 210 211 213 214 215 216 217 219 220 221 223 226 227 230 234 236
19 198 199 201 202 207 209 212 215 217 219 220 221 222 225 226 228 231 234 236
17 197 199 201 205 206 210 212 213 214 216 219 222 226 228 230 234 235
24 197 199 201 205 206 207 209 210 211 212 217 218 219 220 222 223 225 226 227 228 230 231 233 236
13 198 199 206 207 210 211 216 223 224 227 229 234 235
21 197 198 199 201 202 203 206 208 211 213 215 217 218 220 223 225 226 227 229 234 236
20 197 199 201 204 205 206 207 208 214 215 216 217 219 220 226 228 229 230 232 233
19 199 201 202 203 205 212 215 216 222 223 224 225 226 228 230 232 233 235 236
19 197 198 199 203 207 209 211 214 215 217 222 225 226 228 230 232 233 234 235
