192 1283
34 1 2 3 4 5 6 7 8 9 10 11 12 13 14 15 16 17 18 19 20 21 22 23 24 25 26 27 28 29 30 31 32 33 34
24 1 2 3 4 5 7 8 9 11 14 15 16 17 19 22 23 24 26 27 29 31 32 33 34
18 2 7 8 9 11 13 14 15 16 18 19 20 22 24 25 26 29 32
26 1 2 3 4 6 8 10 11 12 13 14 16 17 18 19 20 21 22 24 26 28 29 31 32 33 34
14 2 5 13 16 17 18 21 23 25 26 30 32 33 34
26 1 3 4 8 9 10 12 13 16 17 18 19 20 21 22 23 24 25 26 27 28 29 30 31 33 34
17 2 4 5 7 8 10 11 12 17 20 21 26 28 29 30 31 33
17 1 2 4 5 8 9 11 13 14 16 20 22 23 27 29 31 34
12 3 5 8 15 18 20 21 24 26 27 28 31
12 1 3 9 11 15 16 17 21 22 27 29 31
26 1 2 3 4 5 6 9 10 12 13 14 15 16 18 19 20 22 23 24 25 26 27 28 30 31 33
13 1 2 4 9 13 17 19 20 22 24 26 28 29
19 1 2 5 7 9 10 12 14 15 16 19 21 22 26 27 28 29 30 31
15 2 5 6 7 12 13 14 17 21 24 27 28 29 31 33
10 3 4 11 12 15 25 27 28 29 30
22 1 2 3 4 5 6 7 8 9 10 13 15 18 22 23 26 27 28 30 31 33 34
12 3 5 11 12 15 17 21 23 27 28 30 33
25 3 4 5 6 8 10 12 13 14 16 17 19 21 23 24 25 26 27 28 29 30 31 32 33 34
16 1 4 6 9 11 14 16 20 23 24 25 26 28 29 30 32
23 4 5 7 9 10 11 12 14 18 20 22 23 24 25 26 27 28 29 30 31 32 33 34
15 4 5 9 10 14 15 17 20 22 25 26 30 31 32 34
11 1 2 5 9 11 13 15 20 22 27 31
25 1 2 4 6 7 10 12 13 15 16 18 19 20 21 22 23 25 26 27 28 29 30 31 33 34
11 3 7 11 12 13 14 15 19 28 30 32
13 1 4 7 8 9 10 13 18 20 22 27 28 30
26 1 3 4 5 6 7 8 9 10 11 13 14 15 16 18 20 21 22 23 25 28 29 30 32 33 34
20 2 4 5 6 8 11 12 13 14 15 16 18 19 20 21 23 25 27 28 31
25 1 2 3 4 5 7 8 9 10 11 12 13 14 15 17 18 23 24 25 26 27 29 30 32 34
18 2 6 7 8 9 13 14 17 18 20 22 23 25 28 30 32 33 34
20 2 4 5 6 7 10 11 12 14 15 17 18 19 22 23 24 25 26 30 34
10 1 7 9 10 18 19 21 24 26 30
17 1 6 7 10 11 12 16 18 20 21 23 25 26 28 29 33 34
16 1 7 8 9 12 13 14 15 18 21 23 25 26 27 29 32
16 2 8 9 10 12 15 17 22 23 26 27 29 30 31 32 33
10 2 3 6 9 10 15 16 22 27 32
17 1 3 4 6 10 14 16 17 19 20 22 23 25 27 29 30 34
25 1 2 3 4 6 7 8 9 11 13 14 15 16 18 19 20 21 25 26 28 30 31 32 33 34
18 1 2 5 8 9 14 19 20 21 22 24 28 29 30 31 32 33 34
21 1 6 7 8 10 11 12 14 15 16 17 18 21 22 24 28 29 30 31 33 34
20 1 3 5 6 7 8 9 10 12 13 14 15 16 20 22 23 28 29 30 31
11 2 5 10 15 16 17 19 24 30 31 33
25 1 2 3 4 5 7 8 9 11 12 13 14 15 17 18 19 21 22 23 24 25 27 30 31 32
22 2 6 7 8 9 10 12 13 14 18 19 22 23 24 25 26 27 28 30 32 33 34
20 1 3 5 7 9 10 11 12 14 15 16 18 23 24 28 29 31 32 33 34
15 2 3 4 9 12 17 19 20 22 24 26 28 31 32 33
10 1 6 7 13 17 18 20 21 23 33
24 1 4 5 6 7 9 10 11 12 13 17 18 19 22 23 25 26 27 28 29 31 32 33 34
11 5 7 8 11 12 20 21 24 28 33 34
18 2 3 4 5 6 7 10 11 12 14 16 18 25 27 30 31 32 34
12 1 3 10 11 13 14 18 19 21 24 26 29
19 2 3 5 7 8 9 14 16 17 18 20 21 22 25 26 29 31 32 34
21 1 2 3 4 5 8 9 14 16 17 19 20 21 23 24 25 27 28 31 33 34
17 1 2 5 8 9 12 13 18 19 20 21 24 25 30 31 32 33
20 1 3 5 10 11 12 13 14 17 18 20 22 24 25 27 28 29 31 32 33
23 4 6 7 8 9 10 11 13 14 16 17 18 19 20 21 22 23 25 27 30 31 33 34
22 1 2 3 4 10 11 13 14 15 16 17 18 19 20 22 23 24 28 30 31 33 34
21 1 9 10 11 12 13 14 15 18 19 20 21 22 23 26 27 28 29 30 32 33
26 1 2 3 6 7 8 9 10 12 13 14 15 16 17 18 19 20 21 23 24 26 28 29 30 32 33
17 2 3 7 8 10 12 14 16 17 20 23 24 25 26 31 32 33
21 4 5 6 7 8 9 10 11 13 14 17 19 23 24 25 26 27 29 30 32 34
20 1 2 4 6 9 11 15 16 19 20 21 23 24 26 27 28 29 30 32 33
74 35 36 37 38 39 40 41 42 43 44 45 46 47 48 49 50 51 52 53 54 55 56 57 58 59 60 61 62 63 64 65 66 67 68 69 70 71 72 73 74 75 76 77 78 79 80 81 82 83 84 85 86 87 88 89 90 91 92 93 94 95 96 97 98 99 100 101 102 103 104 105 106 107 108
26 36 39 43 45 52 53 54 57 60 63 64 66 69 72 73 75 77 78 84 90 91 93 96 97 99 105
56 35 36 37 39 40 41 43 44 45 46 48 49 51 52 53 54 55 56 57 58 59 60 61 62 65 66 67 70 71 74 75 76 78 79 80 81 82 83 85 87 90 92 94 95 96 97 99 100 101 102 103 104 105 106 107 108
35 36 37 39 41 44 45 49 50 52 53 59 60 62 63 64 65 66 67 68 76 78 79 81 83 90 91 92 94 96 97 98 103 104 106 107
38 35 37 39 41 43 48 51 52 53 55 57 61 64 65 66 67 72 73 76 77 78 79 83 84 85 89 90 91 92 94 95 96 97 98 103 105 107 108
39 35 38 39 40 41 42 43 44 47 49 50 53 55 57 59 61 65 68 69 71 73 74 75 80 81 82 85 86 87 88 89 92 98 99 101 105 106 107 108
49 35 39 40 41 42 43 44 45 47 48 49 50 51 52 53 55 57 58 59 60 61 62 65 66 67 69 70 71 73 74 76 80 81 82 83 85 89 90 91 92 93 96 97 100 102 103 105 106 108
30 35 36 38 39 43 44 46 57 60 64 65 67 68 69 71 72 76 79 85 86 90 91 95 96 98 101 103 104 105 108
34 37 39 40 43 44 45 46 50 51 53 54 55 57 61 62 65 67 69 72 75 78 79 82 83 85 87 90 92 94 96 103 105 106 107
37 36 37 38 39 40 48 49 52 53 55 61 62 63 66 69 70 72 75 76 77 78 82 83 85 86 89 90 91 93 95 100 101 102 103 104 106 107
56 35 36 37 38 40 42 43 44 45 46 47 48 49 50 51 52 53 55 58 59 60 61 62 64 65 66 67 70 71 72 73 75 76 77 78 79 80 81 82 83 84 86 88 89 90 92 93 94 96 97 98 101 103 104 105 106
56 35 36 37 38 39 40 41 42 44 45 46 47 48 49 50 51 53 54 56 57 59 60 63 68 69 70 71 72 73 74 75 76 77 78 79 82 83 87 88 89 90 91 92 93 94 95 96 97 98 99 101 102 103 104 106 107
39 37 39 40 41 42 43 46 47 50 52 53 54 55 56 57 59 60 63 66 67 72 77 79 82 83 84 85 87 90 92 94 96 97 99 103 104 105 107 108
26 35 36 37 46 52 53 56 60 65 69 70 71 73 76 77 81 84 87 89 91 99 102 104 105 107 108
50 36 37 41 42 43 44 45 46 47 48 49 51 52 53 54 55 56 57 58 59 60 62 64 65 66 67 68 72 73 75 76 77 79 80 82 84 86 87 88 92 93 96 100 101 103 104 105 106 107 108
23 36 40 42 43 46 48 51 55 60 61 64 72 73 78 79 80 81 83 87 88 91 98 99
24 35 44 47 50 52 56 57 59 63 66 71 72 74 75 79 80 81 85 91 94 96 100 105 108
33 38 41 43 45 46 47 48 49 50 53 55 56 60 61 62 63 64 65 68 71 72 74 78 80 81 85 86 90 94 98 101 103 106
40 35 36 38 42 44 45 46 47 48 49 50 51 52 54 55 57 60 61 62 63 64 65 69 70 72 74 75 78 82 85 87 88 91 93 94 96 98 99 105 108
24 37 39 49 50 51 56 66 68 76 83 86 87 88 89 93 94 96 98 99 102 103 105 107 108
50 35 37 38 39 40 41 42 48 49 50 51 52 54 55 56 57 59 61 62 63 64 65 70 71 73 74 75 78 79 80 81 82 83 85 87 88 91 92 93 94 95 97 100 101 102 103 104 106 107 108
22 40 42 44 45 55 58 61 70 73 76 77 80 81 87 91 92 93 94 98 101 106 108
38 36 38 39 41 44 48 51 53 56 60 62 65 66 67 68 69 72 74 77 78 79 82 86 87 88 90 92 95 97 98 99 100 101 103 104 105 106 107
32 109 111 112 113 114 116 117 119 120 124 125 126 127 129 130 131 133 136 137 138 139 142 143 144 145 146 147 149 151 152 153 154
16 109 110 111 115 118 119 130 132 137 139 140 145 146 152 153 154
12 111 112 116 117 120 125 127 133 137 139 144 145
15 109 111 118 119 121 122 130 131 135 137 140 145 146 148 153
20 109 119 120 121 122 124 129 131 134 135 136 138 141 144 146 149 150 151 152 153
11 113 114 115 119 130 146 148 149 150 151 154
17 111 119 120 122 123 124 127 130 131 136 137 138 140 144 147 149 151
9 122 131 132 133 135 142 144 150 151
13 109 113 116 119 123 128 129 133 139 144 145 149 152
19 111 114 115 121 123 124 125 128 130 133 135 139 142 145 147 148 151 152 153
28 109 112 114 115 116 118 120 121 122 124 125 126 128 129 130 131 133 134 136 137 140 141 142 144 146 149 151 152
30 112 113 114 116 117 120 121 122 123 124 125 126 127 128 129 131 133 134 135 136 138 141 142 143 144 147 148 149 150 151
18 111 113 114 115 116 124 125 126 127 128 129 131 136 137 143 145 151 153
14 110 115 118 121 122 123 128 132 134 135 140 141 148 150
12 114 118 126 127 134 135 137 138 139 140 142 154
30 109 110 111 112 113 115 116 119 120 121 122 123 124 128 129 130 132 136 141 143 144 145 146 147 148 149 150 151 152 153
20 113 115 116 117 118 120 123 125 128 129 131 132 134 137 140 144 147 148 149 150
9 109 111 114 121 124 130 138 141 143
10 114 119 120 122 127 130 132 138 139 149
34 109 110 113 114 115 118 119 121 122 123 124 126 128 129 130 131 132 134 135 136 138 140 141 142 143 146 147 148 149 150 151 152 153 154
9 112 119 120 130 141 146 151 152 153
7 112 125 131 133 134 136 153
26 110 111 112 113 114 115 116 117 118 123 125 126 127 128 130 132 133 137 139 140 142 143 145 147 148 154
10 113 117 124 126 127 132 138 141 142 151
4 111 125 134 142
18 109 115 117 118 119 120 124 127 129 132 140 141 142 144 145 147 149 151
17 110 112 119 122 126 127 133 135 136 139 142 145 146 151 152 153 154
14 110 111 121 131 133 138 139 141 142 144 148 151 152 154
27 109 110 112 113 116 117 118 119 120 122 126 127 129 131 132 134 136 137 138 140 141 143 144 146 149 150 154
26 111 115 116 117 118 123 124 127 128 129 132 133 134 135 137 138 141 142 143 144 145 148 149 151 152 154
11 110 112 113 117 118 133 137 143 144 145 147
16 109 110 111 112 115 117 124 126 127 129 134 136 137 139 149 152
11 113 114 118 119 125 128 138 140 145 153 154
9 109 111 123 124 135 136 141 148 150
10 116 120 121 123 130 141 143 146 147 148
35 109 110 111 112 116 117 118 120 121 122 123 124 125 126 127 128 129 131 132 133 134 135 136 137 138 139 140 141 142 143 144 145 147 152 153
18 111 113 116 117 119 122 123 129 134 135 140 141 142 144 145 147 148 153
16 110 111 112 114 117 119 124 128 130 132 135 148 149 150 152 154
15 112 116 118 120 121 122 123 126 128 131 132 140 141 151 153
18 110 111 113 117 119 123 127 132 135 138 139 143 145 147 148 150 153 154
13 112 120 121 122 123 133 134 135 139 142 148 149 154
19 109 115 116 120 121 122 123 125 127 131 134 137 138 141 143 146 147 151 153
9 110 118 121 125 126 149 150 152 154
17 110 114 115 116 119 126 127 132 133 135 143 144 146 149 150 152 154
6 125 133 139 142 145 150
10 110 112 128 129 139 143 144 147 149 154
19 109 112 117 118 120 123 126 127 128 132 134 135 137 140 143 145 146 149 150
32 109 110 113 116 117 118 119 120 121 124 125 127 128 129 130 131 132 133 134 136 137 138 139 140 141 143 145 147 148 149 152 153
42 109 110 112 113 114 115 116 117 118 119 120 121 122 123 124 126 127 128 129 130 131 132 133 135 136 137 138 139 140 141 143 144 145 146 147 148 149 150 151 152 153 154
14 109 110 113 114 119 127 129 130 134 135 146 147 148 154
11 109 110 115 117 122 123 125 132 134 136 140
4 117 125 131 133
16 111 114 116 118 124 126 129 135 138 139 143 145 147 148 150 154
11 111 115 117 124 136 137 138 143 144 149 152
15 109 110 117 118 119 130 132 138 140 141 144 146 147 150 152
11 113 118 126 129 133 136 139 140 142 144 145
20 109 110 112 113 114 119 120 121 122 125 126 130 131 136 139 140 146 147 150 153
4 112 114 120 136
11 114 115 116 120 123 125 133 134 136 150 152
14 111 112 114 115 122 123 126 135 142 144 146 150 151 154
13 113 114 115 116 119 122 124 125 129 130 136 147 153
10 113 121 127 128 131 133 137 142 144 149
21 110 111 113 114 116 121 122 123 126 128 130 135 137 138 139 143 146 148 150 152 154
17 109 112 114 115 117 118 121 125 126 128 134 135 139 145 146 152 153
16 115 116 121 125 126 128 129 131 134 140 142 146 151 152 153 154
12 110 113 116 129 132 133 141 142 143 148 150 154
29 109 111 112 113 117 118 120 121 122 123 124 125 128 129 130 131 134 136 137 138 139 140 141 142 145 147 148 151 153
17 110 111 117 118 120 122 125 126 127 131 137 141 143 147 148 151 153
15 109 115 124 127 128 130 131 132 133 137 138 139 143 146 151
16 112 114 115 121 124 130 132 134 135 136 138 140 142 146 150 154
15 110 113 114 116 121 122 126 135 137 139 143 148 150 152 154
12 112 114 115 121 124 135 136 138 140 142 146 150
12 110 111 112 117 119 124 128 130 148 149 152 154
8 116 120 121 141 143 146 147 148
2 120 136
4 133 139 145 150
9 111 117 118 127 141 143 147 148 153
13 110 111 117 118 122 126 131 141 143 147 148 151 153
9 113 116 119 128 129 144 145 149 152
8 111 112 114 119 124 128 130 149
6 115 120 123 125 133 134
31 109 110 114 115 116 117 118 119 121 122 123 124 126 127 129 132 133 135 136 137 138 140 141 143 145 146 147 148 151 153 154
17 112 113 119 124 125 126 127 130 133 136 137 138 139 142 143 145 146
9 109 112 120 126 134 140 143 149 150
10 110 111 115 117 126 127 129 139 149 152
3 125 145 150
5 116 120 123 146 148
6 115 116 123 133 150 152
16 109 110 112 113 114 120 121 122 125 126 136 140 146 147 150 153
6 118 126 133 136 139 144
7 111 115 117 137 143 144 152
13 111 114 118 124 126 135 138 139 143 145 147 150 154
5 109 124 136 148 150
7 110 112 128 129 144 147 154
10 115 116 118 123 128 129 132 140 148 150
29 109 113 114 115 118 119 121 122 123 124 126 128 130 131 132 134 135 138 140 141 142 143 148 149 150 151 152 153 154
22 112 114 116 118 120 122 124 125 126 128 129 130 131 133 134 136 137 140 141 146 151 152
10 110 111 117 120 122 126 127 147 151 153
6 109 110 115 122 125 140
13 109 112 117 126 127 128 132 134 135 137 143 145 146
9 113 114 124 127 128 129 131 137 143
3 125 134 142
14 111 115 116 124 127 128 132 137 138 142 143 144 148 149
17 109 119 120 121 122 124 129 131 134 135 136 141 146 149 150 151 153
10 112 120 121 122 133 134 135 148 149 154
15 112 118 121 122 129 136 137 138 139 140 141 142 145 151 153
12 111 113 119 122 129 134 135 144 145 147 148 153
19 109 110 115 119 123 128 129 131 135 138 140 142 143 146 147 148 150 151 154
7 113 115 119 130 146 148 149
13 114 115 116 119 126 127 132 135 143 146 149 150 152
6 124 136 137 143 149 152
23 112 114 116 117 120 121 122 123 124 125 127 128 129 131 133 134 135 136 138 141 144 150 151
10 111 113 117 123 127 132 135 138 139 148
5 113 126 133 136 142
2 125 134
5 119 120 127 132 139
11 111 113 114 116 124 126 127 129 143 151 153
12 109 111 112 115 117 124 127 129 136 139 149 152
11 113 116 119 123 128 129 139 144 145 149 152
7 119 122 130 132 138 139 149
9 109 115 117 127 129 132 142 147 149
10 110 117 119 132 135 139 148 150 153 154
12 115 116 121 126 128 129 134 140 142 146 152 153
8 111 112 116 125 127 133 137 139
12 113 115 116 120 125 128 129 134 137 140 147 149
11 114 119 120 121 125 130 131 136 146 150 153
24 109 111 112 113 117 120 121 122 124 128 130 131 134 136 137 138 139 141 142 145 147 148 151 153
22 109 110 113 114 118 119 122 124 126 128 132 134 135 136 140 142 146 148 149 151 153 154
26 109 110 117 118 119 120 121 124 125 127 128 129 130 131 132 133 134 136 139 140 141 143 145 148 149 152
6 122 131 132 144 150 151
10 109 115 123 125 127 134 137 141 147 153
4 120 141 151 153
9 124 127 128 130 131 133 137 138 143
6 112 129 139 143 144 154
9 111 121 138 139 142 144 148 152 154
12 111 114 116 118 124 126 129 138 143 145 148 150
11 109 119 120 121 122 124 131 135 141 146 150
11 110 111 113 117 123 127 132 138 139 150 154
6 110 113 116 129 143 150
21 109 116 118 119 120 121 124 125 128 129 131 133 134 136 138 139 140 148 149 152 153
8 122 131 133 135 142 144 150 151
14 109 110 111 115 117 126 127 129 134 136 137 139 149 152
9 109 118 124 127 132 141 142 144 147
9 113 115 119 130 146 149 150 151 154
24 109 110 111 113 115 116 119 120 121 123 124 128 129 130 132 136 141 143 144 146 147 149 150 151
15 109 115 116 120 121 122 123 125 127 131 134 137 141 147 153
6 116 121 123 146 147 148
10 112 121 122 133 134 135 139 142 148 154
9 120 121 123 133 134 135 148 149 154
15 111 114 115 121 123 124 128 133 135 145 147 148 151 152 153
22 111 113 114 117 119 120 124 130 131 136 138 139 142 144 145 146 147 149 151 152 153 154
7 113 117 124 127 138 141 142
16 109 112 118 120 123 127 128 132 135 137 140 143 145 146 149 150
12 110 112 119 122 126 133 135 136 139 152 153 154
11 110 117 118 120 122 126 131 137 141 147 148
9 115 119 126 133 135 143 144 146 154
16 109 116 120 121 122 125 127 131 134 137 138 141 146 147 151 153
9 109 115 116 122 123 127 131 138 141
17 113 116 117 119 121 125 129 130 131 132 133 136 139 140 141 145 147
16 109 112 117 118 120 126 127 128 132 134 137 140 143 146 149 150
8 109 117 130 138 140 146 147 152
11 112 115 121 124 135 136 140 142 146 150 154
8 111 120 125 137 141 147 151 153
12 111 112 115 122 123 126 142 144 146 150 151 154
12 110 111 113 116 122 123 130 143 146 148 152 154
19 109 115 121 122 126 128 130 132 134 135 136 138 140 142 149 150 151 152 154
6 109 113 119 133 145 152
18 109 110 112 116 120 122 126 127 129 132 134 136 137 140 143 144 146 154
6 112 116 120 125 127 144
20 109 111 112 114 124 125 126 130 131 136 137 138 142 143 144 145 147 149 151 153
9 115 116 129 131 134 140 142 146 154
8 113 127 128 131 133 137 142 149
26 112 113 114 116 117 120 121 122 125 126 127 128 129 131 133 134 136 138 141 142 143 144 147 148 150 151
9 109 110 114 119 129 134 147 148 154
5 112 118 133 137 143
12 109 110 112 117 124 126 129 136 137 139 149 152
10 112 114 115 124 132 134 135 140 150 154
24 109 112 114 115 116 120 121 122 124 125 126 129 130 131 133 136 140 141 142 144 146 149 151 152
24 109 112 114 115 116 118 120 121 122 124 125 126 128 129 133 134 136 137 140 141 142 149 151 152
11 110 117 118 120 122 126 137 141 143 147 148
9 111 116 120 125 127 133 137 144 145
9 109 121 125 138 141 143 146 147 153
16 109 110 112 113 114 119 121 122 125 126 130 131 140 146 147 153
7 109 111 114 124 130 141 143
10 111 112 114 117 119 124 130 149 152 154
10 112 119 127 133 135 136 142 151 152 154
9 109 112 117 126 134 135 146 152 153
21 109 114 115 118 121 122 124 126 128 129 130 131 134 136 137 140 142 146 149 151 152
16 109 119 120 121 122 124 134 135 136 138 141 144 146 149 152 153
12 109 113 114 119 121 125 136 139 140 147 150 153
27 110 112 113 115 116 119 121 122 126 127 128 129 130 135 138 139 140 141 145 146 147 148 149 150 151 153 154
12 110 112 114 119 124 128 130 132 135 148 150 154
5 129 143 144 147 154
5 112 128 139 143 144
9 110 111 131 133 138 141 142 152 154
24 109 110 113 116 117 120 121 124 125 127 128 129 130 131 132 133 134 138 139 140 143 145 147 148
7 109 111 114 124 130 138 143
12 115 118 121 122 123 128 132 134 135 141 148 150
3 125 136 153
10 111 112 114 115 123 126 144 146 150 151
10 111 112 114 117 119 124 132 149 150 152
18 109 117 120 123 124 129 130 131 134 136 137 138 139 140 141 145 147 148
8 109 110 115 122 123 132 134 136
6 114 119 120 127 138 139
12 111 122 123 127 130 131 136 137 144 147 149 151
9 110 111 112 114 124 128 150 152 154
16 111 114 121 123 124 125 128 133 139 142 145 147 148 151 152 153
27 110 113 116 117 118 119 120 121 125 128 129 130 131 132 134 136 137 139 140 141 143 145 147 148 149 152 153
5 112 117 137 143 144
15 109 112 117 118 120 123 126 128 134 135 137 140 145 146 149
12 110 114 116 119 126 127 143 144 146 149 152 154
13 116 118 120 121 122 123 128 131 132 140 141 151 153
19 109 113 115 119 121 122 123 124 130 131 136 140 141 142 143 147 148 150 153
10 110 121 122 123 126 130 138 143 150 154
9 109 115 117 122 123 125 132 134 136
9 112 122 133 134 135 139 142 149 154
28 109 110 113 116 117 119 120 121 124 127 129 130 131 132 133 134 136 137 138 140 141 143 145 147 148 149 152 153
5 116 120 130 141 146
6 113 119 124 129 136 153
18 111 115 116 117 118 123 124 127 128 132 134 135 137 144 145 148 151 154
2 112 114
5 112 119 120 151 153
8 111 118 119 130 135 137 148 153
8 111 118 121 122 130 137 140 148
3 125 139 142
12 112 119 126 127 133 135 136 139 142 145 151 153
2 111 142
16 109 112 120 123 126 127 128 132 135 137 140 143 145 146 149 150
6 109 115 123 125 132 134
9 110 115 118 121 122 123 128 140 141
10 109 111 115 119 132 139 145 146 152 153
9 109 124 127 131 132 133 138 143 146
29 109 113 114 118 119 121 122 123 124 126 128 129 130 131 132 135 136 138 140 141 142 143 146 147 148 149 150 151 153
9 114 118 126 134 138 139 140 142 154
13 112 114 121 124 130 132 134 135 138 140 142 146 150
6 112 116 117 125 127 133
10 115 127 130 132 133 137 138 139 143 146
2 134 142
10 115 117 119 124 132 140 142 145 149 151
5 121 127 128 142 144
22 109 110 113 116 117 119 121 124 127 128 130 131 132 134 137 139 141 143 145 149 152 153
11 111 114 118 126 135 138 139 143 145 147 154
18 111 112 117 118 121 122 123 125 127 128 134 135 137 138 139 140 145 152
10 110 121 122 123 128 132 134 135 140 148
10 111 117 122 123 135 140 141 144 147 148
12 110 131 133 138 139 141 142 144 148 151 152 154
7 122 131 132 133 135 144 151
6 111 124 135 141 148 150
14 109 112 114 115 118 124 125 126 128 131 136 149 151 152
3 117 125 133
14 109 117 118 119 120 127 129 132 141 142 145 147 149 151
22 109 112 114 115 118 120 122 124 125 128 129 130 131 133 136 137 140 141 142 146 151 152
7 115 124 125 129 130 136 147
10 111 112 114 119 124 128 148 149 150 152
10 109 119 123 129 133 139 144 145 149 152
3 117 131 133
27 109 110 116 117 118 119 120 121 124 125 127 129 130 131 132 133 134 136 138 139 140 141 145 147 148 149 153
8 110 113 132 141 142 143 148 150
6 110 117 118 137 144 147
6 111 115 117 137 144 152
21 110 113 114 115 117 118 123 125 126 127 128 130 132 133 137 139 140 143 145 148 154
12 110 111 121 131 138 139 141 144 148 151 152 154
7 111 115 122 135 142 146 154
22 111 115 116 117 118 123 124 127 129 133 134 135 137 138 141 142 143 145 149 151 152 154
12 111 115 121 123 124 130 133 135 145 147 148 153
6 113 115 130 149 151 154
19 114 116 117 120 121 123 126 129 131 134 136 138 141 142 143 147 149 150 151
7 112 126 135 142 144 150 154
7 118 121 125 126 150 152 154
12 114 121 123 124 125 128 130 133 135 139 142 147
5 119 130 141 146 153
11 113 116 122 130 137 138 139 143 146 148 154
16 109 110 113 119 120 121 124 127 131 132 133 134 140 143 145 152
5 110 118 149 150 152
8 114 119 120 122 127 130 132 149
18 110 111 113 114 116 121 122 123 126 130 135 137 138 146 148 150 152 154
10 120 122 123 133 134 135 142 148 149 154
21 110 112 116 117 120 122 126 127 129 131 134 137 138 140 141 143 144 146 149 150 154
5 114 122 127 130 139
14 109 114 115 117 121 126 128 134 135 139 145 146 152 153
10 110 111 121 131 138 139 144 148 151 154
2 111 142
5 125 133 139 142 145
6 117 124 126 141 142 151
10 111 119 122 127 131 137 138 147 149 151
7 109 110 113 119 129 135 147
8 118 126 134 135 137 140 142 154
9 110 119 127 129 130 134 135 146 147
7 113 117 124 126 127 132 141
33 110 112 113 114 115 116 117 118 119 122 123 124 126 127 130 131 133 135 136 137 138 139 140 141 145 146 147 148 149 150 151 152 153
11 110 111 114 117 119 124 132 135 148 150 154
10 110 113 116 129 132 133 141 148 150 154
10 112 121 123 133 134 139 142 148 149 154
4 121 125 150 152
8 118 121 123 128 132 140 141 150
15 111 119 120 123 124 127 130 136 137 138 140 144 147 149 151
2 125 133
17 111 114 115 123 124 128 130 133 135 139 142 145 147 148 151 152 153
8 113 114 118 125 138 140 145 154
17 111 112 114 117 118 125 126 127 128 133 140 142 143 145 147 148 154
3 117 125 133
14 109 119 120 122 124 129 131 134 135 138 149 151 152 153
27 109 112 113 114 116 119 121 122 124 127 128 131 132 133 136 138 140 141 143 144 145 146 147 149 150 151 152
6 114 119 124 125 130 153
13 111 113 114 115 124 125 126 127 129 131 136 137 145
7 113 114 115 119 146 148 151
13 115 117 118 120 128 129 131 132 137 144 147 148 149
11 110 117 120 125 127 131 137 141 143 147 151
10 111 116 117 120 125 133 137 139 144 145
23 112 113 114 116 120 121 122 123 124 125 126 127 129 131 133 134 135 138 141 143 149 150 151
8 109 111 114 121 124 130 138 143
26 110 116 117 118 120 121 124 125 127 129 130 131 132 133 134 136 138 139 140 141 143 145 147 148 149 153
9 118 123 126 127 132 143 145 146 149
6 110 126 149 150 152 154
19 111 115 116 117 118 124 128 129 132 134 135 138 141 142 143 145 148 152 154
23 111 113 117 120 121 122 123 124 125 128 129 131 134 136 137 138 140 141 142 145 147 148 151
2 117 131
12 109 111 118 121 122 131 137 140 145 146 148 153
15 110 113 114 116 122 130 135 137 138 139 143 146 150 152 154
10 112 116 121 123 126 128 131 132 151 153
9 109 110 115 117 122 123 132 134 140
7 113 114 146 148 150 151 154
12 109 115 127 130 131 133 137 138 139 143 146 151
6 112 128 129 139 143 147
7 119 120 122 127 130 138 139
23 109 112 114 116 118 120 121 122 124 125 126 129 131 133 136 137 140 141 142 144 146 149 151
16 116 117 121 125 126 127 128 131 133 134 135 138 141 142 150 151
13 111 114 121 123 125 130 135 145 147 148 151 152 153
11 109 122 125 127 131 137 138 141 143 147 153
8 109 110 129 130 135 146 148 154
5 122 132 135 150 151
5 110 133 143 145 147
10 116 117 118 125 128 131 134 144 148 149
13 109 110 111 115 118 119 130 132 139 146 152 153 154
7 109 113 116 119 128 129 152
20 112 113 117 118 120 121 123 125 130 134 136 137 139 140 141 142 145 147 148 151
6 111 116 120 127 137 139
8 115 116 126 131 142 146 151 154
9 110 115 122 123 132 135 140 141 150
16 109 119 121 122 124 129 134 136 138 144 146 149 150 151 152 153
8 114 115 116 120 123 133 136 150
18 111 113 116 119 120 122 124 130 132 141 144 146 148 149 150 151 152 153
5 113 115 119 149 151
2 111 125
26 109 110 113 114 115 118 122 123 124 126 128 129 130 131 132 138 140 142 146 148 149 150 151 152 153 154
11 113 114 115 116 122 124 125 129 136 147 153
10 121 128 131 140 142 146 151 152 153 154
12 109 112 114 118 121 125 126 128 135 139 152 153
10 112 120 122 134 135 139 142 148 149 154
9 114 115 121 124 134 135 136 142 150
5 131 133 142 144 151
7 113 127 129 134 135 146 154
8 112 120 121 123 133 134 135 142
9 113 118 129 133 136 139 142 144 145
36 109 110 113 114 115 116 117 119 120 121 122 123 126 127 128 129 131 132 133 135 136 137 138 139 140 141 143 144 145 146 147 148 149 150 152 153
17 109 119 120 121 122 129 131 134 135 138 141 144 146 149 150 151 153
9 116 120 121 122 123 126 132 141 151
5 111 115 117 124 137
11 110 111 117 119 124 128 130 132 148 150 152
16 109 117 118 120 123 126 127 128 132 134 137 140 145 146 149 150
2 120 136
6 113 117 126 132 141 142
9 111 114 115 127 128 129 137 143 145
10 115 125 126 128 129 131 140 151 153 154
27 109 111 112 113 116 117 119 120 124 126 127 129 131 133 136 137 138 139 142 143 144 145 147 149 151 152 153
5 118 125 126 149 150
7 109 114 121 124 138 141 143
22 109 111 112 113 114 116 119 120 130 131 133 136 138 142 144 145 146 149 151 152 153 154
17 113 114 120 122 125 129 131 134 135 138 142 143 147 148 149 150 151
8 127 130 131 132 133 139 146 151
9 116 120 123 126 128 131 132 140 151
3 125 139 142
20 109 110 113 114 118 121 122 123 130 131 138 140 142 143 146 148 149 151 152 154
12 114 116 118 126 129 138 139 143 145 147 150 154
21 109 112 113 117 118 120 121 122 129 130 131 134 137 139 140 141 142 145 147 151 153
6 113 129 133 141 150 154
19 115 116 118 124 128 129 132 133 134 135 138 141 142 143 144 145 149 151 154
11 112 117 118 123 127 134 135 140 143 145 150
5 112 131 133 136 153
8 113 118 119 125 128 138 140 145
5 119 120 146 152 153
21 109 114 115 116 117 118 120 121 126 128 131 133 135 137 140 144 145 146 152 153 154
7 115 118 121 123 140 141 150
10 115 116 125 126 131 140 142 146 151 152
11 109 115 118 119 130 132 137 139 146 152 154
10 114 118 126 127 134 138 139 140 142 154
23 111 115 116 117 118 123 124 127 128 129 132 133 135 137 138 141 143 144 145 148 149 151 152
6 113 115 119 122 147 153
18 111 116 117 118 123 124 127 128 129 134 137 141 144 145 148 149 152 154
5 128 139 143 147 154
10 119 123 124 130 131 136 140 147 149 151
31 110 111 115 117 118 119 120 122 123 125 126 127 129 130 132 133 135 137 138 139 140 142 143 147 148 149 150 151 152 153 154
29 109 110 111 112 114 116 117 119 122 124 125 126 127 128 129 132 133 134 138 140 141 142 143 144 145 148 149 152 153
16 112 115 118 119 120 121 123 128 131 141 142 145 147 148 151 153
13 111 117 120 127 128 135 136 137 138 140 143 146 149
24 109 110 113 114 115 116 118 120 123 125 126 128 132 133 137 139 140 142 143 147 150 151 153 154
19 110 111 114 120 121 122 123 125 127 128 135 136 138 139 140 148 149 151 152
26 109 110 111 112 114 115 120 122 124 125 130 131 132 133 134 135 136 137 139 140 141 142 144 146 147 148
27 111 112 114 117 118 121 122 124 125 126 128 129 130 134 136 138 141 142 143 144 145 146 147 148 150 152 153
18 110 111 113 114 116 119 125 126 129 130 133 135 136 142 146 147 149 152
26 109 111 112 114 115 117 118 119 121 123 125 126 129 135 136 138 139 141 144 145 147 148 150 151 152 154
14 109 111 114 115 119 127 130 133 135 136 138 142 143 146
28 109 110 112 113 114 119 122 124 128 129 130 131 132 133 134 135 136 137 138 139 140 141 142 144 145 148 151 152
26 109 110 111 112 115 116 117 119 121 124 125 128 129 130 131 137 138 139 140 141 143 148 149 151 152 153
21 110 113 116 117 119 122 126 127 128 129 131 132 137 138 139 141 145 150 152 153 154
29 110 111 112 113 115 116 117 118 120 123 124 125 127 128 130 133 134 135 136 137 138 140 143 146 147 149 151 152 153
31 110 111 112 113 114 116 117 118 121 122 124 125 129 130 131 132 133 134 135 137 138 140 141 144 146 147 148 149 150 151 153
16 110 113 115 117 118 122 125 127 128 131 132 133 141 142 144 153
28 109 110 112 117 118 120 121 122 123 124 127 129 130 132 133 134 135 137 139 141 142 143 145 147 148 150 151 154
30 109 110 111 112 113 114 115 117 118 119 120 121 122 124 125 127 128 129 130 131 134 139 142 143 144 146 147 149 150 154
23 112 115 117 118 119 120 121 122 123 125 126 130 131 132 133 134 137 141 142 144 145 146 153
22 109 112 114 115 117 118 120 121 123 126 128 131 132 133 134 135 139 142 148 150 153 154
14 111 116 119 120 121 129 131 134 135 136 137 138 147 148
22 109 110 111 114 116 117 118 121 124 125 127 129 131 134 138 141 142 143 144 145 147 148
24 110 112 113 117 118 120 124 129 130 131 132 134 136 137 138 139 140 142 148 149 150 151 152 154
21 111 112 115 116 118 119 121 123 125 126 127 130 131 132 136 139 142 145 149 150 154
16 110 111 113 114 117 120 124 125 129 134 140 141 143 146 149 153
30 109 111 112 113 114 115 116 117 121 122 123 124 125 126 127 128 130 136 137 138 140 142 144 145 146 147 148 150 152 153
31 109 110 111 112 114 115 116 117 118 119 123 127 129 132 133 134 135 137 138 140 141 142 143 144 145 146 147 148 151 153 154
21 110 112 113 114 117 118 120 124 125 126 128 130 132 135 142 143 144 146 149 150 153
16 113 120 126 127 128 129 130 138 140 141 142 143 144 148 149 153
16 109 110 111 113 117 118 120 124 125 134 135 137 140 144 150 153
17 111 112 114 115 116 118 124 126 130 131 135 138 141 145 149 150 153
16 109 110 117 118 119 120 125 130 133 134 135 136 137 139 140 149
30 109 110 111 112 115 116 117 118 119 123 124 125 126 128 129 130 131 136 139 140 141 143 144 145 147 148 149 150 153 154
20 109 110 111 112 113 115 119 120 123 125 127 128 133 134 136 138 141 148 151 152
30 109 110 111 112 113 114 115 117 119 120 121 122 124 125 126 128 129 131 133 136 138 139 140 144 146 148 150 151 152 154
25 109 110 111 112 116 119 120 121 122 123 124 125 129 133 134 135 137 140 144 146 148 149 150 152 153
22 109 111 112 114 116 117 118 120 122 123 124 127 129 130 131 135 136 137 138 139 150 152
22 109 115 116 117 120 122 124 127 128 129 130 132 133 136 139 144 145 147 148 149 152 154
31 109 110 115 116 117 119 120 122 123 125 126 127 128 129 130 134 136 137 138 139 141 142 143 145 146 148 149 150 151 152 154
20 112 114 116 120 124 125 126 128 129 136 138 143 144 145 147 148 150 151 152 153
25 109 112 113 114 115 119 120 121 123 126 128 130 134 136 139 142 143 145 146 148 150 151 152 153 154
29 109 110 111 112 114 115 117 118 123 124 125 128 129 130 131 132 133 135 137 138 139 141 143 146 147 148 151 152 153
14 111 114 119 127 128 129 132 135 137 139 140 146 150 152
22 110 111 115 117 118 122 123 125 127 128 129 130 131 132 138 140 142 146 147 152 153 154
30 109 110 111 112 115 116 117 118 119 120 121 123 125 126 127 128 129 131 132 134 136 137 139 141 142 143 144 147 151 154
20 111 115 119 121 124 125 126 128 129 133 134 135 141 142 143 144 145 147 152 153
31 109 112 113 115 116 119 121 122 123 124 126 127 128 129 130 131 132 136 138 139 140 142 143 144 145 147 148 149 150 151 152
31 109 110 112 114 115 116 117 118 119 120 122 123 129 130 132 133 134 135 136 137 138 139 140 141 143 144 147 149 151 153 154
26 109 110 113 115 116 117 118 119 120 123 125 126 128 131 132 133 135 139 144 145 146 147 148 150 151 154
26 114 115 117 119 120 121 122 125 126 127 128 129 130 133 134 135 138 139 140 141 142 148 149 150 151 154
14 109 110 112 116 117 119 128 129 130 139 140 141 147 149
19 110 111 112 114 118 119 124 126 127 129 133 134 139 140 144 147 149 151 153
32 111 112 113 114 116 117 121 123 124 126 127 128 129 130 131 132 133 134 135 136 139 140 142 143 144 146 149 150 151 152 153 154
24 109 111 114 116 118 122 123 125 126 129 132 134 135 138 139 140 141 142 146 147 149 150 152 153
28 109 110 112 114 116 119 121 122 123 124 125 126 127 128 130 131 133 134 136 139 140 144 145 146 147 150 153 154
21 112 113 114 115 116 118 122 123 125 127 129 131 132 134 135 137 144 146 149 151 153
23 111 112 115 117 119 120 122 123 125 126 127 129 132 135 138 141 142 144 148 150 151 152 153
17 109 111 117 125 126 127 128 131 133 136 140 145 147 149 150 152 154
20 110 113 114 119 120 123 127 128 129 131 133 134 139 145 146 147 148 150 151 153
21 109 110 112 113 115 118 121 124 125 127 131 132 136 139 140 141 144 145 146 147 148
26 111 114 116 117 119 120 121 123 125 127 128 129 130 131 132 133 134 138 139 140 141 144 149 150 153 154
23 109 116 118 119 120 121 122 123 125 126 127 128 131 132 133 135 137 138 139 145 146 150 153
30 110 112 114 115 116 117 120 122 123 124 126 128 129 130 132 134 135 138 141 142 143 144 145 146 147 148 149 152 153 154
15 110 113 114 115 116 118 123 129 133 134 136 141 143 149 151
26 111 112 114 115 116 117 118 119 120 124 126 128 129 131 132 133 135 137 138 140 143 145 147 151 152 154
24 109 111 112 113 115 116 117 123 124 125 126 129 130 131 132 134 138 145 147 148 149 150 152 154
18 111 112 113 115 117 118 129 132 135 136 137 138 139 140 141 143 145 152
17 109 111 113 115 120 129 131 134 136 140 142 143 144 147 148 150 152
22 111 113 114 116 117 118 120 122 123 124 125 126 131 132 136 143 145 146 148 150 151 154
29 109 110 111 112 114 115 118 121 122 125 126 127 128 129 130 132 133 137 139 140 141 143 144 146 149 150 151 153 154
16 109 111 112 113 114 116 117 126 127 129 131 138 141 144 146 149
32 109 111 112 113 114 115 116 117 118 119 122 123 127 128 130 131 135 136 137 138 139 140 141 144 145 146 147 149 150 151 153 154
32 109 110 111 112 114 116 117 120 121 122 123 124 125 127 130 132 133 134 135 136 137 138 140 143 145 146 147 148 150 151 152 153
14 110 121 123 124 128 132 136 139 143 146 148 149 153 154
27 111 112 113 114 117 118 119 121 122 127 129 130 132 136 137 139 140 141 142 144 145 147 148 149 151 152 153
20 110 112 113 115 117 122 123 124 125 127 130 132 133 134 138 139 143 144 150 153
20 109 110 111 112 117 118 119 124 125 130 131 136 139 142 144 146 147 149 151 153
21 109 110 111 115 116 117 119 126 128 130 131 133 134 140 142 145 146 148 150 152 154
30 109 110 111 113 114 116 118 119 120 122 124 125 126 127 130 131 132 138 140 141 142 143 144 145 146 147 148 149 150 152
17 109 113 114 117 118 123 126 127 128 132 133 134 137 139 145 146 149
31 110 114 117 119 120 122 123 126 127 128 130 131 132 134 135 137 138 140 141 142 144 145 146 147 148 149 150 151 152 153 154
18 109 116 117 118 121 127 128 133 135 137 141 142 143 145 150 152 153 154
21 109 112 113 114 117 119 121 123 125 127 128 129 134 136 137 141 146 147 150 151 154
31 109 110 113 114 115 116 117 119 120 122 124 126 127 128 129 132 134 135 136 137 138 141 142 143 144 145 146 149 150 152 154
25 110 111 113 114 119 120 122 123 125 128 129 131 133 134 135 136 137 138 139 140 143 144 147 151 152
24 110 115 117 118 119 120 121 125 126 129 130 131 132 134 135 139 140 141 142 143 144 145 149 152
21 113 114 115 121 122 123 126 129 131 132 133 136 137 141 142 144 145 148 149 150 152
24 109 113 114 115 116 117 118 119 120 121 122 125 130 132 133 135 139 141 143 147 150 152 153 154
23 113 114 116 117 120 121 123 124 126 127 130 131 133 137 140 141 143 146 148 149 151 152 153
26 110 112 114 115 118 119 120 122 124 125 126 127 128 130 132 134 136 137 138 141 142 143 145 147 149 154
28 112 113 115 116 117 118 121 122 125 126 129 130 132 133 134 135 137 138 140 141 144 145 146 147 151 152 153 154
29 109 110 111 112 113 116 117 118 119 120 124 125 126 127 128 129 132 133 135 136 137 143 144 145 147 150 152 153 154
28 109 111 113 114 115 117 118 120 121 122 123 128 129 130 131 133 134 135 136 139 140 141 142 143 148 149 152 154
29 111 112 117 120 121 123 124 125 127 129 131 132 133 134 135 136 137 138 139 140 143 144 145 147 149 151 152 153 154
28 109 110 113 114 115 116 117 118 120 121 122 125 127 128 133 138 139 140 141 142 143 145 146 147 150 152 153 154
30 110 112 114 115 116 118 119 122 123 124 125 126 128 129 132 133 135 136 137 138 139 141 143 144 145 147 148 149 150 153
24 109 110 111 113 114 115 117 118 121 123 127 129 130 131 137 138 140 141 142 144 146 148 149 154
15 111 121 122 124 127 128 133 136 142 143 144 146 150 152 153
18 109 111 112 114 115 116 120 122 123 124 130 132 133 135 137 146 147 148
27 109 111 115 116 118 119 120 121 123 124 125 126 127 133 136 137 139 142 145 146 147 149 150 151 152 153 154
25 109 110 112 113 114 115 118 121 122 124 129 130 133 134 135 136 138 141 142 143 145 148 150 151 153
14 115 116 117 118 120 121 125 126 127 131 134 136 137 144
27 110 111 114 115 118 120 122 123 124 129 130 134 135 138 139 140 141 142 143 144 147 149 150 151 152 153 154
24 110 111 112 113 114 118 120 121 126 127 128 129 130 131 134 136 137 138 141 142 144 149 150 151
17 110 112 113 115 116 117 125 131 132 134 138 139 142 143 148 151 154
15 109 124 126 131 135 136 138 139 142 143 144 145 146 150 151
31 109 110 111 113 114 115 116 117 118 121 122 124 127 128 129 130 133 134 136 137 139 140 141 142 144 145 147 148 150 151 154
21 110 111 114 115 116 117 120 121 122 124 125 127 128 130 132 133 134 136 142 143 148
17 110 113 117 118 121 125 126 132 140 142 143 144 147 148 150 151 154
25 109 110 114 118 119 120 122 124 125 126 130 132 136 137 138 140 141 142 144 146 148 149 150 153 154
28 111 112 115 118 119 120 121 122 123 124 127 129 130 131 132 134 135 136 137 138 139 141 143 145 148 149 150 154
23 109 110 113 118 119 120 122 125 126 130 131 133 134 135 139 140 141 142 146 147 151 153 154
24 109 110 113 115 121 123 124 127 128 129 130 131 132 136 137 139 142 144 145 146 147 152 153 154
16 117 119 121 124 131 132 134 137 139 141 144 147 149 150 152 153
21 110 111 112 116 123 124 127 129 130 131 133 135 137 138 139 140 142 147 149 150 152
16 110 113 115 120 121 122 123 124 128 130 132 137 140 144 151 152
26 109 110 114 115 117 119 120 123 125 126 128 130 132 134 135 138 139 140 141 142 143 144 146 147 152 154
27 109 113 114 115 116 118 119 120 121 122 123 125 127 131 133 134 136 137 138 139 141 144 145 146 147 151 153
23 110 115 118 119 120 121 124 125 127 128 129 130 135 138 141 142 143 145 149 151 152 153 154
30 109 110 111 112 113 114 118 119 120 124 126 127 128 130 132 134 135 136 137 139 140 141 142 143 144 146 147 150 151 152
19 109 111 114 118 120 122 123 124 132 134 135 136 138 139 142 143 147 148 152
30 110 112 113 114 118 119 120 121 125 128 129 130 131 132 133 136 137 139 140 141 142 144 145 146 147 148 151 152 153 154
17 109 110 111 113 114 124 127 129 131 134 137 139 142 144 146 148 151
14 110 113 116 117 118 120 122 125 130 131 138 146 148 153
17 109 113 115 117 121 122 126 131 133 140 145 146 148 149 151 152 153
27 113 115 118 119 120 121 122 123 124 127 132 133 135 137 138 139 140 141 142 143 145 149 150 151 152 153 154
31 110 111 113 114 115 116 118 119 120 121 122 123 124 125 129 130 131 132 133 134 135 138 140 142 144 146 147 149 150 151 154
17 109 116 123 126 128 129 130 134 136 137 139 140 141 145 146 148 150
24 111 115 118 119 120 122 123 124 125 127 128 129 130 134 137 139 140 141 143 148 149 151 152 153
25 109 110 111 112 114 116 117 120 122 123 124 129 131 132 134 135 136 140 143 145 147 148 149 152 154
19 111 112 114 117 118 120 122 124 125 126 134 135 138 140 141 143 150 151 153
16 109 111 112 115 117 120 121 122 131 136 137 138 145 146 148 152
29 109 110 111 113 115 116 117 118 121 123 124 126 129 130 132 133 134 135 136 140 141 142 144 145 146 148 149 153 154
21 109 110 111 115 120 126 130 131 132 133 136 137 138 142 143 145 148 149 151 152 153
30 109 110 111 112 113 115 116 118 119 120 121 123 124 128 129 133 135 136 137 140 142 143 144 145 146 148 149 150 151 153
16 113 114 117 121 123 128 129 130 134 136 138 139 146 152 153 154
19 109 110 111 113 114 124 126 127 128 130 131 137 140 142 143 147 149 151 153
26 110 113 114 116 119 120 121 122 125 126 127 130 132 133 134 135 139 141 142 143 144 148 149 150 151 154
24 109 110 113 114 115 116 119 123 127 128 129 130 132 133 134 137 138 140 142 145 146 147 148 153
17 118 119 120 121 123 129 130 133 135 137 143 145 148 149 150 153 154
32 109 110 112 113 114 115 116 118 119 120 121 122 123 124 125 129 130 131 132 135 138 140 141 142 145 146 147 150 151 152 153 154
16 109 112 114 115 116 126 127 128 130 135 140 141 143 144 150 151
19 111 112 115 116 122 123 126 130 132 136 137 138 140 144 147 148 149 152 154
17 109 111 113 114 117 119 120 130 136 138 139 141 142 143 150 151 152
22 111 112 114 119 121 123 127 129 131 133 135 137 138 140 142 143 144 145 148 150 151 152
21 109 112 113 114 116 121 122 123 125 126 127 128 132 136 141 142 144 146 148 149 151
28 110 115 117 118 121 122 123 126 127 129 130 133 135 137 139 140 141 142 143 144 146 147 148 149 151 152 153 154
25 111 112 113 115 116 119 120 122 128 129 130 132 133 134 139 140 141 143 144 147 149 150 151 152 154
24 109 110 111 112 114 116 117 118 120 121 122 123 127 129 131 132 133 135 136 144 150 151 152 154
22 109 112 114 115 116 117 119 123 124 126 127 129 131 135 136 142 145 146 148 150 152 154
29 109 113 115 116 117 118 119 124 125 126 127 129 130 131 132 134 135 136 137 138 139 140 141 142 143 145 146 152 153
21 109 112 114 117 119 120 123 124 127 129 131 132 135 137 141 143 144 147 149 150 152
21 109 110 111 114 115 120 121 125 127 128 130 131 132 135 139 140 144 146 147 152 154
24 110 112 113 116 117 124 126 127 130 131 135 137 138 139 140 141 142 144 146 147 149 151 152 153
15 111 113 114 116 122 127 131 133 135 137 143 145 149 153 154
22 110 114 115 116 118 120 122 125 128 130 132 133 139 140 141 142 143 144 147 149 151 154
16 110 111 113 115 116 120 124 126 131 135 139 143 146 150 151 154
25 109 118 119 124 126 127 129 130 132 133 135 136 137 138 140 142 143 144 146 147 149 150 151 152 153
29 109 110 113 114 117 118 119 120 122 125 127 128 129 130 131 132 133 134 135 136 137 138 141 142 146 150 151 153 154
31 109 110 111 112 113 115 116 117 121 122 124 125 126 127 128 129 133 134 135 137 139 141 142 143 144 145 146 148 152 153 154
13 110 112 114 123 130 131 136 138 142 143 148 149 154
19 111 114 115 116 117 118 119 123 124 127 128 132 134 137 140 143 144 148 150
25 109 111 112 115 116 117 120 124 125 126 128 129 131 133 135 136 137 141 142 143 144 146 147 148 154
27 109 110 113 115 117 118 121 122 125 126 127 129 130 132 135 138 139 141 142 143 144 145 147 148 150 152 154
18 109 114 115 116 122 125 127 137 139 141 142 143 145 146 148 149 150 151
14 115 116 117 119 120 123 128 129 132 134 141 143 145 152
15 109 115 121 122 123 124 128 131 136 141 146 148 149 152 154
30 110 111 112 113 114 117 121 124 125 127 128 129 130 131 134 135 136 137 138 139 140 141 143 144 145 148 149 150 151 153
24 109 110 111 114 117 118 119 121 122 123 125 126 128 130 131 132 135 136 137 139 142 146 147 148
31 109 110 112 115 116 117 118 119 122 123 124 125 126 127 129 130 131 135 136 137 140 141 142 143 144 145 148 149 150 152 153
29 110 111 113 114 115 117 120 121 122 126 127 129 130 132 133 134 135 136 137 140 143 144 146 148 149 150 152 153 154
21 111 112 113 114 120 121 123 124 126 127 128 130 131 132 134 135 143 145 147 152 153
21 110 113 114 117 118 122 125 130 131 133 137 140 141 142 143 145 146 148 150 152 154
25 111 115 116 117 118 119 122 124 125 128 129 132 133 134 135 136 140 141 142 144 145 146 150 153 154
25 109 110 111 113 114 117 125 127 128 131 132 133 136 138 140 141 143 144 145 147 148 150 152 153 154
26 109 110 111 113 114 117 119 120 121 122 123 128 129 130 131 132 135 138 141 142 146 149 150 151 153 154
20 109 111 113 118 120 123 124 125 126 127 128 141 142 143 144 146 148 149 151 152
30 110 112 113 114 115 117 119 120 121 122 123 124 127 129 130 134 135 136 137 140 141 142 143 144 145 148 149 151 152 153
16 111 112 113 114 116 117 122 123 126 134 139 141 146 148 149 152
20 110 111 114 118 122 123 124 127 128 129 131 134 136 137 140 142 147 148 150 154
14 109 112 114 118 123 124 126 129 132 133 135 146 148 154
22 109 111 112 115 117 118 119 122 123 127 129 130 136 138 140 141 144 145 148 149 150 151
27 109 110 111 113 115 116 117 118 119 120 121 122 126 127 131 134 135 140 142 143 144 149 150 151 152 153 154
32 109 110 112 113 114 116 117 118 120 121 122 123 124 126 127 128 130 131 132 134 135 136 137 140 144 145 146 147 148 149 150 154
15 113 115 116 117 118 123 129 135 143 144 145 146 148 152 153
21 109 111 112 113 115 119 127 130 131 132 134 135 136 137 138 142 148 149 150 151 154
19 111 112 113 114 115 120 126 127 128 135 137 139 142 143 144 145 146 147 148
16 109 110 112 113 115 118 122 127 129 132 135 138 141 145 148 154
22 109 110 113 114 115 116 118 121 123 127 130 135 138 139 140 143 147 148 149 151 152 153
19 112 121 123 126 129 130 131 132 133 138 139 142 143 145 146 147 150 153 154
25 109 111 112 114 116 117 119 120 121 122 125 127 128 129 130 132 134 135 136 139 143 145 147 148 154
25 110 116 118 119 120 121 122 123 125 129 130 131 133 136 137 138 139 140 144 147 149 150 151 152 154
16 110 112 114 120 125 126 130 132 134 135 137 139 143 146 147 149
20 110 111 112 113 114 117 126 127 128 138 141 142 144 145 146 148 149 150 151 152
16 112 114 116 119 121 122 133 139 140 142 143 145 147 149 152 153
16 109 110 114 119 123 125 129 132 133 136 138 139 143 146 147 151
21 110 111 112 114 118 120 122 123 127 130 133 136 137 139 140 142 144 148 150 153 154
17 110 118 121 122 124 125 129 130 131 135 138 141 142 148 150 151 153
18 112 116 117 118 119 120 121 124 125 132 135 138 139 141 143 145 148 152
30 109 110 112 114 116 118 119 120 122 123 124 125 126 128 129 130 131 132 134 135 137 140 142 143 148 149 150 151 153 154
16 110 111 114 117 124 131 133 136 138 141 142 143 144 146 149 154
25 109 112 115 116 117 118 121 123 125 127 128 130 131 133 134 137 138 139 140 144 145 147 148 149 153
18 111 112 116 117 119 125 128 129 130 132 136 137 138 143 144 145 148 154
25 111 114 116 118 121 122 124 125 130 131 132 134 135 136 137 138 139 140 141 144 146 147 151 152 154
24 110 111 113 116 117 119 120 122 123 125 127 128 129 130 132 135 137 140 142 143 144 147 149 154
14 111 112 114 116 124 126 128 129 132 135 138 139 150 151
18 110 114 115 116 118 120 121 122 126 127 131 137 141 143 146 151 153 154
24 109 112 115 116 118 119 122 126 127 128 129 132 135 137 138 140 141 142 143 144 145 149 152 153
31 109 111 113 115 116 118 120 122 123 126 127 129 130 131 132 133 135 136 137 139 140 141 142 143 144 145 146 148 151 153 154
32 109 111 112 114 115 117 119 121 122 123 124 125 129 130 131 132 133 134 135 138 139 141 142 143 145 146 147 150 151 152 153 154
21 111 112 115 117 119 121 123 124 125 127 129 131 137 138 140 141 144 146 147 148 154
17 110 115 116 118 119 122 125 129 130 133 137 140 142 145 150 152 153
25 110 112 114 116 119 120 121 122 123 124 128 131 133 134 135 136 137 139 140 141 142 143 145 146 152
28 110 111 112 114 115 116 117 118 119 120 122 126 129 131 132 133 135 136 137 140 141 142 146 149 150 151 153 154
25 110 111 112 113 116 119 120 121 123 126 127 132 134 136 137 138 139 140 142 144 146 149 151 152 154
20 109 110 112 113 115 116 117 119 120 121 123 128 129 133 137 138 139 142 144 151
18 110 111 115 116 120 127 128 129 132 136 137 138 139 142 146 147 151 154
21 114 115 116 119 122 123 125 126 127 128 131 133 134 136 140 141 142 144 145 146 148
19 109 114 119 120 122 123 124 125 127 131 136 139 142 143 145 146 147 148 149
20 109 110 111 112 113 115 117 119 120 125 132 133 135 140 141 143 146 147 151 152
24 112 115 116 117 118 120 121 122 123 126 127 129 130 132 134 135 139 141 142 143 146 147 149 152
22 111 112 116 117 119 122 124 125 130 134 135 137 138 139 140 142 144 145 150 151 152 154
32 109 110 112 113 114 115 116 118 119 120 121 122 123 124 125 126 128 129 131 137 138 141 142 143 144 147 148 149 151 152 153 154
27 109 110 111 113 114 116 117 118 119 120 124 125 126 127 129 132 134 136 137 139 143 145 146 147 149 150 153
25 111 112 113 114 115 118 121 123 124 125 126 128 129 133 134 137 138 140 144 145 148 150 151 152 154
25 109 110 112 114 115 116 117 118 120 121 123 124 126 128 131 139 142 144 146 147 148 149 151 153 154
20 109 110 112 114 115 116 118 120 122 124 126 127 128 129 130 133 135 145 148 154
23 109 110 115 117 118 120 121 124 129 130 132 134 137 139 141 144 145 146 148 150 152 153 154
20 109 110 117 118 120 122 124 126 127 130 133 134 135 141 144 146 147 150 151 154
17 111 112 113 116 118 121 125 127 128 134 135 142 144 145 146 148 149
27 109 110 111 112 115 118 121 123 125 127 129 131 132 133 137 139 140 142 145 146 147 148 149 150 151 152 153
13 110 111 112 115 117 122 128 140 143 149 150 152 153
21 109 113 118 121 123 124 126 127 132 135 136 137 139 142 144 145 147 151 152 153 154
14 110 120 122 123 125 132 134 136 138 140 141 146 149 154
24 109 111 112 113 114 117 118 122 124 125 127 129 130 131 132 133 135 136 137 141 143 145 152 154
15 117 119 120 121 122 123 125 126 133 135 139 140 147 148 153
18 110 111 114 117 124 125 128 132 135 138 141 142 144 146 147 150 151 154
31 109 110 112 114 115 116 117 118 119 121 122 124 125 127 129 131 132 135 136 140 141 142 143 145 146 147 149 150 152 153 154
24 110 116 117 118 119 120 123 124 125 127 128 129 130 131 133 134 135 138 141 144 145 149 152 153
29 110 111 114 117 118 119 120 121 122 123 127 128 129 132 133 135 136 137 138 140 141 142 146 148 149 150 151 152 154
20 111 114 117 118 119 121 124 126 132 133 134 135 136 139 144 147 149 151 152 153
15 109 111 113 119 123 126 131 133 134 136 138 140 144 149 153
15 111 117 127 131 134 136 138 141 143 149 150 151 152 153 154
27 110 112 114 116 117 119 120 121 125 126 128 129 130 132 133 135 137 138 140 142 148 149 150 151 152 153 154
21 109 112 114 115 116 120 122 124 127 128 129 130 131 132 134 136 140 141 143 147 148
15 109 110 111 113 114 123 128 129 132 136 137 142 144 151 154
26 109 110 112 114 115 116 118 119 121 123 124 125 127 128 130 132 134 135 137 138 141 142 144 145 149 154
21 111 112 115 116 117 120 121 122 123 130 132 133 135 138 142 143 144 148 151 153 154
20 109 110 111 117 121 123 125 127 130 131 132 133 135 136 137 141 142 143 147 150
25 109 110 113 114 116 119 120 121 122 123 124 125 127 129 131 132 134 136 139 141 146 147 152 153 154
17 109 112 113 116 118 119 120 122 126 134 136 141 143 146 147 149 151
26 114 115 116 119 120 121 122 124 126 128 129 131 135 136 138 140 141 142 144 145 146 147 148 149 150 152
29 110 116 117 119 121 122 123 124 126 127 128 129 130 131 132 135 136 138 140 142 143 144 145 147 149 151 152 153 154
27 109 110 112 113 117 118 120 123 125 126 127 128 129 130 133 134 136 137 138 142 143 145 147 150 152 153 154
22 109 110 111 112 113 114 115 116 117 119 123 124 125 133 134 135 136 140 141 143 147 149
16 110 111 118 119 124 125 127 129 132 133 136 144 146 147 149 150
19 110 112 114 115 117 119 120 123 127 128 132 133 138 139 141 145 146 147 153
23 112 113 115 119 120 123 124 126 127 128 130 132 134 137 139 140 141 146 149 150 151 152 153
17 109 115 116 119 122 123 129 133 134 139 141 142 144 147 150 153 154
30 109 110 111 112 113 114 115 119 120 123 124 126 127 128 130 131 133 136 139 140 141 142 144 145 147 148 149 150 153 154
14 112 114 119 120 123 126 133 138 139 141 147 150 153 154
30 109 110 111 114 116 117 119 120 121 122 125 128 129 130 131 132 135 136 138 139 140 142 143 144 145 147 148 149 150 154
18 110 112 114 115 118 121 122 124 135 136 140 144 145 146 147 148 150 153
16 109 111 114 116 117 118 121 123 125 129 130 131 138 140 145 148
21 111 114 116 119 122 124 127 131 132 133 134 135 136 138 141 142 145 149 150 153 154
15 110 121 122 126 127 133 135 136 137 138 139 144 147 151 152
22 110 112 113 114 115 116 117 120 121 125 129 131 133 136 137 138 141 143 147 148 149 152
29 111 112 114 115 117 119 121 122 124 125 128 129 131 133 134 135 137 138 139 140 141 142 144 145 146 148 149 152 154
21 109 114 116 118 120 121 122 123 125 127 128 131 134 138 141 142 143 144 145 150 152
25 109 110 111 113 114 116 117 118 121 122 124 127 130 136 137 139 140 141 143 145 146 147 148 149 153
20 109 111 112 113 115 118 122 123 125 126 127 128 131 132 141 144 147 152 153 154
29 109 110 112 113 114 115 116 117 118 119 122 124 127 130 132 133 134 137 138 141 143 145 147 148 149 150 151 153 154
19 110 113 116 117 128 129 132 134 135 136 138 139 142 144 145 147 148 149 153
18 114 115 116 117 119 125 126 128 134 135 136 137 139 140 147 149 153 154
27 111 112 113 114 115 117 118 121 122 124 125 127 129 132 133 134 136 142 144 145 147 148 149 150 151 153 154
21 109 112 114 118 120 124 125 126 127 128 130 131 134 143 144 146 148 149 151 153 154
20 109 114 115 117 121 122 123 127 129 130 131 132 133 136 139 147 148 149 151 152
27 110 115 116 117 118 120 121 122 123 124 130 132 134 135 136 139 142 143 144 145 147 148 149 150 151 152 153
28 109 110 111 112 113 115 117 118 120 122 123 124 125 126 127 128 131 134 135 136 141 144 147 149 150 151 152 153
29 110 112 114 116 117 118 119 121 122 123 126 129 130 131 133 134 135 136 139 141 144 145 146 147 148 150 151 152 153
16 109 113 114 115 121 123 125 126 135 137 138 142 143 145 147 154
31 109 110 113 115 116 117 118 119 121 122 124 126 127 130 132 133 135 136 137 138 139 140 142 143 145 146 148 150 151 152 153
17 110 111 115 118 119 122 125 126 129 130 136 139 141 148 149 150 153
20 111 112 114 115 117 120 121 126 128 129 132 133 135 138 140 143 144 146 151 153
19 109 115 116 118 119 129 130 132 134 137 139 140 141 143 147 150 151 153 154
18 109 112 113 114 116 122 124 125 129 130 135 137 140 142 146 147 152 154
22 114 115 117 118 120 122 126 127 128 129 131 133 135 136 137 141 145 147 149 150 152 154
25 110 111 112 114 116 117 118 119 120 121 124 128 129 130 131 135 136 138 140 141 142 143 147 149 154
14 110 113 121 123 128 129 133 135 136 137 139 144 145 154
25 109 111 112 116 120 121 122 123 127 129 133 135 137 138 139 140 141 144 145 147 148 150 151 152 154
14 110 112 115 117 118 122 124 128 129 131 134 140 149 152
24 109 110 111 112 114 116 118 121 122 123 124 125 126 128 129 133 135 142 143 144 147 150 153 154
30 109 110 111 114 116 117 119 120 121 123 124 125 127 130 131 132 133 134 136 137 138 140 142 143 147 148 149 151 152 153
22 109 114 115 119 123 125 129 132 134 136 137 138 139 143 144 145 149 150 151 152 153 154
31 109 111 112 113 114 115 117 118 119 120 121 123 124 125 126 127 128 129 130 132 133 134 135 137 143 145 146 147 149 151 153
26 114 117 118 119 121 122 125 126 127 128 130 133 135 136 137 141 142 143 145 146 147 149 151 152 153 154
18 110 114 115 116 117 118 120 121 123 126 128 129 133 137 139 147 149 154
31 109 110 114 117 118 119 121 122 125 126 127 128 130 131 132 133 138 139 140 141 142 143 144 145 146 149 150 151 152 153 154
24 110 111 112 113 115 116 121 124 127 128 132 133 134 135 138 142 143 144 145 146 147 150 152 153
23 109 111 116 117 119 122 123 125 126 130 131 133 134 135 137 140 141 142 147 150 151 153 154
30 109 112 113 114 115 117 118 119 121 122 123 125 126 127 130 131 132 133 136 139 140 141 144 145 147 148 150 151 153 154
23 109 112 113 117 119 120 123 125 129 130 131 133 134 137 139 141 142 147 148 149 151 152 154
31 109 110 111 112 114 115 116 117 118 119 120 121 124 126 127 128 129 131 135 136 137 139 141 142 143 145 147 149 150 151 154
20 109 110 111 114 115 117 120 123 124 126 128 130 132 136 139 140 144 146 148 153
16 110 117 124 125 126 130 132 133 135 139 141 142 143 145 147 151
19 110 114 118 121 122 123 125 126 127 128 133 134 137 141 142 143 147 152 154
29 109 111 114 115 119 120 122 123 125 128 129 130 131 132 133 135 137 139 140 141 142 143 144 146 148 150 152 153 154
15 110 111 113 116 117 120 121 123 127 131 134 139 146 149 151
16 113 121 122 127 128 129 130 132 138 142 144 145 146 148 150 152
25 109 110 113 114 115 117 119 121 122 123 124 125 126 127 131 133 134 135 138 140 149 150 151 153 154
30 110 111 113 114 115 118 119 122 123 125 126 127 128 129 130 132 133 134 136 138 139 140 142 144 145 147 148 149 150 154
29 109 110 111 113 115 116 118 120 121 123 124 126 127 130 131 132 133 135 139 141 142 146 147 148 149 151 152 153 154
22 109 111 113 117 119 122 124 125 128 130 132 133 135 139 141 142 143 145 146 147 149 150
15 109 110 121 123 127 128 130 131 132 133 137 143 147 151 154
24 120 121 123 126 128 129 130 131 132 133 134 135 136 139 140 141 142 144 146 148 149 150 152 153
31 112 113 115 116 120 121 123 124 125 128 129 130 131 133 134 136 137 138 139 140 141 142 143 144 146 148 149 150 151 152 153
23 111 113 114 116 117 118 119 125 127 129 133 134 135 138 140 141 142 143 144 145 151 153 154
18 111 113 115 116 117 120 121 123 126 128 131 135 136 139 150 151 152 153
31 109 110 111 115 116 119 121 122 124 125 127 128 129 130 131 132 134 136 137 138 139 140 142 145 146 147 148 150 151 152 153
28 110 111 112 115 120 122 123 124 125 127 128 129 130 131 132 133 135 137 139 141 142 143 144 146 147 148 150 151
15 159 163 167 171 173 174 175 179 181 183 185 187 189 191 192
13 158 160 161 169 174 176 177 180 182 183 188 189 190
20 156 158 159 160 163 166 171 174 175 176 177 178 179 180 182 183 186 187 188 189
12 158 159 172 173 174 177 183 185 186 187 190 191
15 158 160 161 166 167 168 169 172 174 178 179 184 185 186 191
19 156 158 159 160 161 162 163 165 166 169 172 174 177 182 183 186 187 188 192
10 155 156 157 158 160 165 171 180 181 184
4 166 174 176 192
14 155 158 162 164 167 168 174 175 177 179 180 186 190 191
10 164 165 167 169 172 173 178 180 182 191
21 155 158 160 163 166 167 169 170 172 173 174 175 176 177 178 182 183 184 185 187 192
7 155 156 157 162 178 181 191
18 156 159 161 166 169 172 174 178 179 180 183 185 186 187 189 190 191 192
9 155 157 161 166 172 176 177 184 190
9 157 160 162 164 167 175 176 177 188
15 155 158 159 163 167 173 177 178 180 181 182 183 185 186 189
12 155 156 160 162 164 165 166 167 170 175 179 181
13 155 158 159 160 163 167 168 170 175 179 187 188 191
25 155 157 159 160 161 163 165 168 169 170 171 172 173 174 175 177 178 179 181 185 186 187 188 191 192
13 158 160 161 164 165 168 170 171 173 178 179 182 186
5 162 164 174 182 192
24 156 157 159 160 161 163 165 166 169 170 171 172 173 176 178 181 182 183 184 185 187 188 189 192
11 157 160 162 170 171 181 182 183 185 189 192
14 156 158 160 162 164 165 168 169 170 178 180 182 186 188
9 159 165 169 170 173 174 189 190 191
20 156 157 161 165 166 169 171 172 173 176 177 178 180 181 183 184 185 186 189 190
15 155 160 163 168 171 176 177 179 181 184 185 187 188 189 190
6 156 158 161 174 175 192
21 156 157 159 161 163 164 166 167 169 172 173 175 176 178 180 182 184 186 189 190 191
17 156 157 159 161 162 164 165 168 171 179 180 181 186 188 189 190 191
9 165 169 173 175 176 178 179 185 187
9 162 166 167 170 171 181 182 191 192
11 157 158 161 163 172 178 180 182 184 187 188
10 155 156 162 166 167 168 171 175 176 186
10 163 164 165 166 168 170 172 179 186 192
6 163 166 169 172 179 180
25 155 156 158 159 160 162 163 164 165 169 170 171 172 173 174 177 179 181 182 183 184 185 186 190 191
8 156 162 179 181 182 185 187 190
13 157 161 163 165 166 168 170 172 173 175 177 178 186
7 157 159 162 166 170 183 186
10 155 156 159 162 163 167 183 184 187 188
6 162 163 170 175 186 189
10 156 165 167 173 174 175 177 178 187 188
19 155 157 164 167 168 170 171 173 175 176 178 179 180 181 184 185 189 190 191
8 159 167 171 173 175 184 185 187
11 155 158 159 161 164 168 176 184 186 190 191
22 155 156 157 161 163 166 167 170 171 173 175 176 177 178 179 181 182 183 184 188 190 191
13 156 158 162 164 166 167 176 180 182 183 184 189 190
17 155 158 160 162 165 168 170 171 174 177 179 181 183 185 187 188 192
23 156 157 160 161 162 164 165 166 168 169 170 171 172 174 175 176 179 184 187 188 190 191 192
8 160 164 177 179 181 183 185 192
12 155 157 158 161 163 164 168 172 177 183 184 189
14 155 160 162 164 165 166 171 172 176 181 187 188 189 190
11 157 169 172 175 177 180 181 185 189 190 191
21 157 158 164 167 168 169 171 175 176 178 179 180 181 182 183 185 186 188 190 191 192
10 159 164 167 168 169 176 177 178 185 191
28 155 156 157 158 159 160 161 163 164 166 167 168 170 171 174 175 176 178 179 180 181 182 183 185 187 188 189 190
12 157 161 163 171 176 178 180 182 184 188 189 192
8 155 164 171 173 176 183 189 190
17 155 156 159 160 161 162 163 165 166 170 172 173 174 177 184 187 189
8 156 159 160 174 180 186 188 190
10 162 165 169 172 173 177 184 186 191 192
17 155 158 159 160 164 167 169 171 174 176 180 183 184 188 189 191 192
24 156 157 158 159 161 163 167 168 169 170 173 174 175 177 178 179 180 182 183 184 185 186 191 192
15 156 157 159 162 163 165 170 175 177 180 181 182 187 188 192
13 157 161 166 167 168 175 176 178 180 187 188 189 192
16 158 159 160 162 164 165 168 169 172 174 180 185 186 187 189 192
11 155 158 163 165 168 170 171 173 181 182 184
12 161 166 172 173 174 179 182 183 187 188 190 192
2 168 169
18 155 157 161 162 164 165 167 168 169 170 172 173 181 184 185 190 191 192
6 164 165 169 172 173 191
2 164 182
15 159 160 163 168 169 170 171 173 174 177 178 179 186 188 191
8 157 160 162 171 181 185 189 192
8 158 161 176 180 182 183 189 190
20 156 157 158 159 161 163 168 169 170 173 174 177 179 180 182 184 185 186 191 192
8 163 164 165 166 168 170 172 179
8 158 160 169 176 177 180 182 189
4 156 158 174 175
16 156 158 159 160 163 171 174 175 176 177 179 180 182 183 187 188
7 160 161 174 177 180 188 189
5 162 170 175 186 189
22 155 156 158 160 161 163 164 166 168 170 171 174 176 178 179 180 182 183 185 187 189 190
6 156 160 174 186 188 190
12 156 158 159 171 174 175 178 179 186 187 188 189
9 162 164 166 171 172 176 187 188 189
9 158 160 161 172 178 179 185 186 191
10 158 159 168 169 172 180 185 186 187 192
5 156 162 181 182 185
7 164 169 172 173 178 180 182
12 159 163 173 174 175 179 181 183 185 187 189 192
8 166 172 174 179 183 187 188 190
13 158 159 160 163 166 171 174 177 178 179 182 186 188
8 158 165 168 170 171 173 182 184
6 163 164 166 172 179 186
9 159 163 167 173 175 179 185 187 189
9 159 163 167 171 173 174 185 187 192
1 169
4 156 180 188 190
8 158 161 172 178 180 184 187 188
19 155 156 157 161 163 166 167 170 171 173 176 177 178 179 181 183 184 188 191
7 155 156 160 166 170 179 181
5 173 175 184 185 187
6 167 171 175 184 185 187
22 155 157 159 161 163 165 168 169 170 171 173 174 175 177 179 181 185 186 187 188 191 192
5 156 167 173 178 188
13 164 167 168 169 175 179 181 182 183 188 190 191 192
12 158 159 174 175 176 177 178 179 182 183 187 188
16 158 160 163 166 174 176 177 178 179 180 182 183 186 187 188 189
13 158 160 161 166 167 168 169 174 178 179 184 186 191
6 164 166 168 170 186 192
9 161 166 172 173 182 183 187 190 192
6 157 159 162 166 170 186
4 156 162 182 185
3 162 178 181
10 157 158 163 164 168 172 177 183 184 189
11 155 160 164 165 166 171 172 176 181 188 190
3 162 164 182
12 155 158 165 168 174 177 179 181 183 187 188 192
1 169
7 157 160 170 181 182 183 189
9 157 166 167 175 180 187 188 189 192
16 155 158 159 162 163 164 165 172 173 174 179 181 182 183 185 190
1 168
6 155 157 160 171 181 184
8 161 169 174 178 179 184 186 191
10 161 163 171 176 180 182 184 188 189 192
9 157 161 167 168 176 178 180 187 189
5 157 162 167 176 188
8 157 163 165 170 175 180 182 187
7 158 160 161 176 180 182 183
10 155 157 158 161 163 164 172 177 183 189
4 160 177 179 185
6 160 162 170 171 182 189
9 159 173 174 183 185 186 187 190 191
7 157 163 172 178 180 182 187
7 162 168 174 177 179 180 186
15 158 164 167 168 171 175 176 178 179 181 182 183 188 191 192
7 155 159 161 168 176 186 190
12 156 161 162 165 168 171 180 181 186 188 189 190
13 156 163 166 167 170 171 176 179 181 182 183 184 191
9 161 166 172 173 174 179 183 187 190
9 161 171 176 178 180 182 184 188 189
12 163 166 167 170 172 173 174 175 176 178 182 184
3 166 169 172
9 158 160 161 165 168 170 171 173 178
1 168
11 157 161 166 167 168 175 176 180 188 189 192
14 155 158 159 160 164 169 171 176 180 183 188 189 191 192
13 155 163 166 169 173 174 175 176 178 182 183 185 187
5 156 166 167 171 176
4 179 182 185 190
7 165 169 173 175 176 185 187
6 156 181 182 185 187 190
6 157 162 175 176 177 188
14 157 158 164 168 169 171 175 176 179 180 183 185 186 191
4 155 157 184 190
7 158 172 173 174 185 190 191
4 157 161 176 177
7 163 165 166 168 172 179 192
6 158 159 177 183 185 190
5 157 166 170 183 186
6 156 162 181 182 187 190
6 160 164 179 181 183 185
7 155 158 159 164 184 186 190
5 155 157 177 184 190
14 158 160 165 168 170 171 174 177 179 181 183 185 188 192
7 161 166 172 182 183 188 192
18 155 158 160 166 167 169 170 172 173 174 175 177 178 182 183 184 185 187
5 156 174 180 186 190
7 155 158 163 165 171 181 184
2 174 176
10 157 161 163 171 176 178 182 184 188 189
5 159 170 173 174 190
7 157 163 171 178 182 188 189
8 156 158 160 168 170 178 186 188
5 159 167 177 185 191
14 156 157 159 163 164 167 169 172 173 175 176 182 186 190
9 159 163 167 174 179 181 185 187 192
9 157 158 163 172 178 182 184 187 188
14 155 157 164 170 171 175 176 178 179 180 181 184 185 190
14 157 159 164 166 167 169 172 173 180 182 184 186 190 191
12 158 163 167 173 174 177 179 180 182 184 185 186
19 155 157 159 160 161 163 168 169 170 172 174 175 177 179 181 185 186 188 191
1 168
10 155 160 162 164 165 176 181 187 188 190
13 159 162 163 165 170 175 177 180 181 182 187 188 192
16 156 157 161 165 166 171 173 176 177 178 180 183 185 186 189 190
10 155 160 171 172 176 181 187 188 189 190
17 157 161 164 165 168 169 170 171 172 174 175 176 184 187 190 191 192
11 159 163 167 171 173 179 181 183 185 191 192
4 159 174 188 190
5 162 179 182 185 187
4 162 164 177 188
10 158 160 164 165 168 170 171 178 179 182
3 163 166 172
7 155 157 161 172 177 184 190
5 159 167 171 184 185
8 164 167 168 174 175 180 190 191
7 157 158 164 172 177 183 184
11 155 160 163 168 176 179 181 185 187 188 190
11 159 164 165 169 172 174 180 185 186 187 189
10 159 161 162 164 168 180 181 188 189 191
9 155 157 158 164 172 177 183 184 189
11 155 162 164 165 166 171 172 187 188 189 190
8 157 158 163 172 182 184 187 188
8 156 162 166 167 168 171 175 176
1 168
8 162 168 174 175 177 180 190 191
3 174 182 192
4 156 161 175 192
13 156 158 159 160 162 165 166 169 174 177 183 188 192
12 159 167 171 173 174 175 179 181 183 185 189 191
9 158 162 164 168 169 174 180 186 189
12 155 160 162 164 165 166 171 176 181 187 188 190
7 164 167 169 172 178 180 182
4 167 175 184 187
9 160 161 174 176 177 180 182 188 190
9 155 168 170 173 181 184 190 191 192
5 155 162 167 171 175
9 155 158 161 164 168 176 184 186 190
9 158 163 165 168 170 171 181 182 184
8 159 164 168 169 176 177 178 185
9 160 168 169 172 178 179 184 185 191
8 159 163 167 171 175 179 183 192
10 156 159 166 169 178 179 187 189 190 191
10 156 161 162 163 165 177 182 183 186 188
11 155 158 164 169 171 174 180 183 184 188 192
12 155 158 162 164 167 168 174 177 179 180 186 191
5 155 168 173 181 184
5 172 180 181 189 190
10 155 160 165 168 170 174 181 183 187 192
7 160 170 171 181 182 183 192
14 158 159 160 164 167 169 174 176 183 184 188 189 191 192
16 156 157 166 169 171 172 173 176 177 178 183 184 185 186 189 190
13 156 157 161 164 166 168 169 174 175 184 187 188 192
13 158 160 162 165 169 172 174 180 185 186 187 189 192
11 158 160 166 168 169 172 174 179 184 186 191
14 156 160 163 166 171 174 175 177 178 180 183 187 188 189
12 156 160 162 165 168 169 170 178 180 182 186 188
9 158 160 161 169 174 180 182 183 188
4 167 170 171 192
9 155 156 161 162 163 170 172 174 189
18 155 160 161 169 171 172 173 174 175 177 178 179 181 185 186 187 188 192
7 160 161 176 177 183 188 189
7 163 168 181 185 188 189 190
4 180 186 188 190
4 165 169 179 185
13 156 159 161 162 168 171 179 181 186 188 189 190 191
14 164 167 168 171 175 178 179 180 181 182 183 185 188 192
12 155 156 162 163 165 170 172 173 177 184 187 189
2 166 176
6 157 159 162 166 183 186
7 159 171 173 175 184 185 187
3 163 179 180
5 160 164 167 177 188
11 156 163 166 167 169 172 173 176 184 186 189
9 155 158 159 163 177 178 182 185 189
16 157 158 164 171 175 176 178 179 180 181 183 185 186 188 190 191
18 157 164 167 168 171 175 176 178 179 180 181 182 183 185 186 190 191 192
10 157 158 164 167 171 176 182 186 190 192
14 155 156 159 160 161 162 165 166 172 173 174 177 184 187
6 155 161 166 176 184 190
14 155 159 167 169 171 174 176 180 183 184 188 189 191 192
19 157 160 161 162 164 165 166 168 169 170 171 175 176 184 187 188 190 191 192
7 158 173 177 183 187 190 191
8 158 163 173 177 181 183 185 186
14 155 164 167 168 170 173 175 176 178 180 181 185 189 191
12 156 157 161 163 169 175 177 178 179 182 184 185
6 157 172 175 181 185 190
4 179 181 187 190
8 158 160 169 178 179 184 185 191
11 156 158 162 164 166 167 180 182 184 189 190
10 161 166 169 174 183 186 187 189 191 192
8 169 172 175 180 181 189 190 191
5 177 179 181 183 192
5 162 163 175 186 189
12 156 160 161 163 165 169 174 182 183 186 187 192
25 156 158 160 161 162 163 164 165 168 169 170 171 173 176 177 178 179 180 181 182 185 188 189 190 192
25 156 157 158 159 162 163 165 166 168 169 170 171 173 174 175 177 179 180 183 184 186 187 188 189 192
20 155 156 157 160 161 162 163 164 167 170 174 180 181 182 183 186 188 190 191 192
21 156 159 162 165 166 167 168 173 174 175 176 178 179 180 181 182 183 184 188 190 191
14 155 161 162 167 170 172 174 175 180 181 182 187 190 192
12 160 164 167 169 174 175 176 178 179 183 184 188
20 156 158 162 164 165 167 168 169 170 175 176 180 181 182 185 186 187 189 190 191
17 157 158 159 161 163 164 166 169 170 174 177 178 179 183 185 187 192
25 157 158 159 162 164 165 167 168 170 171 172 174 175 176 177 179 180 182 183 184 187 188 189 191 192
26 156 157 160 161 163 164 165 167 169 170 172 173 174 176 177 178 183 184 185 186 187 188 189 190 191 192
17 156 157 158 159 160 161 163 167 171 173 175 176 178 179 181 183 192
20 155 158 160 161 162 163 164 170 171 172 175 178 181 182 185 186 188 189 190 192
15 161 162 163 170 172 175 176 179 182 183 185 188 189 190 192
14 159 162 164 170 172 173 174 178 179 180 181 183 189 191
13 155 163 164 169 173 175 178 181 185 186 187 190 192
25 155 157 158 160 161 162 163 166 167 168 169 171 173 174 175 177 178 181 182 183 186 187 189 191 192
20 156 160 162 167 168 169 171 172 173 175 176 177 178 183 184 185 186 188 189 191
13 156 158 160 166 172 174 176 177 179 181 186 187 192
15 156 157 160 162 167 168 169 170 172 175 176 186 188 189 192
12 160 162 163 169 175 176 177 182 183 185 187 189
15 156 157 162 167 170 176 178 180 181 187 188 189 190 191 192
25 157 159 161 162 163 164 165 166 168 169 171 172 174 175 176 177 179 180 181 184 186 188 189 190 191
14 155 156 159 164 175 176 179 181 182 184 185 187 189 192
24 155 156 159 160 164 165 166 169 170 171 172 173 175 176 177 178 180 181 184 185 188 189 191 192
16 156 158 164 166 167 168 174 180 181 183 184 186 188 189 191 192
20 155 157 158 159 162 164 165 166 167 170 172 178 179 180 181 182 186 187 189 192
23 155 158 159 160 163 165 166 168 171 172 173 174 175 176 181 184 185 187 188 189 190 191 192
25 155 156 157 159 160 161 162 165 166 167 168 170 172 173 175 176 177 178 179 180 181 182 187 188 191
12 157 159 164 167 169 170 171 172 177 179 182 189
26 155 156 157 160 161 162 163 164 165 166 168 169 170 171 172 175 177 178 179 180 181 184 189 190 191 192
19 158 159 164 165 166 167 170 171 172 173 178 179 180 183 184 186 188 191 192
25 156 157 159 160 161 162 164 165 169 172 173 174 175 176 177 178 179 180 181 182 185 187 189 190 192
26 155 156 157 158 159 160 161 163 164 167 171 174 176 177 178 179 181 183 185 186 187 188 189 190 191 192
16 155 158 159 160 161 163 165 167 170 173 174 178 184 187 188 191
11 158 160 164 168 171 181 182 184 186 188 192
12 156 157 159 162 164 166 168 171 172 182 189 192
20 156 158 162 163 164 165 166 168 170 172 173 174 175 177 180 181 184 186 189 191
23 155 156 157 159 161 163 164 165 167 168 169 171 174 175 177 179 182 183 186 187 188 190 192
19 155 156 157 158 159 161 166 169 171 175 176 177 178 179 181 182 183 185 189
20 158 159 160 161 162 166 167 168 171 172 176 178 180 181 182 185 187 188 189 191
20 155 156 157 158 160 161 162 163 164 167 169 174 175 178 183 185 187 188 190 192
13 161 164 169 171 173 179 180 181 182 184 186 188 190
21 155 156 159 160 161 162 163 166 168 169 171 174 178 179 181 183 184 188 189 190 191
15 155 156 158 159 160 161 162 166 168 171 177 179 180 185 192
25 156 158 160 161 162 163 164 167 168 169 170 175 176 177 178 179 182 184 185 186 187 189 190 191 192
18 157 158 162 163 165 170 172 176 177 178 180 182 183 185 186 188 189 192
14 155 157 159 164 166 167 170 174 175 179 182 183 184 190
25 156 159 161 162 163 165 167 168 170 173 174 175 176 177 178 179 180 181 182 183 186 187 188 191 192
11 155 156 157 163 165 170 172 176 178 180 185
26 156 158 160 161 162 163 165 167 168 170 171 173 174 176 178 180 181 182 183 184 185 186 187 188 190 191
11 155 157 165 178 180 183 184 185 186 187 192
15 164 168 171 173 174 175 176 178 181 183 185 188 189 190 192
13 156 157 159 164 170 172 174 175 177 183 184 189 191
26 155 157 158 160 162 163 164 165 166 168 169 170 171 172 175 176 177 179 180 182 183 186 187 189 191 192
18 157 159 160 161 163 164 168 174 175 176 178 179 180 181 183 185 186 190
22 155 156 159 162 165 167 168 169 170 171 174 175 177 179 181 184 185 187 189 190 191 192
14 155 160 162 163 166 169 171 173 177 178 179 190 191 192
13 155 160 164 166 168 175 177 178 181 183 187 189 192
13 155 158 162 166 168 169 173 174 175 179 185 186 189
18 156 160 161 163 164 165 167 171 172 174 175 177 180 181 184 185 187 190
26 155 157 159 160 161 162 164 167 168 169 171 172 173 175 176 177 178 179 181 185 186 188 189 190 191 192
24 155 156 157 158 159 160 161 163 167 168 169 174 176 177 178 179 182 183 184 186 187 188 190 191
18 156 161 162 163 165 166 168 171 172 173 178 181 184 185 186 188 189 191
22 155 157 158 161 162 165 166 168 169 171 172 173 174 177 179 182 184 185 187 188 189 191
18 155 157 159 160 161 164 167 170 171 174 175 178 179 180 183 188 189 191
25 155 156 157 158 159 161 163 164 165 166 168 171 172 173 174 175 179 181 184 186 187 188 189 190 191
19 158 160 162 163 164 165 166 170 175 176 178 179 180 182 183 185 188 189 190
13 156 158 159 160 164 168 172 177 180 182 184 189 190
17 157 159 160 161 164 171 173 174 176 178 179 182 183 185 186 187 190
15 155 156 158 162 166 167 169 170 171 175 181 184 186 191 192
25 155 156 157 158 159 162 168 170 171 172 173 174 175 176 177 179 181 182 184 185 186 187 190 191 192
25 155 156 157 158 162 163 164 166 167 171 172 175 176 177 178 179 180 182 184 186 187 189 190 191 192
16 158 159 160 164 165 168 170 171 172 174 176 177 181 182 185 186
18 155 156 157 160 162 163 168 171 173 175 177 178 183 184 185 186 188 191
22 155 157 158 160 161 162 163 164 165 166 170 173 175 177 182 184 186 187 188 189 190 191
18 155 156 157 159 160 165 166 167 170 173 175 176 177 179 181 188 191 192
19 155 156 158 162 164 166 167 169 170 171 172 174 180 181 182 184 186 187 190
25 155 157 158 161 162 163 164 165 166 167 168 169 172 174 177 178 179 181 182 183 185 188 189 190 192
13 155 157 158 161 163 168 173 175 179 180 182 188 191
18 156 157 161 164 165 167 168 169 173 175 177 178 181 182 186 188 190 191
14 155 158 159 166 167 172 173 174 177 178 179 181 187 191
20 156 158 160 161 163 164 168 169 171 172 175 178 180 181 183 184 187 189 190 192
24 156 157 158 159 160 162 164 167 168 169 170 171 172 178 180 182 183 184 185 186 187 189 190 191
13 155 158 160 164 165 169 170 171 172 175 183 186 187
11 155 160 161 162 165 168 173 178 185 187 191
16 155 156 159 161 166 169 170 171 172 173 175 179 180 181 182 183
21 156 157 158 160 164 167 168 169 172 174 175 177 178 179 180 181 183 186 187 190 192
23 155 156 158 159 160 161 163 164 165 168 169 170 171 177 178 181 182 184 187 188 189 191 192
13 158 159 163 165 166 169 170 175 178 181 182 187 188
13 158 159 161 170 172 174 177 178 179 181 184 185 186
20 158 160 163 165 166 167 168 172 173 176 177 182 184 185 186 187 188 189 191 192
26 155 156 157 158 159 160 161 163 164 167 169 171 176 177 178 179 180 181 183 184 186 187 188 189 190 192
14 155 157 164 165 168 171 175 181 182 184 186 187 190 191
19 158 159 161 162 163 167 168 169 170 171 172 173 175 181 182 185 187 189 191
16 156 158 162 164 168 169 173 174 176 183 184 185 186 188 190 192
21 159 161 164 165 168 171 173 174 176 177 178 180 182 183 185 186 187 189 190 191 192
18 155 156 158 160 163 165 166 167 170 171 174 175 178 179 180 182 185 191
23 155 156 158 160 161 162 166 169 171 172 173 175 176 178 181 182 183 185 186 187 189 190 192
13 155 159 161 166 169 172 173 174 175 176 185 189 192
12 156 157 161 164 165 166 170 171 177 179 180 188
11 158 160 163 173 174 180 184 185 188 189 191
14 155 158 159 160 161 166 170 171 172 176 177 178 183 187
23 157 159 161 162 167 168 169 171 172 174 175 179 180 181 183 184 185 186 188 189 190 191 192
13 155 156 158 163 164 165 166 176 178 182 183 185 187
13 157 162 166 168 170 174 178 180 184 185 186 189 190
24 158 160 161 162 163 164 167 168 169 170 172 174 175 176 177 178 179 180 184 185 186 189 190 191
23 159 161 163 164 165 166 168 169 170 172 174 175 178 180 181 182 183 184 187 188 189 190 191
20 155 156 159 160 161 162 169 173 175 176 178 179 180 182 183 184 186 190 191 192
12 157 158 160 166 171 173 176 178 186 187 188 190
23 155 158 161 162 164 168 171 172 173 175 176 177 178 179 180 181 182 184 185 186 187 191 192
12 155 159 161 163 167 170 175 176 178 179 184 187
23 155 157 159 160 161 163 164 167 168 170 171 172 174 175 177 179 182 183 184 185 186 190 192
21 156 157 162 165 166 167 168 172 175 178 179 182 183 185 186 187 188 189 190 191 192
13 156 164 166 168 169 173 178 179 182 184 187 188 191
25 155 156 157 159 160 162 163 164 165 166 167 170 173 174 175 176 177 180 182 183 184 185 186 188 189
21 155 158 159 161 163 166 167 168 169 171 172 174 176 178 181 182 184 185 186 190 192
19 155 158 159 166 168 170 172 173 174 175 176 178 179 180 183 185 186 187 192
21 156 157 159 160 163 164 166 167 173 175 176 177 178 180 182 183 185 187 190 191 192
13 155 157 158 165 170 177 180 182 186 188 190 191 192
23 155 156 157 158 159 161 162 163 164 166 167 171 172 173 174 175 178 180 182 185 186 187 191
23 155 156 158 160 164 166 167 168 169 170 172 175 176 177 178 180 181 183 185 186 188 190 192
14 157 159 162 163 165 172 173 176 179 180 181 184 186 188
23 155 157 158 159 161 163 164 168 169 170 171 172 174 176 177 178 179 181 182 184 185 187 191
20 155 157 160 161 163 164 165 166 167 168 170 171 173 174 177 184 185 187 188 192
25 157 158 159 162 163 164 165 167 170 172 174 175 176 177 178 179 180 181 183 186 187 188 190 191 192
12 155 158 165 166 167 169 179 181 183 186 188 191
14 155 160 161 162 163 165 174 175 178 183 185 186 187 192
18 155 156 157 161 163 165 168 169 170 172 173 175 178 179 185 189 191 192
20 155 156 161 162 164 166 167 168 170 171 172 173 174 175 182 183 185 187 188 191
16 156 157 160 163 164 165 166 172 177 178 179 181 184 185 186 189
25 156 157 158 159 160 161 163 164 166 167 170 171 172 174 176 178 179 180 182 183 185 186 187 188 192
18 155 156 159 160 161 162 163 164 165 167 169 171 175 177 183 184 188 189
15 155 157 160 165 166 167 173 174 176 177 180 183 186 188 190
19 155 157 158 159 162 163 164 166 168 176 177 178 179 181 182 183 188 189 192
11 155 159 163 164 166 171 177 179 183 185 191
11 155 162 163 164 167 172 175 178 184 186 190
13 156 157 165 167 176 177 179 181 182 185 188 190 192
20 155 157 159 160 161 162 164 168 170 172 173 174 178 179 181 182 185 190 191 192
17 155 156 158 159 162 164 167 168 169 170 172 174 178 179 180 182 185
19 155 156 157 160 163 164 166 170 172 174 175 177 178 186 187 189 190 191 192
20 156 157 159 162 163 166 167 168 169 171 173 174 175 176 177 181 182 183 187 189
17 156 158 159 160 162 163 164 166 174 176 178 182 184 186 187 188 191
26 155 157 158 159 160 161 162 163 164 165 166 168 169 171 173 174 176 177 178 179 184 187 188 189 190 191
24 155 158 160 161 163 165 167 169 171 176 178 179 180 181 182 183 184 185 186 188 189 190 191 192
13 155 157 159 160 162 167 168 171 172 173 182 186 190
25 155 156 157 158 159 160 161 162 163 164 165 166 168 169 170 172 173 176 177 180 181 183 184 187 188
25 156 157 158 159 160 163 164 165 166 167 168 169 170 172 175 176 178 180 182 183 186 187 190 191 192
25 155 156 157 160 161 163 164 166 167 169 170 171 172 176 177 178 179 180 181 183 184 185 186 190 191
15 158 160 162 163 166 169 170 171 172 176 177 182 183 186 188
14 158 160 163 166 167 168 170 172 177 179 181 182 184 185
12 157 160 162 163 170 173 174 176 182 183 189 191
19 155 156 159 160 162 163 164 165 166 167 169 170 171 172 176 183 186 189 191
25 156 158 159 160 164 167 168 169 170 172 173 174 175 176 178 179 182 183 185 187 188 189 190 191 192
26 155 156 158 161 162 163 164 165 166 168 170 171 172 175 176 178 179 180 182 183 184 185 186 187 188 190
16 157 162 164 165 173 174 178 179 180 181 182 183 184 186 187 191
13 157 159 164 165 170 171 173 175 179 182 186 189 190
18 156 160 161 162 164 165 170 171 173 174 176 179 180 181 187 189 190 191
19 156 157 163 165 167 170 171 172 174 176 177 178 179 181 186 187 189 190 192
23 156 157 158 159 160 161 162 163 164 166 169 173 174 177 179 180 181 184 185 186 188 190 191
13 158 161 162 163 164 166 167 172 175 176 181 189 191
25 155 158 160 161 162 164 165 166 167 172 173 174 176 178 179 181 182 183 184 187 188 189 190 191 192
19 158 159 161 162 163 165 166 167 169 170 171 173 174 176 177 187 189 191 192
20 155 157 158 160 161 162 163 164 165 169 171 172 173 174 175 176 178 180 182 183
16 156 157 158 161 164 167 169 172 173 174 178 180 181 182 185 187
22 155 156 157 158 160 162 163 164 168 169 171 172 174 176 177 178 179 181 184 187 188 191
23 155 156 157 160 161 162 163 165 166 168 170 171 174 175 177 178 179 180 184 186 187 188 191
22 155 156 158 160 161 163 164 167 168 169 173 176 177 179 181 183 186 187 188 190 191 192
26 157 158 161 162 163 164 165 167 168 169 170 171 173 174 175 177 178 180 182 183 185 187 188 190 191 192
25 157 158 159 160 161 162 166 167 168 169 172 175 178 179 181 182 183 184 185 186 187 188 190 191 192
17 156 158 159 162 163 169 170 172 173 175 179 180 182 183 185 187 188
12 157 161 164 165 166 170 173 174 176 177 185 191
12 157 163 164 169 174 177 179 180 181 183 186 189
20 155 157 158 159 160 162 164 165 166 171 173 174 176 182 183 184 185 186 187 190
17 157 158 159 160 162 163 164 165 166 175 177 181 182 183 185 186 187
23 155 156 162 163 164 165 167 169 170 172 173 176 177 178 179 182 183 184 186 188 189 190 191
20 156 157 159 161 162 165 166 167 169 171 172 176 177 181 184 185 187 189 190 192
23 155 158 159 161 163 164 165 166 169 170 173 175 178 180 181 182 183 185 186 187 188 189 190
15 156 157 160 161 162 163 164 167 173 174 181 184 185 186 188
22 155 157 158 161 162 163 164 165 166 168 169 170 171 172 174 175 177 184 188 189 191 192
23 155 158 159 160 162 163 165 166 167 169 171 172 175 176 177 179 180 183 184 186 188 189 191
26 158 159 160 161 162 164 165 168 169 170 171 172 173 174 175 177 179 181 182 183 184 186 187 188 189 191
14 158 160 161 166 170 171 174 175 178 179 187 188 190 192
23 161 162 163 164 166 167 169 172 174 175 176 177 178 179 181 183 184 185 186 188 189 191 192
16 156 159 162 163 164 167 170 177 179 180 181 182 183 186 188 192
20 156 157 158 160 164 165 171 173 174 175 176 177 178 179 180 182 183 184 185 190
19 156 158 159 160 161 163 166 167 168 173 174 175 176 177 178 179 183 190 191
11 155 156 158 168 169 174 175 177 181 182 186
14 156 159 161 162 165 167 174 176 177 178 179 181 182 185
11 155 159 162 163 165 171 172 173 178 184 187
20 156 157 159 162 163 165 166 167 168 169 171 174 176 177 180 182 185 186 189 191
25 157 159 162 163 164 165 166 167 168 169 170 171 172 174 175 177 179 180 182 184 185 186 187 188 191
19 156 157 158 159 160 161 165 167 169 174 175 176 177 179 182 184 189 191 192
21 155 156 157 159 161 162 163 167 169 171 174 176 177 178 181 183 184 185 186 187 189
19 156 158 162 164 166 169 170 171 172 175 178 180 181 184 185 186 187 188 192
17 155 161 166 168 170 172 173 174 175 176 178 179 180 183 187 188 190
19 160 162 163 164 166 167 170 171 172 173 174 178 181 184 185 187 188 190 191
23 156 157 160 161 163 164 166 168 169 170 172 174 177 178 179 182 184 185 186 187 188 189 190
24 156 159 160 164 166 167 168 169 170 174 176 177 179 180 181 182 183 184 186 187 188 189 190 191
23 157 158 159 160 161 164 166 167 168 170 172 174 177 178 180 183 185 186 187 188 189 190 191
13 156 157 160 161 164 168 169 172 173 175 181 187 189
14 158 160 162 169 172 173 175 177 179 181 183 189 190 192
12 155 164 165 169 173 176 177 178 182 185 187 192
22 156 157 158 159 161 162 164 168 169 172 173 174 175 176 178 179 181 185 186 189 190 192
24 155 156 157 158 159 162 163 164 166 167 168 169 170 171 172 175 176 177 178 182 186 188 189 191
15 155 158 160 162 165 167 169 173 184 186 187 188 189 190 191
15 155 157 159 160 161 170 173 174 175 176 181 187 189 191 192
16 157 159 161 164 167 170 172 175 177 180 181 185 186 188 191 192
26 156 159 161 162 163 164 166 170 171 172 173 174 176 177 178 179 180 181 182 183 185 187 188 189 191 192
