227 1403
43 1 2 3 4 5 6 7 8 9 10 11 12 13 14 15 16 17 18 19 20 21 22 23 24 25 26 27 28 29 30 31 32 33 34 35 36 37 38 39 40 41 42 43
28 2 3 4 5 6 9 11 13 14 16 19 21 22 23 24 25 26 28 30 32 33 34 35 37 38 39 40 41
23 1 2 4 9 10 13 14 16 17 21 25 27 28 29 30 31 32 36 37 38 40 42 43
32 1 2 3 4 5 7 8 9 10 12 14 16 17 18 19 20 22 23 24 25 26 27 31 32 33 34 35 37 38 39 40 42
31 1 3 4 5 6 8 9 10 11 13 15 17 18 19 20 22 23 24 25 27 29 30 31 32 35 37 38 39 41 42 43
28 2 5 6 8 12 14 15 16 17 18 19 20 21 23 24 25 26 27 28 29 30 31 32 34 35 38 41 43
23 4 5 6 7 8 9 11 12 13 19 22 23 26 27 28 29 31 32 35 37 38 42 43
21 1 2 3 5 6 8 15 16 22 23 26 28 31 32 35 36 38 40 41 42 43
24 2 4 5 8 9 11 12 13 17 18 20 21 23 24 25 29 30 31 33 36 37 38 40 41
23 2 5 7 8 9 11 12 13 16 17 20 21 23 24 25 26 28 32 33 34 35 36 42
28 1 3 4 5 6 7 8 9 11 14 15 19 25 26 27 28 29 30 31 32 33 35 37 38 39 40 41 42
14 7 8 9 11 16 17 22 30 32 38 39 40 42 43
29 3 4 5 6 7 8 11 12 13 14 17 18 20 21 22 23 24 25 26 27 28 30 32 33 36 38 41 42 43
18 4 5 6 8 12 13 14 20 22 23 28 29 30 32 34 35 37 42
23 3 4 5 6 8 12 13 16 17 19 21 23 24 25 26 27 29 31 35 36 40 41 43
19 1 2 3 7 9 10 11 12 13 15 16 17 20 22 30 31 34 37 38
15 1 8 11 12 13 22 24 28 32 34 35 37 38 41 42
22 1 3 4 8 9 11 12 13 16 17 19 21 22 25 26 28 30 31 33 34 36 39
18 5 6 11 13 18 19 20 21 23 25 29 30 32 34 36 38 41 43
32 1 2 3 7 8 10 11 12 13 15 16 17 19 22 24 25 26 27 28 29 31 32 33 34 36 37 38 39 40 41 42 43
32 1 2 4 5 6 7 8 9 10 15 17 19 20 21 22 23 25 26 27 28 29 30 32 33 34 35 36 37 40 41 42 43
30 2 3 4 6 8 9 11 12 13 15 16 18 19 20 21 22 23 27 29 30 31 32 34 36 38 39 40 41 42 43
28 1 2 3 7 9 10 11 13 14 15 17 20 21 22 24 25 26 27 28 29 30 32 33 35 38 40 41 42
21 1 2 10 11 12 13 14 18 21 23 24 25 26 27 29 31 34 36 39 41 42
20 1 2 3 5 7 10 11 14 18 20 23 26 27 29 30 31 34 40 41 43
16 1 2 4 5 6 8 9 12 16 17 20 24 25 33 36 40
33 1 2 4 6 8 10 11 13 14 15 16 17 18 19 21 22 23 24 25 27 28 30 31 32 33 34 35 36 38 39 40 42 43
32 1 2 3 4 5 6 7 8 9 10 11 13 16 18 19 20 22 23 24 26 28 29 30 31 33 34 36 38 40 41 42 43
31 1 2 4 5 7 8 9 11 12 13 14 15 16 18 20 22 23 24 25 26 27 29 30 31 32 33 34 37 39 40 42
17 2 3 5 6 10 11 14 22 24 28 30 31 36 38 39 40 42
24 1 4 5 6 7 9 10 11 16 17 20 21 24 25 27 28 30 32 33 35 36 40 42 43
21 1 4 5 6 7 8 14 15 17 20 22 23 25 29 33 35 37 38 40 42 43
16 1 9 10 14 19 21 23 25 27 28 29 30 34 35 38 41
23 4 6 7 10 12 15 16 17 18 19 20 21 24 27 28 33 35 37 38 39 41 42 43
13 1 4 7 10 15 17 18 31 32 33 34 37 38
29 1 2 3 4 5 8 9 10 11 12 14 16 18 19 20 21 22 23 25 26 27 29 30 33 37 38 39 40 43
33 2 4 5 6 8 10 11 12 13 14 15 16 17 18 19 20 22 23 24 25 26 27 28 29 30 31 34 35 37 38 40 42 43
16 2 4 8 10 12 18 19 22 27 28 31 32 35 37 39 42
14 1 5 10 12 14 16 18 20 23 24 25 36 38 43
15 10 12 13 16 19 22 24 28 32 33 34 38 40 41 43
14 2 3 4 10 16 18 19 22 23 24 25 27 30 40
23 3 4 6 7 8 9 10 12 15 16 17 19 20 21 23 25 26 28 29 33 34 37 38
18 1 3 4 5 6 8 9 10 13 15 18 19 22 23 28 31 38 43
22 1 4 6 9 11 16 17 18 19 20 21 22 27 28 31 32 33 35 36 40 41 43
21 3 4 7 9 10 13 14 15 17 18 19 20 21 23 28 35 36 38 39 41 42
20 2 4 6 8 9 11 13 14 15 16 17 18 19 21 23 27 36 40 42 43
15 1 2 7 12 16 18 20 22 25 30 34 36 37 41 42
32 1 3 4 5 6 7 8 10 11 12 13 15 16 17 18 19 20 21 22 24 26 29 30 31 32 35 36 37 39 40 41 42
22 1 3 4 6 8 11 13 15 16 17 18 21 22 24 25 27 28 29 33 36 39 42
33 1 2 3 5 6 7 8 9 12 13 14 15 16 17 18 19 20 21 22 23 24 27 29 30 31 32 34 35 38 39 41 42 43
21 1 2 4 7 13 14 17 22 24 26 27 28 29 30 32 33 38 39 40 41 43
18 1 4 5 8 10 11 13 15 18 20 21 26 27 30 36 37 40 42
18 1 2 3 4 6 12 14 16 20 21 22 24 26 28 31 33 34 37
23 1 3 4 5 11 14 16 17 21 23 24 25 26 28 29 31 32 35 37 39 41 42 43
20 3 8 9 10 13 17 19 20 21 25 29 32 33 34 35 36 38 39 41 42
30 2 3 4 6 7 9 10 12 13 14 15 16 19 20 21 22 23 24 26 28 29 31 34 36 37 38 40 41 42 43
15 6 8 9 13 16 19 23 26 28 29 33 35 37 38 41
34 1 2 3 4 5 7 8 10 11 13 14 15 16 17 18 19 20 21 22 24 25 26 27 28 29 31 33 35 36 37 39 40 41 42
24 2 3 6 9 11 12 13 14 16 19 22 23 24 27 29 30 31 32 33 37 39 40 41 42
15 2 3 5 9 14 17 19 20 25 32 35 36 37 38 40
32 1 2 3 4 7 11 12 13 14 15 16 17 18 19 20 23 24 25 26 28 29 30 31 33 34 35 36 39 40 41 42 43
33 1 2 3 4 5 6 8 10 11 13 14 15 16 17 18 20 21 22 23 24 25 26 27 28 31 32 33 36 38 40 41 42 43
21 3 5 7 8 10 14 16 21 23 24 27 28 30 32 33 35 37 38 41 42 43
21 2 4 8 10 11 13 15 19 20 21 23 25 28 29 30 32 33 34 37 40 43
25 3 4 5 8 9 10 12 15 16 17 18 19 20 22 24 26 28 30 31 32 33 34 37 38 39
15 2 3 6 8 14 15 18 20 22 24 29 30 37 39 43
19 2 4 6 7 8 10 11 14 16 20 22 24 29 34 35 37 40 41 43
20 1 4 5 6 13 14 16 17 18 20 21 22 24 28 33 34 35 36 38 42
24 2 3 4 7 8 9 10 11 12 15 16 18 20 22 26 27 28 29 30 31 32 38 41 42
29 1 3 4 6 7 8 9 10 12 14 15 16 19 21 22 23 24 27 28 29 30 31 33 34 35 36 37 38 42
21 1 3 4 5 7 8 9 10 11 17 21 27 28 29 31 33 35 36 40 41 42
29 1 2 4 5 9 10 11 12 15 16 17 20 21 23 24 25 28 29 30 31 33 34 35 36 38 39 40 41 43
15 2 5 10 18 21 22 23 26 32 33 34 37 38 42 43
16 4 7 10 11 13 14 16 17 20 21 22 28 33 34 36 41
13 2 3 5 10 11 14 16 20 21 27 31 37 39
32 1 3 4 5 6 7 8 10 11 12 16 17 18 19 21 22 23 24 25 26 29 30 32 33 34 35 36 38 39 40 42 43
32 1 2 3 5 8 9 10 11 12 13 14 15 16 18 19 20 21 22 23 24 25 26 28 29 30 31 32 33 34 36 40 43
23 2 8 11 12 13 16 18 19 21 22 23 24 25 26 27 29 32 33 34 40 41 42 43
30 1 2 3 4 5 6 8 9 10 11 12 14 15 16 18 19 20 21 23 25 26 27 28 33 34 35 37 39 41 42
31 4 5 7 8 9 10 11 12 14 16 17 18 19 20 21 23 24 26 27 28 29 30 31 32 34 35 36 37 38 40 41
24 1 2 3 5 6 9 10 11 12 15 21 23 24 26 29 30 31 32 34 36 37 38 39 43
42 44 45 46 47 48 49 50 51 52 53 54 55 56 57 58 59 60 61 62 63 64 65 66 67 68 69 70 71 72 73 74 75 76 77 78 79 80 81 82 83 84 85
17 44 45 47 48 49 50 52 54 60 61 64 65 72 74 77 79 80
21 44 45 46 48 50 51 53 56 57 60 63 64 65 68 71 73 74 77 79 83 84
13 44 46 49 54 58 60 61 62 66 67 72 75 81
13 54 58 59 60 64 66 68 69 70 73 75 79 81
16 44 45 47 49 50 57 60 61 62 63 64 65 74 77 81 82
32 44 47 48 49 51 52 53 54 55 56 57 58 59 60 61 62 64 65 67 69 72 73 74 75 76 77 78 80 81 82 83 84
22 44 45 46 50 53 55 56 63 64 67 68 69 70 72 74 75 76 77 79 81 82 84
19 47 48 50 53 54 58 61 63 65 66 67 68 69 72 73 74 77 79 80
31 44 45 46 48 49 55 56 58 59 60 61 62 64 65 67 68 69 70 71 72 74 75 76 77 78 79 80 81 82 83 84
18 45 48 49 51 52 54 56 57 58 60 62 63 64 67 70 71 72 85
14 46 51 55 59 60 62 67 69 70 72 79 80 83 84
32 44 45 46 47 48 49 50 51 52 53 54 55 56 58 59 60 61 62 64 65 66 67 70 71 72 73 74 75 79 80 81 83
30 45 48 50 51 52 53 54 55 56 57 59 62 63 64 65 66 67 68 69 70 71 73 75 76 77 78 79 80 82 83
13 45 46 49 50 51 52 55 60 62 69 72 81 85
26 44 45 47 49 50 51 52 53 54 55 61 62 63 64 65 67 70 73 75 76 77 78 81 83 84 85
29 44 45 47 49 51 52 53 55 56 59 60 61 62 63 65 68 70 71 72 73 74 75 76 77 78 80 83 84 85
28 44 46 47 48 50 51 52 53 54 56 57 60 61 62 64 65 67 68 69 70 72 73 74 75 79 81 82 84
31 44 45 47 49 51 53 54 55 56 59 60 61 62 63 64 65 67 68 69 70 71 72 74 75 76 78 81 82 83 84 85
29 44 45 47 48 49 50 51 56 57 58 59 61 62 63 65 67 69 70 71 73 74 76 78 79 80 82 83 84 85
17 50 53 54 56 57 58 62 65 70 71 72 73 77 78 79 80 81
17 44 53 56 61 63 67 68 69 70 71 73 75 76 79 80 82 84
31 44 46 49 50 52 53 54 55 56 57 58 59 62 63 64 67 68 69 70 71 72 73 74 75 77 79 80 81 82 83 85
22 47 48 50 52 53 54 57 58 59 60 62 64 65 66 68 69 71 72 74 78 81 84
23 44 45 46 47 49 50 54 56 58 61 63 65 69 70 71 74 75 77 79 81 82 84 85
25 44 45 47 48 50 51 52 53 54 55 56 58 61 62 65 66 67 69 70 72 75 76 80 81 83
22 44 45 46 47 48 49 51 54 55 57 62 64 66 67 68 71 72 73 74 77 78 81
31 44 47 48 50 51 52 53 54 55 56 57 59 60 61 62 65 66 67 68 69 71 72 73 75 77 78 80 81 83 84 85
19 44 45 46 47 49 51 52 55 57 63 65 67 68 72 77 78 80 83 84
15 44 46 47 52 54 58 62 67 70 72 74 77 79 81 84
25 44 45 47 48 50 54 59 60 61 64 65 67 68 72 73 74 75 76 78 80 81 82 83 84 85
25 44 47 48 49 50 51 52 54 56 58 60 61 64 65 66 68 69 71 73 74 76 78 83 84 85
17 48 50 51 53 58 61 66 67 68 70 71 73 75 76 77 81 84
31 44 47 48 51 52 53 54 56 57 58 59 61 62 63 65 66 67 68 70 71 72 74 75 76 78 79 80 81 83 84 85
32 45 46 47 48 49 52 53 54 55 56 57 58 59 60 61 62 63 64 65 66 67 69 71 73 74 75 77 79 80 81 82 83
28 44 47 49 50 52 53 54 55 58 59 60 64 67 68 69 70 71 73 74 75 76 77 78 80 82 83 84 85
13 46 50 51 57 59 61 64 67 70 75 77 78 81
22 44 49 50 51 52 53 55 57 58 62 64 66 67 68 70 72 73 76 77 82 84 85
29 44 45 46 47 49 51 52 53 54 55 57 58 61 62 66 67 69 71 73 75 76 77 78 79 81 82 83 84 85
29 45 47 52 53 54 55 56 57 59 60 61 62 63 64 66 67 68 69 71 74 75 77 78 79 80 81 83 84 85
31 45 47 48 49 52 53 54 56 57 59 60 61 62 63 65 66 68 71 72 73 74 75 76 77 78 79 80 82 83 84 85
21 45 46 47 48 49 52 55 58 59 60 61 62 63 64 65 66 68 70 72 78 85
22 44 47 49 54 56 57 58 59 60 61 62 63 64 65 67 69 74 75 78 81 82 84
31 45 46 47 48 49 50 52 53 54 55 56 57 58 59 61 62 64 66 67 68 69 71 72 74 75 78 81 82 83 84 85
20 44 46 49 50 51 52 53 55 58 59 61 62 63 66 72 76 82 83 84 85
16 46 49 51 54 59 60 64 66 68 70 71 72 73 75 82 84
26 44 45 47 49 51 53 55 56 57 60 61 62 64 67 68 69 71 72 73 74 76 77 80 82 83 85
30 45 46 47 48 49 50 51 52 53 54 55 59 60 61 62 64 65 68 71 74 76 77 78 79 80 81 82 83 84 85
19 45 46 50 51 52 53 54 59 66 69 71 72 74 76 77 80 81 83 84
23 45 46 49 50 51 53 54 57 58 61 63 64 65 69 70 73 76 79 80 81 83 84 85
29 44 45 49 50 51 52 53 54 56 57 58 59 61 62 64 66 67 69 70 71 72 73 74 78 79 80 81 84 85
33 44 47 48 50 51 53 54 55 56 57 59 60 61 63 64 65 66 67 68 69 70 71 72 74 75 77 78 80 81 82 83 84 85
15 44 45 49 54 55 56 57 59 60 61 66 70 80 82 85
32 44 45 47 48 49 51 52 53 54 57 59 61 62 63 65 66 67 68 69 71 73 74 75 77 78 79 80 81 82 83 84 85
20 48 49 51 60 61 64 66 68 70 71 72 73 74 75 79 80 81 82 83 84
24 44 45 47 48 53 56 57 58 60 61 62 63 64 66 67 68 70 72 73 75 77 78 82 83
25 44 45 46 47 48 50 51 54 55 56 57 58 59 60 61 63 64 65 66 67 68 75 78 81 84
22 44 49 51 52 53 58 59 62 63 64 67 68 69 70 72 76 78 79 81 82 83 84
25 46 47 48 51 52 55 57 59 60 64 65 66 67 68 70 72 73 74 76 80 81 82 83 84 85
26 44 45 50 51 52 54 57 59 60 61 64 66 67 68 69 70 71 72 73 75 76 78 79 81 82 83
32 44 45 46 48 51 54 55 56 57 58 60 61 62 64 65 66 67 68 69 70 71 74 75 76 77 78 79 80 81 82 84 85
29 44 45 46 47 48 49 53 54 55 56 57 58 59 63 64 65 66 68 69 70 72 73 74 76 78 79 82 83 85
15 44 47 48 50 54 58 62 66 70 74 78 79 82 84 85
21 46 48 49 51 52 54 57 59 60 61 63 65 68 70 71 72 75 76 80 81 82
23 44 46 47 48 50 54 55 57 58 59 61 62 64 67 70 71 74 75 77 78 79 81 84
13 44 49 50 51 53 54 57 61 64 70 71 74 85
30 45 46 48 49 50 52 53 54 55 58 59 60 61 62 64 66 68 69 70 72 73 74 76 77 78 79 80 81 83 84
29 44 45 46 50 51 52 54 55 56 57 58 59 60 61 62 64 66 69 70 71 72 75 76 77 78 80 81 82 84
25 44 45 46 47 48 49 51 54 56 57 61 63 67 68 71 74 75 76 77 78 81 82 83 84 85
31 45 46 48 50 52 54 55 56 57 58 59 60 61 62 63 65 66 67 68 69 71 73 75 77 79 80 81 82 83 84 85
49 86 87 88 89 90 91 92 93 94 95 96 97 98 99 100 101 102 103 104 105 106 107 108 109 110 111 112 113 114 115 116 117 118 119 120 121 122 123 124 125 126 127 128 129 130 131 132 133 134
35 86 87 88 90 91 92 96 97 98 100 102 103 105 106 107 109 110 111 112 113 114 115 116 117 118 119 120 121 125 126 128 129 130 131 134
22 86 87 88 90 92 93 99 100 101 102 103 104 105 106 107 110 112 115 118 119 121 123
27 86 88 89 91 93 97 98 100 101 103 104 111 114 115 119 121 122 123 125 126 127 129 130 131 132 133 134
34 86 87 88 91 92 95 96 97 98 99 100 101 102 103 104 106 109 110 111 113 114 117 119 120 122 123 124 125 126 127 128 129 130 134
37 86 88 89 92 93 94 96 97 98 99 100 103 104 105 106 108 109 110 111 112 113 115 116 117 118 119 120 121 124 125 127 128 130 131 132 133 134
20 89 90 92 94 96 98 100 105 106 107 109 111 118 121 122 125 127 130 132 134
30 86 87 88 90 91 92 93 95 98 99 101 102 103 106 107 109 111 112 113 115 118 120 121 122 123 124 126 128 131 133
32 87 89 90 91 93 95 96 97 99 102 104 106 107 108 109 110 111 112 113 114 115 116 117 119 123 124 125 128 129 131 133 134
20 87 90 94 96 97 102 103 104 107 108 109 115 117 118 120 123 125 127 131 132
33 86 89 94 95 96 97 100 102 103 104 105 106 107 108 110 111 113 115 117 119 120 121 122 124 125 127 128 129 130 131 132 133 134
24 87 89 92 95 96 97 98 100 103 105 106 108 111 113 116 118 120 121 123 124 125 130 132 134
37 86 87 89 90 91 94 95 96 97 98 100 101 102 104 105 106 107 109 110 111 112 114 115 116 117 118 120 122 125 126 127 128 130 131 132 133 134
35 88 89 90 91 95 96 99 102 103 104 105 106 107 108 110 111 112 114 115 116 119 120 121 123 124 125 126 127 128 129 130 131 132 133 134
37 88 89 90 91 92 93 94 95 96 97 98 99 100 101 102 103 107 108 109 111 112 113 115 116 118 119 121 122 123 124 125 126 127 129 130 131 134
32 87 88 89 90 91 94 95 96 97 99 100 102 104 105 106 107 109 110 111 113 114 115 117 118 119 125 126 127 128 130 132 134
18 87 89 90 93 94 95 103 107 110 111 112 116 123 124 126 129 130 134
24 86 87 94 96 97 101 104 107 108 109 110 112 117 118 119 120 121 123 124 125 127 128 131 132
21 88 91 94 98 99 104 112 115 116 117 121 122 125 126 127 128 129 130 131 132 134
34 86 87 88 89 90 91 93 94 95 96 99 100 101 102 103 104 108 111 112 114 115 116 117 119 120 121 123 126 127 128 130 131 133 134
36 87 88 89 90 91 93 94 95 96 97 98 100 101 102 103 104 106 110 111 113 116 117 118 119 120 121 122 123 124 126 127 128 129 132 133 134
34 86 87 88 90 91 92 93 94 97 98 100 101 103 104 106 107 109 110 111 112 113 114 115 117 118 122 124 125 126 129 130 131 133 134
29 88 90 91 95 96 98 99 100 102 104 105 106 107 109 110 111 113 115 117 119 120 121 122 123 126 127 130 132 134
21 88 97 98 100 102 103 104 106 107 114 115 116 119 120 122 123 125 126 131 132 134
19 86 87 88 90 91 95 96 102 108 109 111 114 119 122 125 128 131 132 134
15 88 90 97 100 105 108 110 116 119 120 122 124 126 132 133
16 87 89 91 93 95 98 101 109 113 117 126 127 129 130 131 132
35 86 87 88 89 92 94 96 97 98 99 100 101 103 104 105 107 108 109 112 114 115 116 118 119 121 122 124 125 126 128 129 130 131 133 134
21 87 88 89 90 91 93 94 97 100 106 111 113 115 118 119 122 126 128 132 133 134
15 89 90 92 97 99 101 103 104 119 120 122 125 128 129 132
25 86 89 90 92 94 96 97 99 100 101 102 104 109 114 116 117 122 123 124 125 128 130 131 133 134
31 86 88 90 91 92 95 96 97 98 99 101 102 103 104 107 108 112 113 114 115 116 117 118 119 121 122 124 125 129 131 132
19 93 94 96 97 104 107 110 112 115 119 122 123 125 126 127 129 131 132 133
19 90 91 94 96 98 99 100 103 109 113 117 119 120 121 123 127 128 129 130
36 86 88 90 92 94 95 96 97 98 100 101 102 103 104 105 106 107 108 109 111 114 116 117 118 119 120 122 125 126 127 128 129 130 131 132 133
32 87 88 89 91 92 94 95 96 98 100 104 105 106 108 109 111 114 115 117 118 119 120 121 122 124 125 126 127 129 132 133 134
36 87 88 89 90 91 92 93 95 96 97 98 99 100 101 102 104 105 108 109 110 111 115 116 117 118 119 121 122 125 126 127 129 130 131 132 133
24 87 88 89 91 92 94 95 97 98 100 108 109 112 113 114 116 117 123 124 128 129 130 132 134
28 87 88 90 94 96 97 99 102 104 106 107 110 113 114 116 117 118 119 120 122 123 124 126 128 131 132 133 134
35 86 87 88 90 92 93 94 97 98 99 100 101 102 104 105 107 108 110 111 113 114 115 116 117 118 119 120 121 122 125 127 128 129 130 134
26 86 88 90 91 93 95 96 100 101 102 104 105 113 114 116 117 119 122 123 124 125 126 127 129 130 134
27 87 88 90 91 94 95 100 102 103 104 105 108 109 111 112 115 118 119 123 124 125 127 128 129 130 132 134
23 86 89 90 93 96 97 98 99 100 105 107 109 111 113 119 122 124 126 127 128 129 132 134
18 86 89 92 94 102 104 105 106 108 119 120 124 125 126 127 129 130 133
15 88 93 94 102 110 112 116 117 119 122 124 129 131 132 134
29 87 88 89 91 92 93 95 97 98 100 101 102 106 107 109 110 113 116 120 122 123 124 125 128 129 130 131 132 134
16 88 93 100 102 104 106 107 108 109 110 113 124 126 127 131 134
25 86 87 88 89 91 94 95 96 98 100 101 105 108 109 113 114 117 120 122 124 125 127 129 130 131
28 90 94 97 98 99 100 102 103 106 107 108 109 110 111 114 115 116 118 120 121 122 124 125 127 128 129 130 131
36 86 87 88 89 90 91 92 93 94 95 97 98 99 101 104 107 108 110 111 112 113 114 115 117 118 120 121 122 123 124 126 127 128 130 132 134
37 86 87 89 90 91 92 93 94 95 96 97 99 101 102 103 104 105 107 108 109 110 111 112 114 115 117 118 119 120 121 123 124 126 127 129 131 134
14 91 99 100 101 104 111 116 117 120 123 124 127 133 134
37 86 87 88 89 90 91 94 95 96 97 98 99 100 101 102 103 104 105 106 108 111 112 114 116 118 119 121 122 124 125 126 127 128 130 131 133 134
19 89 92 97 100 101 104 107 109 110 111 113 115 116 117 119 123 127 129 131
19 87 88 93 95 96 97 98 99 101 104 105 106 110 113 114 118 119 129 134
17 89 90 91 97 99 102 103 104 108 109 115 118 122 123 124 128 134
30 86 88 89 92 93 95 96 99 100 101 104 105 106 107 108 110 111 113 116 118 120 121 122 123 126 128 130 131 132 133
19 86 88 90 94 96 98 99 107 108 109 110 116 119 123 125 126 127 130 134
32 87 89 91 93 94 95 96 97 98 101 102 103 104 106 107 109 111 112 115 116 117 119 120 121 123 124 125 126 127 128 132 133
17 91 94 95 98 101 107 110 113 114 119 121 122 123 125 126 128 132
38 86 87 88 89 90 91 93 94 95 97 98 99 100 101 102 103 104 105 109 110 111 114 116 117 118 119 120 121 122 124 125 127 129 130 131 132 133 134
29 86 87 89 90 91 94 95 96 97 98 99 100 101 102 105 106 107 110 113 116 120 121 122 123 124 126 131 132 133
17 87 91 95 98 102 103 104 106 108 110 114 121 125 128 130 132 134
27 86 89 91 92 93 94 95 100 101 102 105 106 107 109 111 112 113 115 116 118 120 125 126 128 129 131 132
24 89 92 93 95 96 102 103 105 106 107 111 113 114 115 116 121 123 124 125 126 127 128 132 133
28 88 89 90 93 94 95 96 97 101 105 106 107 108 109 111 112 113 115 117 119 121 123 125 127 131 132 133 134
29 86 87 89 90 93 94 96 98 100 102 105 110 111 112 113 115 116 117 118 119 120 124 125 126 127 129 130 131 134
27 86 87 89 91 92 93 99 100 102 106 107 109 112 113 114 116 117 118 120 121 122 123 126 128 129 130 132
16 89 95 97 98 100 101 106 107 110 113 114 115 116 121 126 132
37 86 88 89 92 93 95 96 97 98 99 100 101 102 105 107 108 109 111 112 113 114 115 117 118 119 121 122 123 124 126 127 128 129 130 131 132 134
22 87 91 94 95 96 98 99 101 103 104 105 107 111 113 115 116 117 118 120 123 124 132
33 87 88 89 90 91 92 95 96 100 101 102 103 104 106 107 110 111 112 113 114 116 117 119 120 122 123 124 125 127 129 131 132 134
29 86 89 90 95 96 97 103 105 106 107 108 109 110 112 114 115 116 117 119 121 122 123 125 126 128 129 131 132 133
36 87 88 89 91 92 93 94 96 97 98 99 100 101 102 103 104 105 107 110 111 112 113 114 115 118 119 120 122 126 127 128 129 131 132 133 134
22 86 87 97 99 100 103 104 105 106 107 109 110 117 118 119 122 123 125 126 128 132 133
32 87 89 90 91 93 94 96 97 99 100 101 103 104 106 107 109 110 113 114 117 118 120 121 122 124 126 127 128 129 130 131 132
30 86 87 91 93 94 95 98 99 100 101 102 103 104 105 107 108 109 110 112 113 115 116 117 120 121 122 127 129 130 134
34 87 88 89 90 91 92 93 97 98 99 100 102 103 105 106 108 111 114 115 116 117 119 121 122 123 124 126 127 128 129 130 132 133 134
35 86 88 89 92 93 94 95 96 97 98 99 101 102 103 104 105 110 111 112 115 116 117 119 120 121 122 123 124 126 127 128 129 132 133 134
29 86 87 88 89 90 91 93 94 96 97 98 100 101 104 107 112 114 115 116 117 118 119 121 127 128 129 131 132 133
36 86 87 88 89 91 92 93 94 95 96 98 100 101 102 105 106 107 108 110 111 115 116 117 118 119 121 122 124 125 126 127 128 130 131 132 134
23 87 88 92 95 96 97 98 99 100 102 103 104 105 108 111 116 119 120 124 130 131 132 133
37 86 87 88 89 90 91 94 96 97 98 99 100 101 102 103 105 107 108 109 112 114 116 117 118 120 121 122 124 125 126 127 128 129 130 132 133 134
35 86 87 88 89 90 91 92 93 96 97 98 99 100 101 103 104 105 109 110 111 113 115 117 118 119 120 121 122 123 124 126 127 129 131 132
31 86 88 89 95 96 98 100 102 103 105 106 107 110 111 113 114 115 117 118 119 120 121 122 123 125 126 128 130 131 132 134
26 87 88 89 91 92 93 97 98 99 101 103 104 105 107 109 110 111 115 117 118 121 122 124 129 131 134
32 87 88 89 90 91 92 93 94 95 96 100 106 108 110 111 112 114 115 116 117 118 119 120 121 122 123 124 125 130 131 132 134
26 87 88 90 95 96 97 99 103 106 109 111 113 114 115 116 120 121 122 123 124 125 126 127 128 129 133
17 86 89 90 93 96 98 101 102 104 111 114 115 120 122 124 126 129
17 89 91 92 98 100 101 102 104 105 110 116 118 120 128 129 130 131
30 86 87 91 92 95 96 99 100 102 103 104 107 108 109 110 111 113 114 115 116 118 119 120 122 125 126 127 131 132 133
28 90 91 92 94 95 96 99 100 101 105 107 108 111 112 113 115 116 118 119 120 123 126 127 129 130 131 133 134
32 87 90 92 93 94 95 96 99 101 102 103 104 105 106 107 108 109 110 112 114 116 117 119 120 121 122 123 126 128 130 131 134
19 139 140 142 147 156 157 162 164 165 175 177 179 186 187 192 193 202 203 205
14 138 149 158 161 166 167 168 172 180 182 185 189 199 201
9 138 147 148 152 163 191 192 195 198
30 135 137 139 140 143 145 146 148 150 151 153 157 161 167 169 170 171 175 177 180 183 185 186 189 191 192 194 197 199 203
26 135 138 144 145 148 150 152 156 158 160 161 163 167 169 171 173 176 182 184 187 188 190 196 201 202 203
31 139 142 143 144 145 146 147 148 149 150 152 153 161 165 167 169 174 175 177 179 180 181 184 185 187 193 196 198 200 203 205
12 147 148 151 152 162 173 183 184 188 194 199 202
19 135 141 151 154 155 156 157 160 166 171 172 176 182 183 189 190 194 197 201
22 136 137 138 144 145 147 148 150 158 159 161 165 169 171 176 180 184 188 190 202 203 205
33 137 139 140 143 144 145 146 147 149 151 153 156 158 160 162 167 169 170 171 172 175 177 179 183 184 186 188 191 193 197 198 204 205
20 139 151 155 158 160 166 167 168 171 173 182 183 184 189 194 195 198 199 201 204
32 140 142 143 144 145 148 152 154 156 158 160 162 171 174 176 177 180 181 185 186 187 188 189 191 194 196 198 199 200 203 204 205
28 136 139 140 141 143 144 145 151 153 155 156 157 159 162 168 170 173 174 175 182 187 189 190 196 199 201 202 205
19 137 138 139 140 142 146 147 148 152 153 156 161 164 170 173 176 178 187 201
17 140 144 147 153 154 157 159 161 162 165 167 171 172 178 189 194 198
41 135 136 137 138 139 142 143 146 147 151 152 154 157 161 164 165 167 169 170 171 172 173 174 175 176 177 178 180 182 184 185 187 190 191 192 196 198 200 201 202 204
30 140 141 144 145 148 149 150 153 155 156 158 159 160 162 163 166 168 179 181 183 186 188 189 193 194 195 197 199 203 205
43 135 137 138 142 146 147 148 149 150 152 154 158 160 161 163 164 165 166 167 169 171 172 176 177 178 179 180 181 183 184 185 186 188 191 192 193 194 195 197 198 200 203 204
20 137 139 140 147 148 153 155 161 167 168 169 175 180 190 195 197 198 200 201 205
23 137 138 139 145 148 149 153 154 159 161 163 169 174 175 176 179 180 183 184 188 191 201 204
26 135 136 141 143 146 149 154 156 157 162 164 165 170 176 177 179 181 182 184 186 189 191 192 199 202 204
34 135 137 138 139 141 143 145 146 150 154 155 156 158 162 165 166 167 173 176 177 178 183 184 185 186 187 188 189 192 194 195 202 203 204
22 135 136 143 144 146 150 151 155 160 165 167 171 173 177 185 186 190 192 193 195 202 205
16 141 142 152 154 170 172 178 179 181 183 185 192 195 196 200 204
20 135 143 151 155 157 160 168 169 175 177 186 188 189 190 192 193 196 202 203 204
30 136 137 140 142 145 146 148 155 160 163 171 172 173 174 175 176 177 179 183 184 186 187 189 191 193 196 199 201 202 204
23 137 139 142 151 154 157 162 164 165 166 168 174 175 177 180 189 191 192 194 195 197 198 204
34 137 138 139 140 142 144 147 148 151 158 160 161 162 167 169 175 176 178 182 183 184 185 186 187 188 190 191 192 195 197 198 199 200 204
31 136 141 144 145 149 150 154 158 162 163 165 166 167 171 172 174 179 180 181 182 183 184 185 191 194 195 197 198 199 200 205
27 136 143 144 145 146 155 156 161 165 166 169 171 175 176 177 178 180 181 186 187 188 190 196 199 202 203 205
37 135 136 141 143 145 146 149 150 152 153 154 155 156 157 159 163 164 165 166 168 170 171 172 173 174 177 179 180 181 189 193 194 196 201 202 203 205
11 135 152 155 158 159 165 172 183 184 190 194
10 139 141 142 146 155 160 169 175 182 184
9 137 139 143 146 156 188 197 200 205
22 138 142 148 154 159 163 165 168 173 174 178 180 181 182 185 190 192 194 195 200 201 202
28 135 136 137 138 143 148 149 150 151 152 156 158 163 168 173 174 179 180 185 187 188 192 197 199 200 201 203 204
18 135 136 139 142 144 154 156 162 164 166 169 176 177 184 189 190 196 198
29 140 143 148 149 150 151 156 157 158 159 160 161 162 169 171 172 177 178 179 180 183 184 186 191 195 198 199 201 203
41 136 138 141 142 144 147 149 152 154 155 156 158 159 160 162 163 164 165 166 168 172 173 174 176 178 179 181 182 184 187 188 190 193 195 196 198 200 201 202 204 205
26 140 141 142 147 152 156 157 158 162 164 166 168 170 172 178 181 182 187 189 194 196 197 198 199 200 203
38 135 138 140 145 146 147 148 149 150 151 155 156 159 163 164 166 167 168 169 170 171 175 177 178 179 180 183 184 186 188 192 193 197 198 199 200 202 205
17 135 137 145 146 153 155 159 160 169 170 181 188 191 195 196 197 204
21 136 137 138 140 158 159 162 163 164 168 170 173 178 186 188 191 192 195 199 202 204
37 138 140 141 143 145 146 148 149 151 152 153 155 157 158 160 163 165 167 168 170 171 172 178 179 181 182 183 185 186 191 192 194 199 201 202 203 204
25 136 137 138 141 142 145 147 148 151 154 162 166 167 168 169 172 176 178 186 187 191 195 198 201 204
1 159
14 135 139 140 152 158 173 175 177 182 183 184 190 192 205
17 137 138 141 164 166 167 168 174 182 185 189 192 193 194 200 202 204
14 147 148 149 151 152 157 160 163 164 175 182 191 201 205
22 135 136 140 144 146 147 149 154 155 159 160 169 172 175 178 181 182 188 190 193 194 200
33 135 139 140 143 146 149 151 153 155 156 157 160 162 163 164 166 167 168 173 174 175 177 182 186 187 189 191 193 194 197 198 199 201
21 136 141 143 144 148 150 151 152 154 163 171 173 174 176 178 183 184 190 194 198 200
22 136 140 141 143 146 147 149 153 155 159 170 172 178 179 181 183 185 186 193 199 200 205
16 145 164 166 170 176 177 181 183 186 190 191 193 195 196 202 205
23 136 140 142 144 153 159 161 168 169 170 171 172 174 179 180 181 190 193 196 197 198 199 200
26 135 138 139 143 144 149 157 158 160 161 163 165 167 169 171 174 177 180 191 195 197 198 200 201 203 204
16 137 147 150 159 161 173 174 175 180 187 188 193 195 197 200 205
23 135 137 139 140 141 142 149 150 153 160 167 170 172 173 179 183 185 189 193 194 197 200 204
12 151 154 157 158 159 162 164 168 174 182 184 201
6 140 164 172 187 190 196
33 136 137 139 141 142 143 144 152 153 154 157 158 160 161 162 165 172 173 174 176 181 182 185 187 189 190 191 194 195 196 201 203 204
37 136 138 140 141 143 144 145 146 148 149 150 152 154 157 159 161 162 164 165 169 170 174 175 176 179 180 181 185 186 188 192 193 196 197 200 202 205
21 141 144 147 149 150 154 157 161 163 166 170 173 174 176 178 179 180 195 198 201 203
30 136 138 140 142 145 148 151 153 160 162 164 167 168 169 171 175 177 181 182 185 186 187 189 191 192 193 196 199 202 204
25 135 136 139 142 144 145 146 147 152 153 154 155 163 165 170 173 175 176 181 187 188 190 196 197 205
19 143 149 155 156 157 160 161 164 165 170 171 174 180 185 188 194 196 197 199
22 135 139 143 149 151 154 157 159 161 165 166 167 178 180 181 182 185 188 192 194 203 205
19 138 141 144 147 150 152 153 156 158 162 164 168 169 170 190 195 197 198 200
27 136 137 141 142 145 146 150 153 154 155 156 159 166 168 170 175 176 178 179 181 182 185 186 189 192 193 205
25 138 142 144 145 150 151 152 158 159 160 163 166 171 172 173 174 178 183 185 187 188 193 194 196 203
13 144 146 150 153 159 163 179 181 189 193 200 202 203
39 135 136 137 138 139 141 146 147 149 150 151 153 155 157 159 161 163 164 165 166 167 168 169 170 172 173 175 178 179 182 183 184 190 192 193 195 197 201 202
49 137 138 139 141 142 143 145 148 150 151 152 153 156 157 158 161 162 163 164 165 166 167 168 170 171 173 174 176 177 179 180 183 184 185 186 187 189 191 192 195 196 197 198 199 201 202 203 204 205
16 135 136 141 150 152 155 157 161 164 166 176 187 189 196 199 203
14 135 137 142 147 153 156 163 172 177 178 187 190 191 203
16 136 140 145 146 155 160 163 173 177 179 183 184 189 196 199 201
15 140 142 148 151 164 171 181 186 187 189 191 192 196 199 204
15 142 144 152 158 159 160 166 171 172 173 183 185 187 193 203
13 135 136 144 164 166 169 176 177 184 189 190 196 198
24 141 144 149 150 158 162 165 166 167 172 174 179 180 181 183 184 185 191 194 195 197 199 200 205
8 147 148 151 152 173 183 184 199
14 139 140 142 147 156 157 175 186 187 192 193 202 203 205
9 144 146 153 159 179 181 189 202 203
19 135 136 137 138 143 150 151 152 168 173 174 179 180 185 188 192 197 200 203
21 137 140 143 148 150 153 157 161 167 169 170 171 175 177 183 185 186 189 194 197 203
15 138 142 148 163 168 174 178 181 182 185 190 192 194 195 200
10 135 155 157 160 168 169 188 192 196 202
7 139 141 142 146 155 160 175
12 144 147 150 152 156 158 162 168 169 170 198 200
29 135 136 141 143 145 146 149 150 152 153 154 155 156 163 164 165 166 168 170 171 172 174 179 180 193 194 196 202 203
24 137 140 142 146 148 155 160 163 171 172 175 177 179 183 184 186 187 189 191 193 199 201 202 204
31 136 138 140 141 144 145 146 148 149 150 154 157 159 161 164 165 169 170 174 175 176 180 181 185 186 188 192 193 196 197 202
15 136 139 143 155 157 159 170 173 175 182 189 190 196 199 202
13 135 145 146 155 159 160 169 170 181 188 191 195 204
16 143 149 155 156 157 160 161 165 170 171 174 180 185 196 197 199
13 145 166 170 176 177 181 183 186 191 193 195 196 202
18 135 139 143 149 153 155 157 160 162 168 174 175 182 187 189 191 198 201
16 139 140 142 156 162 164 165 175 177 179 186 192 193 202 203 205
22 136 143 144 145 146 155 156 161 165 166 169 171 175 176 177 178 181 190 196 199 202 203
24 136 138 140 142 148 151 162 164 167 169 171 175 177 181 182 186 187 189 191 192 193 196 199 204
21 136 137 141 142 146 150 153 154 159 166 168 170 176 178 179 181 182 189 192 193 205
5 139 146 160 182 184
13 142 152 158 159 160 166 171 172 178 185 187 193 203
11 135 136 139 154 156 164 166 169 184 189 190
12 135 139 140 152 173 175 177 182 183 184 190 205
11 141 142 152 181 183 185 192 195 196 200 204
10 151 154 157 159 162 164 168 182 184 201
11 135 136 141 150 155 157 161 164 166 187 189
12 138 141 144 150 152 153 156 158 162 168 198 200
21 135 140 143 146 155 156 157 160 162 164 167 168 174 177 187 189 191 193 194 197 201
12 138 149 161 166 167 168 172 180 182 189 199 201
24 139 142 143 144 145 146 148 152 153 161 165 167 169 174 177 179 181 184 185 193 196 198 200 203
22 136 144 145 146 156 161 165 166 171 175 176 177 180 181 186 187 188 190 199 202 203 205
7 149 157 160 163 182 201 205
16 138 142 148 159 168 174 178 180 181 182 185 190 192 194 195 201
18 136 143 144 146 151 155 160 165 167 171 173 177 185 186 190 193 202 205
10 147 148 151 152 162 173 183 188 194 199
7 135 152 158 165 172 190 194
4 137 143 146 188
7 148 151 152 162 173 183 202
10 151 154 157 158 159 164 168 174 184 201
15 143 149 155 156 157 160 161 164 170 180 185 188 194 196 197
24 136 137 138 143 148 149 150 152 156 158 163 168 173 179 180 185 187 188 192 199 200 201 203 204
16 141 143 144 148 150 152 154 163 173 174 176 178 183 190 194 200
21 140 143 150 151 157 158 159 160 162 169 171 177 179 180 184 186 191 195 198 201 203
19 136 137 138 145 147 148 150 161 165 169 171 176 180 184 188 190 202 203 205
15 142 144 146 147 153 154 155 173 176 181 187 188 190 196 197
14 136 144 145 146 155 156 165 166 169 175 176 186 187 190
26 136 144 145 149 150 154 158 163 165 167 171 172 174 180 182 183 184 185 191 194 195 197 198 199 200 205
10 138 141 144 152 153 156 195 197 198 200
7 137 139 143 156 188 200 205
22 135 137 139 140 146 148 150 151 153 157 170 171 177 180 183 185 186 189 192 194 197 199
17 136 141 143 144 150 151 152 154 163 171 173 174 176 183 184 190 198
24 139 140 143 144 146 147 151 153 156 158 160 162 170 171 172 175 183 184 186 191 193 197 198 204
31 138 141 143 145 148 149 151 152 155 157 158 160 163 167 170 172 178 179 181 182 183 185 186 191 192 194 199 201 202 203 204
19 136 143 144 145 146 155 156 161 165 166 171 175 177 186 187 190 199 203 205
21 140 144 145 152 154 158 160 162 171 174 185 187 188 189 191 194 196 199 200 203 205
29 135 137 138 139 141 146 150 154 155 156 158 162 166 167 176 178 183 184 185 186 187 188 189 192 194 195 202 203 204
22 141 143 146 149 154 156 157 162 164 165 170 179 181 182 184 186 189 191 192 199 202 204
15 139 140 142 147 156 157 162 165 179 186 187 192 193 202 203
20 135 138 139 143 157 158 160 161 163 165 167 171 174 177 191 197 198 200 203 204
15 135 136 144 146 150 151 155 160 165 171 173 177 192 193 195
18 140 143 148 150 151 156 159 160 162 172 180 183 186 191 195 199 201 203
24 135 143 145 148 150 151 157 161 167 169 170 171 175 177 180 183 185 186 189 191 192 197 199 203
6 141 142 155 169 175 182
26 135 137 139 140 143 145 146 150 151 153 157 161 167 170 171 177 180 183 186 189 191 192 194 197 199 203
9 138 141 167 168 185 189 192 202 204
17 141 142 143 144 152 154 157 174 176 185 189 191 195 196 201 203 204
29 135 137 138 139 141 143 145 146 150 154 158 162 165 166 167 176 177 178 183 184 185 186 187 188 189 192 202 203 204
11 140 147 154 157 159 165 167 172 178 189 194
17 137 139 147 148 153 167 168 169 175 180 190 195 197 198 200 201 205
19 144 145 150 151 152 158 159 160 163 172 173 178 183 185 187 188 193 194 203
28 136 141 142 143 144 152 153 154 157 158 160 165 172 173 174 176 181 182 185 187 189 190 191 194 195 196 201 204
15 139 142 151 154 162 164 165 166 168 177 192 194 195 197 198
11 151 155 160 167 173 184 194 198 199 201 204
19 141 142 147 152 156 157 158 164 166 168 170 182 187 189 196 197 198 199 203
16 135 143 149 154 156 157 162 164 165 170 176 177 181 186 199 202
22 136 143 144 145 146 155 156 161 165 166 169 171 175 176 177 178 186 188 190 196 202 205
12 135 141 150 152 155 164 176 187 189 196 199 203
23 136 143 144 145 146 155 161 165 166 169 171 175 176 177 178 180 181 186 187 188 199 203 205
5 140 164 172 190 196
28 136 138 141 143 146 148 149 150 152 154 157 161 164 165 169 170 175 176 180 181 186 188 192 193 196 197 200 205
16 135 140 146 148 150 161 167 169 170 171 175 183 185 189 191 197
25 141 144 145 149 150 154 158 162 163 165 166 167 171 172 174 180 181 182 183 185 191 194 195 199 200
16 136 137 140 142 146 160 163 172 179 184 186 187 189 191 199 202
11 147 150 159 173 175 187 193 195 197 200 205
10 144 146 150 153 159 179 181 193 202 203
13 139 151 155 158 160 168 171 173 183 184 199 201 204
19 138 140 145 155 156 159 163 166 170 171 178 184 188 197 198 199 200 202 205
10 139 167 171 173 183 189 194 195 199 204
19 140 141 144 148 153 156 159 160 162 163 166 168 179 181 189 194 197 203 205
16 136 141 144 145 154 162 163 180 181 182 184 185 194 195 197 205
18 136 143 144 145 146 155 156 161 166 175 176 178 180 187 196 202 203 205
10 149 155 157 160 165 171 180 185 188 197
29 137 138 139 142 144 147 148 151 158 160 161 162 167 169 178 182 183 184 185 186 188 190 191 192 195 197 198 199 200
14 140 144 151 153 159 162 168 170 174 182 190 201 202 205
5 147 148 152 163 198
16 137 138 140 158 159 162 164 170 173 178 186 191 192 195 199 204
10 151 155 158 173 182 183 184 189 194 199
14 135 139 143 149 151 159 161 165 166 178 180 182 188 203
11 155 156 161 164 165 171 174 188 194 196 199
20 137 139 140 146 148 150 153 157 161 167 169 170 183 186 189 191 192 197 199 203
7 147 151 152 173 183 194 202
18 137 139 142 151 154 162 164 165 166 168 174 180 189 194 195 197 198 204
21 136 141 143 146 149 154 157 162 164 165 170 179 181 182 184 186 189 191 192 199 202
17 137 139 154 157 164 165 166 174 177 180 191 192 194 195 197 198 204
18 144 147 149 154 157 161 163 166 170 173 174 176 178 179 180 195 198 203
21 138 142 144 150 151 152 158 159 160 163 166 172 173 174 178 183 185 188 193 196 203
8 144 147 157 161 162 172 189 198
18 135 137 140 142 150 153 160 167 170 172 173 179 185 189 193 194 200 204
16 135 139 143 149 151 154 157 159 165 167 181 185 188 194 203 205
16 135 138 143 160 161 163 167 169 171 174 180 191 195 198 201 203
14 136 140 145 157 162 173 174 175 187 189 199 201 202 205
14 140 143 147 153 155 159 170 172 178 181 183 186 199 205
12 140 142 147 157 164 175 177 179 192 193 203 205
21 135 139 143 146 151 156 160 163 166 167 168 173 175 177 182 187 189 194 198 199 201
5 147 148 191 192 195
18 135 140 143 149 151 157 160 164 166 167 168 174 177 182 187 191 198 199
16 135 138 143 144 149 157 161 163 165 174 177 191 195 201 203 204
19 140 143 150 151 157 159 160 162 169 171 178 180 183 184 186 191 198 199 201
19 135 140 143 146 151 153 155 156 157 160 166 167 173 182 186 187 189 194 201
15 140 143 148 149 150 156 157 169 171 172 180 183 184 186 195
24 142 143 145 146 149 150 152 153 161 165 167 169 175 177 179 180 181 184 185 193 196 198 200 203
33 135 138 147 148 149 150 152 158 161 165 166 167 169 171 172 176 178 179 180 181 183 186 188 191 192 193 194 195 197 198 200 203 204
23 136 141 142 145 146 150 154 155 156 166 168 170 175 176 178 179 181 185 186 189 192 193 205
26 137 138 139 141 142 145 148 150 152 153 158 163 164 168 171 177 183 184 186 189 191 192 197 201 202 203
5 137 143 156 188 205
30 136 138 141 144 147 149 154 155 156 160 164 165 166 168 172 173 174 178 179 181 182 184 188 190 193 198 200 202 204 205
13 139 147 148 153 168 169 175 180 190 195 197 198 201
28 135 137 138 139 141 143 145 146 155 156 158 162 165 166 167 173 176 177 178 183 184 185 187 188 189 192 195 204
21 135 140 145 146 147 150 151 156 159 166 169 170 171 177 178 179 183 186 192 202 205
16 140 143 156 158 160 162 171 172 177 178 179 180 184 186 191 195
18 135 138 145 150 152 158 161 163 167 169 176 182 187 188 190 196 202 203
15 141 151 154 156 157 160 166 171 172 176 183 190 194 197 201
26 140 141 143 144 145 146 148 149 152 154 157 159 161 162 165 169 170 175 176 179 181 185 193 197 200 202
11 151 157 160 177 189 190 192 193 202 203 204
14 137 138 139 140 146 147 152 153 156 161 170 173 176 187
15 138 141 144 147 152 153 158 162 169 170 190 195 197 198 200
28 135 140 145 146 147 149 150 155 156 159 163 164 166 167 169 170 171 175 177 178 180 183 184 186 188 192 197 199
18 135 143 146 149 154 156 157 164 165 176 177 179 181 182 189 191 199 202
20 142 143 145 148 152 154 156 171 174 176 177 180 187 188 191 196 198 200 203 204
17 135 141 151 154 155 156 157 160 171 172 176 182 183 189 190 194 197
16 136 141 145 146 150 156 159 166 168 170 181 182 186 189 192 205
18 136 140 142 144 159 168 169 170 171 172 174 179 181 190 193 196 197 200
17 135 136 140 144 146 147 149 154 159 160 172 178 181 182 190 193 200
12 135 139 140 141 150 153 160 172 183 189 193 194
14 136 141 149 154 157 162 179 181 182 186 189 192 199 204
11 138 158 166 167 168 172 182 185 189 199 201
18 137 139 142 151 154 157 164 165 166 168 174 180 189 191 192 194 198 204
27 135 136 143 146 149 150 152 153 154 156 157 159 165 166 168 171 173 174 180 181 189 193 196 201 202 203 205
6 152 158 165 172 184 194
21 137 140 144 146 147 151 158 167 169 170 171 175 177 179 186 191 193 197 198 204 205
31 135 137 138 146 147 148 149 150 154 158 160 163 164 165 166 167 171 172 176 177 178 179 184 186 188 191 192 193 194 195 204
13 137 147 150 159 161 175 180 187 193 195 197 200 205
15 135 142 144 154 156 162 164 166 169 176 177 184 189 196 198
17 139 140 141 145 153 156 157 162 168 170 173 175 182 187 189 190 202
36 135 137 142 146 147 148 149 150 152 158 160 164 165 166 169 171 172 176 177 178 180 181 183 184 185 186 188 191 192 193 194 195 198 200 203 204
27 136 137 139 142 143 144 152 153 154 157 158 160 165 172 174 176 181 182 187 189 190 191 194 195 196 201 203
20 136 138 141 142 147 148 151 154 162 166 167 168 169 176 178 186 187 191 198 204
16 136 143 146 154 156 162 164 176 177 181 182 184 186 189 192 202
6 162 173 188 194 199 202
24 136 140 142 146 148 155 160 163 171 172 173 174 175 176 179 183 184 187 189 191 196 199 201 204
21 135 136 141 143 146 149 154 156 162 164 170 176 177 179 181 182 184 189 191 199 204
19 135 145 146 149 154 155 156 157 159 164 168 170 174 177 179 180 181 189 202
17 138 142 151 158 162 167 169 182 183 185 187 188 190 191 197 198 200
9 147 148 152 157 160 163 175 182 201
15 135 136 139 144 154 156 162 164 166 177 184 189 190 196 198
11 142 152 154 170 172 179 181 185 192 200 204
15 140 141 143 144 145 151 153 155 156 162 168 174 189 196 202
7 147 149 152 163 164 182 205
13 139 140 142 147 157 162 165 175 177 186 187 203 205
18 141 144 147 149 150 154 161 163 166 170 174 176 178 179 180 195 198 203
18 138 142 148 154 159 165 168 173 174 178 180 182 185 190 194 195 200 201
14 137 139 140 148 153 155 168 180 190 195 197 200 201 205
13 136 155 156 161 165 169 171 175 186 187 188 199 202
19 135 137 139 140 141 142 149 150 153 160 167 170 172 173 185 189 194 200 204
14 138 145 149 154 161 163 169 175 176 180 183 184 191 204
20 135 136 144 145 146 147 152 153 154 155 163 170 173 175 176 181 188 190 197 205
13 138 144 145 147 158 161 165 171 176 180 188 190 203
34 135 136 137 140 148 149 150 152 153 154 159 161 163 164 166 172 175 178 183 184 186 187 188 189 190 191 192 194 197 198 199 200 204 205
32 135 137 141 143 145 146 147 149 150 153 158 160 161 163 165 169 172 175 176 178 179 183 184 188 189 193 195 196 198 200 204 205
23 135 148 149 151 153 154 156 157 163 164 168 170 178 181 183 185 187 193 198 200 201 202 203
24 135 138 140 141 142 153 156 157 159 161 169 170 175 177 184 187 191 192 194 196 199 201 203 204
45 135 137 138 142 144 145 146 147 150 151 152 153 155 156 157 161 162 163 164 166 169 170 172 173 174 175 176 177 179 181 182 185 186 187 190 191 193 194 195 196 198 199 203 204 205
45 135 136 137 138 139 140 141 142 144 145 147 148 149 151 152 155 156 157 158 159 160 162 163 164 166 167 173 174 175 177 179 180 181 183 186 187 189 191 193 195 196 197 198 200 205
46 135 138 139 140 142 145 147 148 149 150 152 153 154 155 158 159 160 163 165 166 167 168 172 173 174 175 176 177 179 180 181 182 183 184 187 188 189 190 195 196 198 199 200 202 203 205
23 135 137 139 143 144 148 150 151 154 156 158 161 162 168 170 171 172 178 183 196 197 200 204
38 136 137 139 140 141 143 144 145 146 147 151 156 159 161 163 164 168 169 170 171 173 174 176 178 179 184 185 186 187 188 191 192 193 194 197 198 200 204
24 142 144 148 149 150 156 159 161 164 165 166 172 173 174 177 183 184 188 191 192 197 198 199 200
46 136 137 138 139 142 143 144 145 147 148 150 152 154 155 156 157 159 160 161 163 164 166 167 171 172 173 175 178 181 184 185 186 187 188 189 191 193 194 196 198 199 200 202 203 204 205
37 135 136 137 140 143 144 145 146 147 149 152 153 156 157 158 160 161 163 168 169 172 173 174 176 178 184 185 188 189 190 191 195 196 198 203 204 205
33 135 139 141 143 144 145 147 150 151 152 154 157 158 159 163 166 167 168 170 171 172 174 176 180 185 187 188 191 193 195 198 199 202
24 135 138 142 146 147 154 159 160 163 167 169 172 174 176 180 186 188 189 191 194 195 198 203 204
22 142 147 149 156 161 165 166 167 175 180 181 183 185 186 187 188 192 194 195 201 202 203
49 135 136 137 138 139 141 142 143 144 145 147 151 152 153 155 156 157 160 161 162 163 164 165 166 167 168 170 171 172 173 176 178 180 181 182 184 186 187 189 194 195 196 197 199 200 201 202 203 204
28 136 139 140 143 145 146 148 150 153 159 160 161 163 164 165 167 169 174 177 179 181 183 187 188 189 191 197 204
46 135 136 138 140 141 142 143 144 145 148 149 151 152 153 154 155 156 158 160 162 163 165 167 168 169 170 172 174 175 178 181 182 183 184 185 186 187 188 191 192 193 194 196 197 198 205
35 138 139 143 144 145 149 153 154 155 157 158 159 164 165 166 168 171 173 174 176 177 179 180 181 188 189 190 191 192 195 196 197 200 202 203
33 135 144 146 147 151 152 153 155 157 158 161 162 163 164 165 166 172 173 174 178 179 180 181 182 184 186 187 188 190 196 197 198 200
29 137 139 141 142 145 152 155 157 161 162 163 166 167 170 175 176 177 181 182 184 186 191 196 197 198 200 202 204 205
35 135 136 138 139 140 145 149 152 154 155 157 158 159 160 164 165 166 173 178 179 181 182 183 185 187 189 190 194 195 196 197 200 202 204 205
28 136 137 141 142 143 145 148 151 153 155 156 157 158 159 163 164 169 170 171 175 176 181 183 186 188 194 196 199
43 135 137 139 140 141 143 144 146 147 149 150 154 157 158 159 160 161 165 166 167 168 169 170 171 173 176 179 180 181 182 183 186 187 188 194 195 199 200 201 202 203 204 205
23 135 138 141 145 146 150 152 156 157 162 166 167 169 170 171 178 181 182 191 194 198 199 204
39 135 137 138 140 141 144 145 146 147 150 151 153 154 156 157 159 162 163 165 166 167 169 170 172 178 183 184 187 188 189 191 192 193 194 195 196 199 201 203
48 135 136 137 138 142 143 144 145 146 149 150 151 153 154 155 156 159 160 161 163 164 165 166 167 168 169 171 172 173 174 175 176 181 182 184 187 190 191 192 194 197 198 199 200 201 203 204 205
33 136 137 139 143 144 147 148 150 151 152 154 156 158 161 162 163 168 170 171 174 176 178 181 182 183 185 192 195 197 198 199 202 203
47 135 136 138 139 141 142 143 144 145 146 147 149 151 152 154 156 157 158 160 162 163 164 167 169 170 171 172 173 175 176 179 180 181 184 187 188 189 190 191 193 194 196 197 198 199 201 202
30 135 136 138 144 146 148 151 153 154 157 160 161 162 163 171 173 174 178 179 182 183 185 188 191 194 196 198 199 203 205
30 136 138 139 141 144 145 147 149 150 152 155 156 158 159 160 163 174 178 179 181 184 187 192 193 194 198 199 200 204 205
36 137 139 142 143 144 147 148 153 154 155 157 158 164 165 166 168 169 171 173 176 178 179 180 181 182 183 184 188 189 191 194 195 197 203 204 205
35 136 140 141 142 147 148 150 151 153 154 160 163 164 166 167 169 170 173 174 175 176 177 178 179 182 183 184 185 187 188 189 190 191 199 202
49 137 140 141 142 143 145 146 147 149 151 153 154 155 156 157 160 162 164 165 166 169 170 171 172 173 174 176 177 178 179 180 182 183 184 185 186 187 188 190 191 194 197 198 199 200 201 202 204 205
46 135 137 139 142 143 145 147 148 149 150 151 152 153 155 156 157 158 161 162 165 166 167 168 169 170 171 174 175 177 179 181 184 186 187 188 189 192 195 196 197 198 199 200 203 204 205
47 136 137 138 139 141 142 145 146 147 149 151 152 153 155 156 159 161 162 165 166 167 169 170 171 172 173 175 176 177 179 180 181 182 184 186 187 188 189 190 192 193 196 200 201 202 203 205
32 135 136 138 139 140 142 143 148 150 153 156 157 159 161 162 164 165 166 171 174 176 180 182 185 186 190 193 194 199 200 201 202
42 137 139 140 142 145 146 147 150 153 154 156 157 160 162 163 164 165 167 168 169 170 171 173 174 176 180 181 182 183 185 186 187 188 190 192 193 195 197 198 199 200 203
26 135 143 144 145 152 156 157 160 162 164 165 167 169 176 180 186 188 191 193 194 195 197 198 200 202 204
35 135 136 137 142 144 145 147 156 157 160 162 163 168 169 170 171 173 175 177 178 180 181 183 184 185 186 187 190 191 193 197 199 201 203 204
39 135 138 139 140 141 143 144 146 147 151 152 153 156 157 160 163 164 165 166 167 168 169 171 173 174 175 176 179 181 183 184 186 188 190 192 194 196 198 202
30 138 139 141 142 144 149 150 151 152 154 162 163 166 168 169 170 173 178 179 180 185 186 188 191 193 194 195 198 202 204
24 135 137 148 150 155 164 166 167 172 175 178 179 180 181 183 185 187 188 190 192 198 199 202 205
31 138 139 142 143 147 149 150 153 154 156 158 161 162 163 164 165 166 167 170 176 177 178 179 182 184 190 191 196 199 200 205
43 136 138 140 141 143 144 146 147 148 149 150 153 154 155 156 157 158 160 163 164 165 166 168 170 171 172 175 176 179 180 182 184 188 189 190 191 192 195 198 200 201 203 205
34 135 136 137 138 139 142 144 147 148 151 152 153 157 159 160 169 170 172 173 175 178 179 180 184 185 189 192 193 195 197 198 199 200 205
33 135 141 142 143 149 150 151 152 153 154 155 156 159 160 162 164 165 166 167 168 172 175 180 185 186 187 191 192 196 198 201 202 203
40 136 138 142 144 145 146 147 148 151 155 156 157 158 159 160 161 165 166 167 169 170 171 174 179 183 185 186 188 189 190 192 193 195 197 198 200 201 203 204 205
21 139 143 144 145 146 149 153 156 166 171 176 181 182 183 185 190 192 193 194 198 204
43 135 138 140 142 143 144 145 150 151 152 153 155 159 160 161 163 164 165 166 168 170 171 172 173 176 177 179 182 184 186 187 188 190 191 192 193 194 195 197 199 201 202 205
41 135 136 138 139 140 141 142 144 145 147 150 151 152 153 154 156 157 158 159 161 162 164 165 167 168 171 173 175 177 178 182 183 184 188 193 195 198 200 201 204 205
45 136 137 140 141 143 144 145 147 150 151 152 153 154 155 156 157 158 160 165 166 167 168 169 170 171 172 174 175 179 180 181 184 185 186 187 188 190 195 196 197 198 199 202 204 205
27 135 140 145 149 150 151 153 161 162 166 167 168 174 176 177 178 181 183 185 187 193 196 199 200 201 203 205
34 138 139 145 147 151 154 157 158 159 164 165 166 168 169 170 171 174 175 176 177 179 183 185 186 187 189 192 193 194 195 196 197 201 204
30 135 141 142 143 144 145 147 148 153 154 155 157 159 160 161 162 164 165 167 170 174 175 176 181 182 188 190 196 198 201
43 135 140 141 143 145 146 148 149 150 153 156 157 158 159 161 162 164 165 166 167 168 170 171 173 176 177 179 180 183 184 185 186 189 190 191 194 195 198 200 201 202 203 205
34 139 141 143 145 146 152 153 154 157 158 159 162 163 165 168 170 171 172 173 175 176 177 181 182 186 187 190 195 196 197 198 201 202 205
43 135 136 139 140 141 144 145 146 150 151 152 153 155 156 159 160 163 165 166 167 169 170 172 174 175 177 179 180 183 185 186 188 191 192 193 194 195 196 197 199 200 202 203
49 135 137 138 139 142 144 145 147 148 149 151 152 153 154 156 157 158 159 160 163 165 166 168 170 171 172 173 174 175 178 179 180 181 183 184 188 189 192 194 195 196 198 199 200 201 202 203 204 205
43 135 137 138 139 140 141 142 145 146 147 150 151 152 156 157 158 159 160 162 163 167 171 172 173 175 179 181 184 185 187 189 191 193 196 197 198 199 200 201 202 203 204 205
28 135 136 137 139 140 143 147 149 151 153 156 158 159 160 166 172 176 178 182 183 185 189 191 192 193 194 198 201
32 138 139 141 142 145 147 150 151 152 158 162 164 166 167 175 176 178 180 181 182 183 186 187 189 192 193 194 196 197 201 202 205
32 135 136 137 142 145 147 149 150 152 160 161 163 164 168 169 170 171 172 173 174 175 181 183 187 188 190 191 192 194 197 199 204
33 135 137 140 141 145 148 150 152 156 158 160 163 165 166 167 169 170 172 174 175 176 178 181 182 184 186 191 193 199 200 201 204 205
37 138 139 140 141 142 149 152 153 154 155 157 160 162 163 164 167 168 169 170 171 172 173 175 178 181 182 183 185 186 187 189 190 193 199 203 204 205
40 136 137 138 139 140 141 142 143 144 147 148 149 151 153 156 158 160 161 162 167 168 171 172 174 175 176 177 181 183 184 185 186 188 189 190 193 194 196 201 203
30 135 137 143 146 148 150 151 155 158 161 162 164 167 168 169 172 173 174 175 185 187 188 190 193 194 195 198 199 202 204
27 138 140 141 143 150 152 153 155 156 158 160 162 163 167 168 169 176 177 178 181 187 189 191 194 196 199 203
45 135 136 139 141 142 143 144 145 146 148 150 152 155 158 162 164 165 166 168 169 171 172 173 175 177 179 180 181 182 183 185 186 187 188 191 192 193 194 195 196 199 201 202 203 204
30 139 142 143 147 148 149 151 152 153 154 155 157 158 161 162 163 165 166 170 172 177 178 181 184 185 195 198 199 203 205
48 135 137 138 139 140 142 143 145 146 147 148 152 154 155 156 159 160 161 162 163 164 165 166 167 168 169 172 174 175 177 178 179 183 186 187 188 189 190 193 194 197 198 199 200 201 202 203 204
25 135 139 141 143 149 151 153 154 156 160 161 163 165 174 176 182 183 186 187 190 192 195 199 202 203
24 141 142 144 146 147 150 152 161 163 165 166 168 169 173 174 175 178 179 181 183 190 196 199 204
45 135 136 137 138 139 140 141 142 145 147 149 151 152 154 155 156 157 158 160 162 163 165 166 167 168 169 171 173 175 176 177 179 180 182 187 190 191 193 194 196 197 199 201 202 203
34 138 140 141 144 145 149 150 151 154 156 159 160 166 168 175 176 177 178 182 183 185 188 189 191 192 193 195 196 197 199 200 202 203 204
44 135 136 137 141 142 143 145 146 147 150 154 158 160 161 162 164 166 168 169 170 173 174 176 177 178 180 181 182 183 187 188 191 192 193 194 195 197 198 199 200 201 202 204 205
36 137 142 143 147 149 153 155 156 157 158 159 161 162 165 168 169 170 171 172 173 174 175 177 178 180 184 185 188 190 191 195 196 201 202 203 205
38 136 137 138 139 140 141 144 146 148 149 150 152 154 155 158 161 166 168 170 171 172 174 176 177 180 183 186 187 188 190 193 194 196 197 198 200 201 203
21 135 138 141 145 149 153 159 164 166 167 168 171 174 176 179 185 190 193 194 195 200
28 136 138 141 142 144 148 149 151 155 156 159 160 162 164 165 167 168 169 170 175 180 182 184 190 195 197 198 203
27 140 143 144 145 146 148 151 153 154 158 163 166 167 171 172 174 176 179 180 183 185 190 192 193 196 198 204
30 136 139 141 142 143 144 146 148 149 151 152 155 156 159 162 163 167 168 170 172 176 180 181 183 188 189 194 197 201 205
48 136 137 138 142 143 144 145 146 147 148 149 150 151 153 154 156 159 161 162 163 164 165 166 167 170 171 172 173 175 177 178 179 180 181 182 183 184 189 191 192 193 194 195 196 200 202 203 204
42 135 137 140 142 143 144 146 147 150 153 154 156 157 159 160 163 165 166 167 168 170 171 175 176 180 181 182 184 185 186 188 190 191 192 193 194 197 198 199 201 202 205
44 135 136 137 138 139 140 141 142 143 144 145 146 148 149 151 156 157 158 159 160 161 162 164 165 173 174 176 179 180 181 185 186 188 189 191 192 194 195 196 197 198 199 200 203
26 135 136 137 139 141 145 149 151 156 157 164 167 168 170 173 175 178 185 186 188 189 190 191 200 201 205
30 136 143 144 146 148 152 157 158 160 166 167 169 170 171 175 178 182 183 184 186 188 189 190 195 198 200 202 203 204 205
41 136 139 140 143 145 147 148 151 154 155 157 159 162 163 164 165 168 170 171 174 177 179 180 181 182 183 184 186 188 189 190 191 193 195 197 198 200 201 202 204 205
44 135 137 138 139 141 142 143 144 145 147 149 153 154 155 158 160 161 162 164 165 166 168 170 171 172 175 176 177 179 180 181 182 185 186 188 191 192 194 195 196 197 198 199 202
31 138 142 143 146 147 159 160 161 162 163 165 166 167 168 171 175 177 179 180 183 184 185 187 188 190 193 195 199 201 204 205
27 136 141 142 145 146 154 155 159 162 166 171 172 176 177 179 181 184 186 188 189 192 194 198 199 201 202 205
34 137 138 139 143 145 148 149 150 152 153 154 156 158 159 163 164 169 170 172 173 175 178 179 181 182 186 189 191 192 196 197 199 200 201
31 135 138 140 144 145 149 150 151 153 154 160 164 165 167 168 170 171 172 176 177 178 183 184 185 186 189 190 192 194 197 204
42 135 137 139 140 142 143 144 145 146 147 149 151 154 155 156 157 160 161 165 167 168 169 171 172 173 174 175 176 178 185 187 188 190 191 192 195 196 197 198 203 204 205
40 137 138 142 143 145 147 148 150 152 154 155 158 159 160 164 165 166 167 169 174 175 176 178 179 182 183 185 187 190 191 193 195 196 199 200 201 202 203 204 205
38 136 138 140 141 143 145 147 148 149 152 155 156 158 160 161 165 166 168 171 172 174 175 181 184 185 186 187 188 191 193 194 195 196 198 199 201 202 203
48 135 136 137 142 143 145 146 147 148 153 154 155 157 159 160 161 163 164 165 167 169 170 172 174 176 177 178 179 180 181 183 184 185 186 187 190 191 192 193 194 195 196 197 198 199 200 201 204
34 135 136 140 141 142 145 146 148 151 154 159 162 164 165 171 173 174 175 176 177 178 179 180 182 184 186 189 191 192 193 196 201 203 204
49 135 136 137 138 139 140 141 142 143 144 146 147 148 150 152 153 156 157 159 163 165 166 168 169 170 172 173 174 178 179 180 181 183 184 185 186 187 188 190 191 193 195 196 199 201 202 203 204 205
23 141 142 145 146 147 148 149 158 159 162 168 169 170 177 182 187 189 191 195 198 200 202 204
40 135 136 137 138 139 140 145 146 147 149 150 153 154 155 158 160 162 163 164 166 169 173 179 180 181 184 185 187 188 190 191 192 193 194 195 197 198 201 202 205
31 136 139 141 142 145 146 147 148 150 151 155 158 162 163 164 168 169 170 171 172 177 179 180 181 184 189 195 198 201 202 203
35 136 138 141 142 146 147 149 151 157 162 163 166 167 168 169 170 171 172 174 175 178 179 182 183 185 186 187 188 189 192 195 196 197 199 203
28 136 137 143 145 146 155 157 159 160 161 162 163 166 167 168 172 173 177 181 182 187 188 189 190 194 198 202 205
33 142 143 144 145 146 148 152 154 156 158 160 163 165 169 173 174 175 179 180 181 182 184 185 187 190 193 194 196 197 199 200 202 204
46 135 136 137 140 141 142 144 145 146 148 149 151 154 155 156 157 159 160 161 162 163 164 165 166 167 171 174 175 176 178 179 182 183 184 186 187 188 189 190 191 196 197 199 200 201 203
41 136 137 139 140 141 142 143 144 145 146 147 149 150 151 156 158 161 162 163 165 166 167 168 169 175 178 181 183 185 186 187 189 190 193 196 197 198 199 203 204 205
47 136 139 140 142 144 145 147 149 150 152 153 154 156 158 159 160 161 163 164 165 169 170 171 172 174 177 178 180 181 182 184 185 186 187 188 190 191 192 193 194 195 196 197 201 202 203 204
33 135 137 138 139 141 142 152 155 158 160 164 166 169 171 172 173 174 175 176 177 178 183 186 187 188 190 192 193 195 196 197 203 204
41 139 143 144 146 147 148 150 152 153 155 156 159 165 166 167 168 169 170 172 173 175 177 178 179 183 184 185 186 187 190 191 192 193 195 197 198 199 202 203 204 205
35 136 141 145 146 148 149 153 154 155 156 157 158 161 162 163 164 169 170 174 175 179 181 182 185 188 189 193 194 196 197 198 199 200 203 204
47 135 136 137 138 139 140 143 144 148 150 151 152 155 156 157 158 159 160 163 164 165 166 167 168 169 171 173 175 177 180 182 185 186 187 188 190 192 193 195 196 198 199 200 201 202 203 205
24 135 138 139 144 146 150 152 154 155 156 160 162 176 179 180 182 185 190 192 194 196 200 201 203
26 136 138 139 140 142 144 148 152 158 161 164 166 167 172 174 175 176 180 184 190 191 192 194 200 201 205
25 136 142 144 153 156 157 160 162 164 170 173 174 179 181 183 190 192 193 195 197 198 202 203 204 205
28 137 138 145 146 147 149 150 151 152 153 155 156 158 163 171 173 177 179 180 181 182 183 186 188 195 197 198 204
41 135 138 140 141 144 145 146 147 149 152 155 159 160 163 165 171 173 174 175 176 177 178 179 182 184 185 188 189 190 191 192 194 195 196 198 199 200 201 202 204 205
36 136 137 138 139 140 141 142 143 145 147 149 152 159 165 170 173 174 175 176 179 181 183 184 185 187 189 190 191 192 193 195 197 200 201 204 205
33 141 142 143 144 145 149 150 151 154 155 158 159 161 163 164 169 170 174 176 177 178 179 181 182 185 188 192 193 196 198 200 202 204
46 135 136 137 138 139 140 143 145 146 151 152 153 154 156 157 158 159 161 162 164 165 167 168 169 170 173 174 175 176 178 180 182 184 185 186 187 188 191 194 197 198 199 200 201 204 205
45 136 138 140 141 144 145 146 147 148 150 152 153 155 157 158 161 162 163 164 166 168 169 170 172 174 176 177 178 179 180 181 183 185 186 187 189 192 194 195 196 197 202 203 204 205
25 136 137 139 140 143 146 147 151 152 154 156 162 168 169 170 177 178 181 187 193 194 196 199 204 205
28 139 141 142 143 144 146 147 148 150 151 153 155 156 158 159 170 172 173 175 184 189 190 193 195 197 201 202 204
46 135 136 137 139 140 144 146 148 150 151 153 154 155 156 157 158 159 160 161 163 165 168 171 175 176 177 178 181 183 184 186 187 188 189 190 191 192 194 195 196 198 199 202 203 204 205
41 136 138 139 143 144 148 149 151 152 153 154 156 157 158 161 163 165 166 167 168 169 172 173 174 175 176 177 178 181 182 183 184 185 187 190 191 193 194 195 198 203
39 135 136 138 139 141 143 146 147 148 151 153 157 161 162 163 164 165 166 168 172 173 177 178 180 181 184 187 190 191 192 193 194 197 198 199 201 202 203 205
46 135 138 139 140 141 144 145 147 150 152 153 154 156 157 159 160 161 162 164 166 167 168 171 172 174 175 176 177 178 180 181 184 186 188 189 191 192 194 196 197 198 199 200 203 204 205
46 135 136 137 139 140 141 143 146 147 148 149 150 151 152 153 154 155 158 159 160 161 163 166 168 169 171 173 175 178 179 180 182 183 184 188 193 194 196 197 198 199 200 201 202 204 205
41 135 136 137 138 139 142 144 145 147 148 149 150 151 152 155 156 162 164 166 167 168 170 173 175 178 179 180 182 185 186 187 189 192 193 195 196 197 201 202 203 205
42 135 139 140 141 143 146 147 148 149 151 152 153 154 156 157 158 161 162 163 164 165 166 167 168 169 170 175 182 183 184 186 188 189 191 193 195 196 197 200 201 203 204
39 137 138 139 142 143 144 145 153 156 157 158 162 163 165 166 167 168 169 170 171 175 176 178 180 181 182 184 189 190 191 193 194 195 196 197 199 201 203 204
34 135 136 140 141 142 145 146 149 151 153 159 160 163 164 165 166 167 168 173 175 176 178 180 185 186 189 190 191 192 196 197 199 200 205
36 137 138 139 140 141 143 144 145 149 152 157 158 160 161 163 164 169 170 174 176 177 178 180 181 182 186 187 189 192 194 198 199 200 201 202 205
47 135 138 140 141 142 143 145 146 147 148 150 152 153 154 156 158 159 160 162 163 164 165 166 167 168 169 170 171 173 174 175 176 177 179 181 183 184 186 187 189 190 192 196 198 200 201 205
39 135 138 139 140 141 142 145 147 151 152 153 154 156 160 162 165 166 169 170 173 174 176 177 180 181 182 185 186 187 189 192 193 195 196 197 199 200 201 203
42 135 136 140 141 142 144 145 148 152 156 157 158 159 160 161 162 163 164 165 166 171 173 175 180 182 183 184 185 186 187 188 189 190 192 193 194 195 198 199 201 202 204
32 135 140 141 143 144 145 147 150 151 152 156 157 158 162 163 165 167 170 172 173 175 179 183 184 187 189 190 196 198 199 200 205
44 135 136 139 140 141 142 143 144 145 146 149 151 156 158 162 163 165 167 169 170 171 172 173 176 178 179 181 182 183 184 185 186 187 188 189 190 191 192 193 194 197 199 200 203
26 141 142 145 152 155 157 161 164 165 169 171 172 178 181 182 186 187 190 191 192 193 197 198 199 202 203
30 138 139 141 144 145 154 156 159 161 168 169 170 172 174 175 176 184 185 188 189 191 194 195 199 200 201 202 203 204 205
35 138 142 144 145 146 147 149 150 151 152 153 155 156 157 160 161 168 169 171 172 173 174 176 177 179 183 184 188 190 192 195 199 203 204 205
40 135 136 139 142 144 145 146 147 150 151 154 155 157 159 160 162 167 168 170 171 172 173 175 177 178 180 181 186 188 190 191 194 195 197 198 200 201 202 204 205
30 135 140 148 149 150 151 152 153 154 155 156 158 159 163 164 165 168 169 173 175 176 186 190 193 194 196 197 201 202 204
42 135 136 137 138 139 140 141 143 148 151 152 153 154 155 156 160 161 162 164 166 168 169 170 171 176 181 182 184 185 187 190 192 193 194 195 198 199 201 202 203 204 205
22 136 138 140 142 144 145 150 155 156 160 161 162 164 165 167 175 176 184 195 196 204 205
21 135 136 141 147 152 155 158 161 163 164 177 179 180 183 185 187 188 194 195 201 204
36 135 136 137 141 142 145 148 150 152 153 154 155 157 158 161 162 166 168 170 171 173 179 180 182 184 185 186 189 191 196 197 199 200 201 203 205
31 135 138 140 141 144 145 147 148 150 152 158 162 166 168 173 174 175 185 186 187 188 189 190 191 193 194 197 199 202 204 205
37 137 138 139 141 143 144 147 149 150 152 156 158 159 160 161 162 164 167 168 169 170 171 173 174 175 176 179 181 186 187 190 193 194 198 200 201 203
49 135 137 138 139 142 143 144 146 147 148 149 150 155 156 158 159 160 161 162 163 164 165 166 168 170 171 172 176 177 179 180 181 183 184 185 188 191 192 193 194 196 197 198 199 200 201 203 204 205
37 137 140 142 143 144 145 146 147 148 149 151 154 155 156 158 160 165 166 167 169 172 173 174 179 180 181 183 186 187 190 192 193 194 197 199 201 204
42 138 139 141 143 144 151 152 153 154 155 156 157 159 160 164 165 166 169 170 171 173 174 175 178 180 181 182 184 185 186 187 188 189 190 192 194 195 196 201 202 203 205
44 136 137 138 141 142 143 145 146 147 148 149 150 152 154 155 156 158 159 160 161 162 165 166 168 173 174 177 178 179 180 181 182 185 186 189 192 193 195 197 198 200 201 203 205
24 140 145 149 150 151 154 156 158 159 163 168 170 171 175 176 181 182 188 195 196 197 198 201 205
36 141 142 143 145 146 147 150 151 152 153 154 155 159 161 162 163 164 165 167 172 173 176 180 182 183 184 185 187 188 190 195 196 198 199 203 204
49 135 136 137 138 140 141 142 143 144 145 146 147 148 150 152 153 156 157 158 159 161 162 163 164 166 167 169 170 171 172 174 175 176 177 178 179 180 183 184 185 186 187 189 192 193 195 199 201 202
35 136 137 142 143 144 148 150 152 153 155 156 158 159 160 161 163 168 173 177 178 179 180 181 183 185 186 187 190 191 192 198 199 202 203 204
39 135 137 139 140 142 144 149 150 153 154 155 156 157 158 159 160 161 162 167 169 170 171 172 173 174 175 178 180 182 184 185 188 189 190 198 200 202 203 205
28 137 140 142 143 144 146 147 148 153 158 159 161 162 165 167 168 172 174 176 178 180 183 185 188 190 198 199 204
47 136 137 138 140 141 142 144 145 146 147 148 149 150 151 153 154 155 159 160 164 165 166 168 171 172 173 174 175 176 178 180 184 186 188 189 190 191 194 195 196 198 199 200 201 202 203 205
29 136 140 142 143 146 147 148 151 152 153 154 155 161 162 164 166 167 168 169 177 178 182 187 192 197 198 199 202 205
30 135 139 143 144 148 149 150 154 156 158 159 164 165 166 167 173 177 178 179 182 183 185 186 191 192 194 195 198 199 204
38 139 140 143 144 145 146 148 149 150 155 156 158 159 161 162 163 164 166 167 168 175 176 180 181 182 184 186 189 191 192 193 195 197 198 200 201 202 203
32 141 142 145 149 154 157 159 160 161 162 164 167 170 171 172 175 176 177 180 182 183 184 185 190 191 193 194 196 197 201 202 204
33 135 139 143 144 148 151 152 155 156 157 160 162 164 166 168 170 171 172 174 177 178 179 184 185 186 189 190 191 201 202 203 204 205
23 137 138 140 145 146 148 150 152 161 165 171 173 176 180 181 183 187 192 193 195 197 199 200
37 135 140 141 143 144 150 151 152 154 156 157 165 167 169 170 172 173 175 176 178 179 180 182 184 185 186 187 189 191 192 195 196 199 200 202 204 205
24 135 136 138 141 144 145 151 155 158 160 165 168 174 177 183 185 187 189 192 194 196 197 198 205
25 144 147 152 153 154 155 156 158 160 164 165 166 169 171 173 176 177 179 187 189 193 195 196 198 202
46 136 138 140 142 143 144 145 146 147 148 149 150 151 152 153 154 156 157 158 162 164 165 166 167 169 170 171 173 174 175 177 182 183 184 185 186 187 189 190 194 195 196 197 198 202 204
27 136 138 140 144 149 154 155 159 160 163 166 167 169 171 173 174 179 183 184 189 191 193 194 197 198 199 203
43 135 136 137 139 143 145 146 150 153 155 158 159 161 162 163 164 165 166 167 168 169 170 171 176 178 180 183 184 186 187 188 190 191 192 194 197 198 199 200 201 202 204 205
38 136 140 144 145 147 150 151 153 155 156 157 158 159 163 166 167 169 170 172 173 174 176 177 178 179 180 184 186 187 188 189 190 191 192 197 198 200 203
25 136 141 142 143 144 145 146 148 152 153 159 160 164 173 178 179 181 184 186 187 188 191 199 202 204
30 138 139 141 144 150 151 154 160 161 162 163 164 165 166 168 174 177 178 180 181 182 185 190 193 197 198 200 201 202 203
37 135 136 140 141 142 143 145 147 149 150 152 156 157 159 161 163 166 168 169 171 174 175 179 180 181 185 187 189 190 191 197 198 199 200 201 203 205
24 140 141 143 146 148 153 156 158 162 163 166 167 168 171 172 179 181 186 187 191 193 198 200 204
48 136 137 138 139 142 145 146 147 148 149 151 152 153 154 155 156 157 158 159 164 166 167 170 171 172 174 175 176 178 179 180 181 182 184 187 188 189 190 191 192 194 196 200 201 202 203 204 205
30 138 142 144 145 146 148 151 153 154 155 156 157 158 159 160 163 166 168 169 171 174 183 184 185 193 196 197 200 203 205
30 135 139 140 145 147 150 151 152 153 154 157 159 161 162 164 165 166 167 168 169 173 176 178 180 181 183 186 193 194 205
27 139 141 142 144 148 151 152 154 155 156 157 164 166 169 180 181 183 184 185 186 188 189 191 193 195 201 204
46 135 136 137 139 141 142 143 144 145 146 148 149 151 153 155 156 158 159 160 161 162 164 165 166 169 170 171 175 176 177 178 179 180 184 185 186 187 188 189 195 196 197 201 202 203 205
21 140 141 143 144 149 152 160 174 177 182 188 189 191 192 193 194 195 197 199 202 205
34 135 136 138 140 141 144 146 147 150 151 154 161 162 167 168 169 170 171 173 174 176 177 183 186 188 189 190 191 194 195 196 198 199 202
45 135 137 138 141 143 144 146 147 148 151 152 153 154 155 160 161 162 163 166 167 168 170 172 173 174 176 179 181 182 183 184 185 186 187 188 191 192 193 195 196 198 199 201 202 204
31 138 141 142 143 146 150 153 155 156 158 160 161 167 169 172 174 175 176 177 181 182 186 188 189 190 191 197 199 200 201 202
27 138 140 143 145 152 156 158 159 164 165 166 167 168 173 174 176 180 182 186 188 191 192 194 197 200 202 204
23 136 140 142 146 150 152 153 156 157 158 160 163 172 177 179 183 185 190 194 199 200 203 205
4 208 210 216 224
8 206 207 208 211 213 214 221 225
8 214 216 217 219 220 221 222 223
8 208 214 215 222 224 225 226 227
10 206 207 212 213 215 218 221 222 226 227
7 207 209 212 214 217 219 221
7 208 209 210 212 214 222 227
5 206 208 222 224 227
5 208 211 217 220 222
15 206 208 210 211 213 215 216 218 220 222 223 224 225 226 227
4 206 212 219 227
8 207 208 213 219 220 223 225 226
4 209 216 217 223
9 207 208 209 210 211 212 215 219 224
6 207 208 210 211 219 222
2 217 223
2 207 212
5 206 209 210 215 226
3 210 212 218
8 212 213 214 218 220 224 225 227
9 206 207 212 213 214 218 221 224 226
6 211 212 218 219 225 226
17 207 209 210 211 212 213 214 215 216 217 218 219 220 221 223 225 226
4 214 218 222 225
6 206 208 216 219 221 223
11 206 207 208 209 211 216 222 223 224 225 227
8 208 210 211 212 216 219 220 226
8 206 210 213 219 223 224 226 227
11 210 212 213 214 215 217 218 219 220 221 226
4 211 215 220 225
10 206 207 208 209 215 220 221 223 224 227
6 214 216 218 221 224 227
17 206 208 209 211 213 214 215 216 218 219 220 221 223 224 225 226 227
7 213 214 217 218 220 225 227
7 211 213 215 219 220 224 227
7 209 212 213 215 218 223 226
4 209 214 217 226
14 206 207 209 213 214 215 217 218 221 222 223 224 225 227
7 206 215 216 218 220 224 225
7 207 211 213 216 221 223 227
7 207 210 213 215 223 226 227
2 210 213
4 214 216 217 222
4 209 210 215 217
6 207 212 213 219 223 225
8 206 207 208 209 210 212 217 223
8 212 215 217 218 220 222 224 226
8 211 212 214 216 217 218 222 227
6 212 215 219 220 224 226
10 206 208 215 219 220 221 223 224 226 227
4 208 212 215 224
4 206 208 212 222
8 208 209 214 216 217 218 221 222
3 216 221 226
7 207 210 211 216 221 223 224
8 209 210 216 217 218 222 223 227
8 207 211 213 217 219 221 223 226
13 208 209 210 211 215 216 217 219 220 222 223 225 227
6 206 213 216 217 221 223
5 208 220 222 225 226
9 206 209 212 214 217 218 221 222 224
5 207 210 212 217 222
6 206 209 210 215 221 224
4 207 211 222 226
5 207 209 211 219 220
9 207 210 211 213 214 215 218 221 224
7 206 208 209 210 214 219 225
10 206 207 209 210 211 213 218 225 226 227
9 206 207 208 212 213 219 220 225 226
7 213 215 218 219 220 225 227
12 207 209 210 211 212 213 214 216 217 218 222 225
6 208 211 216 219 220 225
6 206 216 221 222 223 226
13 209 210 211 214 215 216 217 218 221 222 223 224 227
9 206 214 216 217 220 221 224 225 227
6 209 211 214 219 220 225
4 212 215 217 222
4 211 213 216 227
3 214 218 222
10 209 210 211 214 215 216 218 221 222 224
5 209 212 214 217 221
5 210 213 215 218 221
3 207 211 222
4 209 212 214 222
6 206 207 214 221 224 226
4 217 218 220 222
14 206 208 209 211 213 215 216 218 219 220 221 224 226 227
5 208 211 216 219 225
1 213
3 208 216 219
5 211 213 215 220 224
4 216 218 224 227
7 206 208 215 219 220 224 227
7 207 208 212 219 220 225 226
4 211 218 219 226
3 206 219 221
7 206 207 212 213 214 218 226
9 208 209 210 211 216 220 223 225 227
3 206 210 226
1 212
3 210 216 224
2 206 212
8 210 212 215 217 219 220 221 226
2 219 220
4 208 220 222 225
5 207 213 215 218 222
5 211 214 215 218 221
3 209 215 217
4 206 208 216 221
4 207 212 219 225
3 214 219 220
7 207 208 209 215 221 223 224
4 207 215 221 224
1 212
2 207 217
4 207 213 220 225
3 210 212 222
4 206 207 211 214
3 213 217 223
3 206 215 225
3 207 212 225
6 208 209 214 216 217 218
6 209 210 216 217 218 222
8 209 210 211 214 216 218 224 227
2 218 225
1 210
6 214 217 219 220 221 222
6 208 209 211 224 225 227
3 207 209 211
6 210 213 215 223 226 227
1 210
5 207 209 211 212 224
4 216 221 224 227
3 211 220 225
4 215 219 220 226
4 211 216 219 225
7 207 213 217 219 221 223 226
9 209 210 211 214 216 221 222 224 227
4 207 209 219 220
6 206 216 218 220 224 225
5 206 209 210 221 224
6 206 207 209 220 223 227
1 207
2 216 223
5 212 217 218 222 224
6 214 216 217 221 222 223
7 215 217 218 220 222 224 226
4 210 216 218 222
5 212 218 220 224 225
2 215 217
5 206 209 210 215 224
2 206 222
4 207 213 223 226
4 210 211 223 224
4 206 222 224 227
5 208 209 210 214 222
3 206 222 224
3 207 217 222
2 208 220
3 218 219 227
4 210 214 222 227
5 207 209 214 219 221
5 206 209 212 214 218
3 218 222 225
5 213 214 218 220 225
1 217
2 217 226
11 206 208 211 213 215 216 218 222 224 225 226
5 214 216 217 219 222
5 207 213 219 225 226
3 207 223 224
4 206 213 217 221
6 208 210 211 216 219 226
5 207 210 211 215 224
6 206 207 213 222 226 227
5 215 219 221 223 227
2 210 217
3 206 216 223
12 206 208 210 213 215 216 218 220 222 223 224 225
5 212 217 220 224 226
6 211 212 214 217 218 227
4 207 213 223 227
2 209 215
6 209 211 216 223 224 227
4 207 216 221 227
3 208 210 224
2 217 223
5 210 211 213 215 218
5 206 207 208 215 220
5 211 213 218 226 227
3 209 215 226
2 218 222
4 206 215 220 225
4 216 219 220 225
9 206 207 213 215 217 218 222 224 225
5 206 216 222 223 226
3 206 221 226
6 212 214 215 218 219 221
1 226
5 215 222 224 226 227
8 206 208 215 220 221 223 224 226
6 207 208 209 211 216 223
5 206 216 218 220 225
10 209 210 211 215 216 217 220 223 225 227
7 207 209 214 215 217 221 222
4 208 209 214 225
6 214 217 219 220 221 223
2 222 225
1 223
6 206 207 218 221 222 226
5 207 211 221 223 224
4 206 216 220 224
9 209 210 211 214 215 217 218 222 224
4 214 217 220 221
6 214 216 217 219 221 223
8 208 209 210 215 216 220 222 223
6 207 211 213 217 219 223
3 209 214 219
3 211 218 226
5 207 213 216 221 223
4 206 213 214 225
6 206 217 220 221 224 225
5 206 210 213 223 224
4 210 217 222 223
3 207 209 217
5 212 219 220 224 226
5 206 216 218 220 224
4 209 211 219 225
4 208 220 225 226
1 216
3 208 215 224
8 206 207 210 211 213 218 225 227
6 206 210 219 223 224 226
6 206 214 217 218 221 222
4 207 221 223 227
6 208 209 214 218 221 222
5 208 211 216 220 225
4 206 208 209 225
3 207 208 211
3 216 217 222
1 216
2 206 212
5 209 210 212 222 227
5 206 212 213 215 221
11 206 209 214 215 217 218 222 223 224 225 227
2 209 217
4 207 208 220 223
3 209 214 217
3 211 215 220
4 209 214 220 225
3 211 217 222
2 209 215
7 207 211 214 215 218 221 224
2 212 224
2 210 215
6 206 208 219 224 226 227
4 206 208 211 213
8 206 208 209 215 220 221 223 227
4 207 210 223 227
4 211 216 221 223
6 212 213 218 220 225 227
4 207 210 211 222
10 208 209 211 213 219 220 223 224 225 227
7 206 208 209 211 223 225 227
3 208 220 225
4 215 218 219 227
7 206 208 215 219 221 224 226
5 212 215 220 224 226
1 226
3 208 216 224
5 216 217 219 220 221
3 213 214 225
2 214 222
1 212
4 208 212 222 227
7 208 209 210 211 212 215 224
1 210
5 207 212 214 217 221
7 210 211 213 215 218 221 224
2 208 222
4 208 210 211 219
4 216 220 224 225
6 207 211 213 217 221 223
2 209 216
2 209 217
3 213 218 226
4 209 212 218 226
9 209 214 215 216 217 218 222 224 227
5 206 209 212 221 224
2 218 222
8 206 208 215 220 223 224 226 227
5 215 218 220 222 224
2 208 210
5 211 212 214 218 227
4 206 210 215 224
8 210 212 213 215 217 218 219 221
4 209 210 215 224
7 211 213 217 219 221 223 226
5 214 217 218 225 227
7 207 210 211 214 215 221 224
3 209 210 215
3 209 215 217
9 207 209 213 214 215 222 223 224 225
3 207 210 217
4 214 217 222 223
5 207 210 211 216 223
2 221 226
3 217 225 227
9 206 208 211 216 222 223 224 225 227
3 206 215 220
2 209 223
4 206 209 212 214
3 213 223 226
3 211 222 226
6 210 211 212 216 220 226
1 212
4 206 209 214 225
1 216
6 208 212 216 219 220 226
3 215 224 226
7 208 210 211 216 220 222 224
6 206 207 212 213 218 221
7 208 210 211 212 215 219 224
6 206 210 213 219 223 224
3 214 224 227
5 208 214 216 221 222
4 212 214 218 227
2 212 222
6 207 210 215 223 226 227
2 208 211
6 208 213 219 223 225 226
5 208 214 224 226 227
7 209 214 216 217 218 221 222
4 212 216 219 220
5 214 218 221 222 224
5 210 217 218 222 227
2 216 222
5 214 216 221 222 223
4 208 220 222 226
5 213 214 218 225 227
7 206 207 211 216 222 223 225
2 208 215
6 212 213 215 221 222 227
3 206 210 221
3 209 216 217
1 210
3 209 217 223
2 210 218
9 206 211 213 215 219 221 224 225 226
2 207 211
3 206 222 227
8 209 210 215 216 217 219 220 223
4 213 215 219 227
10 208 209 210 211 216 217 220 222 223 225
4 208 220 222 225
7 210 213 214 215 218 221 224
6 207 210 213 215 223 226
3 209 210 215
4 206 216 222 223
5 213 217 218 220 227
5 213 214 217 218 220
3 214 216 227
6 210 212 214 215 218 219
3 208 225 226
8 207 209 210 211 212 215 219 224
4 209 214 219 225
6 212 214 218 220 224 227
5 207 208 211 219 222
3 207 210 223
4 207 211 219 221
9 210 212 213 214 217 218 219 220 221
2 207 210
4 208 216 220 225
4 213 215 220 227
3 216 217 223
6 210 212 216 219 220 226
4 206 216 223 226
4 207 209 211 220
4 209 211 219 220
3 208 214 225
3 220 222 225
2 209 217
10 208 209 211 213 214 216 221 223 224 225
2 209 216
2 217 222
4 206 209 215 221
4 207 213 215 227
5 215 217 218 222 226
5 206 208 209 221 227
7 207 210 211 213 214 218 221
3 209 216 217
7 208 209 215 221 223 224 227
2 209 211
3 206 221 223
9 210 211 214 215 216 218 224 225 227
11 207 208 209 211 214 215 216 218 221 225 226
15 206 207 209 211 212 215 216 217 218 220 222 223 224 225 227
12 206 207 210 211 213 216 220 221 222 225 226 227
10 206 207 208 209 210 211 212 218 219 223
15 206 208 211 212 214 215 216 217 220 222 223 224 225 226 227
13 206 207 208 210 211 212 214 216 218 222 225 226 227
13 206 208 209 212 215 216 217 220 221 223 224 226 227
11 206 209 210 213 214 215 216 217 219 222 223
12 208 209 210 211 212 213 215 217 218 223 225 227
10 206 207 209 210 213 216 217 218 221 226
8 211 212 213 214 216 217 222 226
13 206 210 211 212 213 214 215 217 219 220 221 224 227
13 206 207 209 212 213 214 216 217 219 223 225 226 227
9 206 208 212 213 216 219 220 221 225
6 207 209 213 217 220 226
15 207 208 209 210 211 212 214 215 216 217 218 219 221 224 227
7 209 211 215 216 218 223 226
8 209 215 216 217 218 221 223 226
11 207 208 209 211 216 217 220 222 223 224 227
10 208 210 214 215 217 218 223 224 226 227
7 210 213 214 217 221 223 227
7 207 208 210 212 223 226 227
9 206 207 209 218 220 221 224 225 227
14 207 208 209 210 211 217 218 219 220 222 224 225 226 227
7 206 208 210 214 222 224 227
8 206 207 212 213 220 221 223 224
13 206 208 209 211 212 215 216 217 218 222 225 226 227
12 207 208 211 212 213 216 218 219 220 224 225 226
7 207 210 215 217 220 223 226
8 206 208 209 211 213 217 221 225
7 208 209 210 214 217 226 227
13 206 207 209 210 211 212 213 214 217 218 221 224 225
13 206 208 209 210 211 213 215 217 220 224 225 226 227
11 206 207 208 212 213 214 215 222 223 226 227
11 207 208 209 213 215 218 219 220 222 225 227
10 206 208 209 213 218 219 220 222 226 227
14 206 208 209 211 212 213 215 216 217 219 220 223 225 226
9 206 210 211 214 215 216 217 218 223
8 207 219 220 221 222 223 225 226
11 208 209 210 211 213 214 215 218 220 226 227
10 207 208 213 214 215 216 218 219 224 226
7 210 215 216 218 223 224 225
12 206 208 210 211 213 214 215 217 223 225 226 227
8 207 210 212 213 216 218 219 227
12 206 207 209 211 212 214 216 218 219 222 223 226
8 213 214 215 218 219 225 226 227
10 207 211 213 215 218 219 223 224 226 227
10 206 211 212 214 217 218 219 221 223 226
9 213 214 215 218 221 222 223 224 225
8 209 211 215 217 219 220 222 226
8 207 210 211 213 214 219 220 226
14 207 208 209 210 211 212 214 217 218 220 221 222 223 224
7 209 215 217 218 220 221 223
7 206 209 215 217 221 223 224
11 207 211 213 216 218 219 221 222 223 225 226
11 206 207 208 211 212 214 216 218 219 222 223
13 207 208 209 211 212 213 215 218 223 224 225 226 227
10 206 211 215 216 217 218 220 224 225 226
9 214 215 219 220 221 222 223 225 227
15 206 207 208 210 211 212 213 216 217 219 220 221 223 224 225
10 206 208 209 211 212 213 218 222 224 225
9 206 207 208 211 215 222 223 226 227
9 206 211 213 216 217 219 220 226 227
8 208 209 210 213 219 221 223 224
12 206 208 209 213 214 215 218 219 220 222 224 227
15 206 208 211 212 213 214 216 218 220 221 222 223 224 225 227
7 208 209 211 214 224 225 227
12 207 208 210 211 212 213 214 216 217 218 221 223
10 206 207 209 213 216 218 220 224 225 227
13 207 208 209 210 213 215 217 218 219 222 224 226 227
7 208 209 211 212 219 223 226
8 207 208 209 212 213 221 223 224
7 206 209 212 214 215 219 227
14 207 209 210 211 213 214 216 217 218 219 222 224 226 227
10 208 209 210 213 214 218 221 222 224 227
12 208 210 213 214 215 216 217 219 220 221 226 227
13 208 209 211 212 213 215 217 218 219 220 222 226 227
8 209 216 220 221 222 224 225 227
8 206 209 211 212 217 224 226 227
9 207 213 216 218 220 222 223 225 226
8 208 210 214 215 216 220 221 225
12 206 212 214 215 216 218 219 221 224 225 226 227
11 206 207 208 209 210 212 214 218 220 222 224
9 206 209 211 212 214 215 221 222 224
10 207 209 211 214 217 219 221 223 224 225
7 211 216 217 220 222 226 227
6 207 209 211 219 223 225
8 211 212 216 220 222 224 226 227
11 206 208 211 212 213 214 216 218 223 224 227
7 207 210 212 215 219 220 221
9 206 207 211 215 220 221 223 224 227
12 206 207 210 212 213 214 215 216 222 223 224 226
10 207 209 213 215 216 217 218 223 224 227
15 206 207 208 209 210 211 213 214 215 219 220 223 224 225 227
9 207 211 214 215 221 222 225 226 227
8 206 209 211 213 215 219 221 223
7 208 209 210 215 219 224 227
13 206 208 210 213 214 215 218 219 220 221 224 225 227
10 206 211 213 218 219 221 223 225 226 227
7 206 210 212 215 219 222 225
6 208 213 215 217 224 227
13 208 209 210 213 214 218 220 221 222 223 224 226 227
12 206 207 208 209 211 214 216 217 219 220 223 227
8 207 211 213 217 222 223 224 227
11 207 208 213 214 215 218 220 223 225 226 227
14 206 207 208 209 211 214 217 218 219 220 222 224 226 227
8 206 210 212 216 218 219 224 227
13 208 211 213 216 217 218 219 220 221 222 223 224 226
12 207 209 210 211 213 214 216 217 219 222 224 226
13 207 208 209 211 213 214 216 218 219 220 223 224 226
10 207 208 213 216 217 218 219 220 222 224
13 207 208 209 211 216 217 218 220 221 222 223 224 227
9 207 208 213 215 217 218 220 222 223
10 206 210 213 215 217 219 220 221 223 225
11 207 211 213 214 217 221 222 223 225 226 227
10 207 208 209 211 212 213 214 224 225 226
10 208 209 212 213 214 218 220 221 222 225
8 208 211 212 213 215 219 225 227
7 208 213 214 217 218 226 227
10 206 210 212 213 214 215 216 222 224 225
15 206 208 209 210 212 213 214 216 217 219 223 224 225 226 227
14 206 207 208 209 210 211 212 214 216 220 221 222 226 227
7 206 209 212 214 215 219 223
6 206 208 212 223 225 226
15 206 207 208 209 210 211 212 214 215 217 218 219 223 224 225
9 206 208 211 213 215 223 224 225 227
6 209 212 213 214 222 223
6 209 214 215 220 223 227
11 206 207 208 209 211 212 213 215 221 224 227
7 210 211 213 215 217 220 222
13 206 207 208 209 210 211 216 217 218 222 223 226 227
11 206 208 209 211 212 213 217 218 224 226 227
13 207 210 211 215 216 217 219 220 221 222 225 226 227
9 208 211 213 214 216 218 221 223 227
13 207 208 210 211 213 216 220 221 222 223 224 225 227
12 207 209 211 213 215 219 222 223 224 225 226 227
12 206 207 210 211 212 215 217 223 224 225 226 227
6 207 209 212 216 223 225
7 206 211 213 219 224 225 226
9 209 211 213 216 221 223 225 226 227
12 207 211 212 214 216 217 218 219 222 223 226 227
14 206 208 210 212 214 215 216 217 218 219 220 221 222 223
8 208 211 214 216 219 220 222 224
14 207 208 209 210 211 212 214 217 218 219 221 223 225 226
9 207 208 215 217 221 223 225 226 227
9 207 208 209 212 213 218 219 221 223
6 206 209 210 211 213 220
13 207 210 211 212 214 215 218 219 220 223 224 225 227
9 207 210 213 214 215 216 217 221 225
15 206 207 208 209 210 211 214 215 218 219 221 222 224 225 227
13 206 209 215 216 217 219 220 221 222 223 224 225 227
13 206 208 209 213 214 216 217 218 219 221 223 225 226
9 206 213 218 220 223 224 225 226 227
14 206 207 208 209 210 211 213 214 216 217 220 221 224 227
13 206 209 210 211 212 214 216 217 219 220 222 223 224
10 206 207 208 215 218 221 224 225 226 227
8 206 215 218 222 223 224 226 227
12 207 208 209 210 211 213 214 215 216 218 220 221
13 206 207 208 209 212 213 214 215 223 224 225 226 227
10 209 211 213 214 215 218 221 222 223 224
15 206 207 210 211 212 213 215 216 217 218 219 221 223 226 227
11 208 209 211 212 215 216 219 220 221 226 227
11 207 209 210 217 219 220 221 222 223 225 227
12 206 207 209 210 212 216 217 219 222 225 226 227
9 211 219 220 221 222 223 224 225 227
7 208 211 212 216 218 219 221
8 207 210 211 213 217 218 219 221
9 209 212 215 219 220 221 222 226 227
14 206 207 209 211 212 214 215 218 219 220 221 223 226 227
13 206 207 209 212 213 214 216 217 218 221 222 224 227
8 206 207 208 209 213 214 220 222
10 208 210 212 213 215 218 220 222 224 225
15 206 207 208 209 210 211 212 215 216 217 218 220 224 226 227
13 206 207 208 209 210 211 213 216 218 220 221 222 226
7 214 216 218 219 220 222 223
8 206 216 217 220 221 222 226 227
10 206 208 211 215 216 218 219 221 222 223
7 208 211 213 217 219 222 227
6 207 208 210 214 223 224
10 208 210 212 215 216 219 221 222 225 226
9 207 208 209 211 212 214 220 223 226
8 208 210 211 216 218 222 223 224
14 206 208 209 212 215 217 219 220 221 223 224 225 226 227
8 208 209 212 214 217 218 219 223
8 210 211 213 214 215 220 221 226
12 208 209 211 213 214 215 216 220 222 223 224 225
9 206 208 214 216 220 222 223 224 226
9 206 208 214 218 222 223 224 225 226
7 207 208 213 217 218 221 226
14 206 212 213 215 216 217 218 219 220 221 222 223 225 226
15 206 207 209 210 212 216 217 218 220 221 222 224 225 226 227
7 208 209 211 213 215 220 221
14 207 208 210 212 213 215 216 217 218 220 223 224 225 227
15 206 208 209 210 211 212 214 217 218 219 220 222 223 226 227
12 207 209 211 213 214 215 217 218 219 220 221 224
7 210 212 215 219 220 225 226
10 207 210 212 214 216 217 218 219 220 225
13 206 207 209 211 212 213 214 215 216 217 220 223 226
8 209 213 214 217 218 219 221 223
9 206 207 211 215 217 220 221 224 225
12 206 208 209 212 214 216 217 218 219 221 223 224
15 206 208 209 211 212 215 216 218 219 220 221 222 223 225 227
15 206 207 211 213 214 215 216 219 220 221 222 223 224 226 227
13 206 207 209 211 212 213 214 216 218 219 222 225 227
9 206 210 211 212 219 220 222 224 226
10 206 207 208 210 217 219 222 223 225 226
9 206 210 212 213 215 218 219 222 226
14 207 208 209 210 211 212 214 218 221 222 224 225 226 227
6 209 217 219 221 223 224
12 207 208 209 211 212 213 216 219 221 222 224 226
10 208 210 214 215 216 217 218 222 225 226
8 209 216 218 220 222 223 224 225
11 206 209 211 213 219 221 223 224 225 226 227
6 207 212 217 219 222 226
11 207 211 213 215 217 218 219 221 223 224 227
14 206 207 209 211 212 214 216 218 219 220 221 222 225 227
7 211 212 215 216 218 224 227
10 209 210 211 212 213 214 215 219 225 226
12 208 209 210 211 213 216 217 218 219 221 223 226
9 209 211 212 213 217 218 221 222 225
8 209 210 218 220 224 225 226 227
13 206 207 208 210 211 212 213 214 215 216 218 219 226
12 206 207 210 214 215 216 217 220 222 223 224 226
11 206 209 210 211 212 213 215 217 223 225 227
7 208 212 213 217 222 225 227
13 206 208 209 211 216 217 218 219 220 222 225 226 227
9 209 210 211 212 213 215 218 220 222
10 207 208 209 210 211 216 217 220 222 227
7 210 213 216 219 222 224 225
11 206 210 211 212 215 216 217 218 221 222 226
7 206 208 210 211 212 216 225
13 206 207 208 210 211 213 216 218 219 220 221 224 227
14 206 210 211 212 214 215 216 217 219 220 221 222 225 227
13 209 211 213 215 217 218 219 220 221 224 225 226 227
11 207 208 209 210 213 216 217 218 219 222 224
10 206 207 208 209 210 213 215 216 222 225
9 208 212 215 216 217 219 220 222 225
12 207 208 210 212 214 215 216 217 219 223 224 225
7 207 208 210 211 218 220 223
8 212 213 215 217 219 225 226 227
13 207 208 210 212 214 215 217 219 220 221 222 224 225
10 206 208 209 210 211 215 216 222 224 227
12 208 209 210 211 215 216 219 221 222 223 224 226
10 215 216 218 219 220 221 222 223 224 226
6 207 209 214 216 217 223
11 206 208 213 214 215 219 220 222 223 224 226
11 206 207 209 212 213 218 219 222 223 225 227
9 208 209 210 214 217 218 220 222 227
13 206 209 211 212 213 214 216 217 219 220 221 224 227
6 208 209 210 212 218 220
9 206 209 211 213 216 221 222 223 225
14 206 208 209 210 212 214 215 217 218 221 223 224 225 227
11 207 208 211 213 215 216 218 220 221 222 223
11 208 210 214 215 216 218 219 220 224 225 226
15 206 210 211 212 213 214 216 217 219 220 222 224 225 226 227
13 206 207 208 212 213 214 215 217 219 220 223 226 227
9 206 207 215 216 219 223 224 225 227
11 207 211 212 213 217 218 219 220 225 226 227
7 206 214 217 218 220 221 222
7 208 209 216 217 218 219 221
10 207 208 209 213 219 220 221 222 225 226
15 207 208 209 210 214 215 216 218 219 221 222 224 225 226 227
7 207 208 212 218 222 223 224
10 206 208 210 213 216 217 218 223 225 226
13 206 209 210 211 213 214 216 218 220 221 222 224 225
10 210 212 213 214 216 217 218 221 222 223
11 208 209 210 211 214 215 217 221 223 225 227
13 206 207 209 211 212 214 215 216 218 220 224 225 226
14 206 209 210 212 213 214 216 217 218 220 221 222 223 224
7 206 212 214 217 218 221 227
10 206 207 211 212 217 219 223 225 226 227
10 206 207 209 210 211 213 215 217 220 226
12 207 209 210 212 213 214 215 220 222 224 225 227
13 206 207 209 210 212 213 214 216 219 221 225 226 227
12 206 207 209 212 214 216 218 220 221 222 226 227
10 206 207 208 212 216 218 220 222 226 227
11 206 209 210 211 215 216 217 218 222 224 226
10 206 210 211 212 216 217 219 221 222 224
13 206 209 212 213 214 215 217 218 220 221 222 223 226
14 207 208 210 211 213 216 217 219 220 222 223 225 226 227
8 211 212 213 214 215 218 223 225
13 207 210 212 215 216 217 220 222 223 224 225 226 227
13 206 207 209 211 212 213 217 219 220 221 224 225 227
10 206 208 210 212 214 218 222 224 226 227
8 213 217 218 220 221 223 226 227
6 211 218 219 222 225 227
12 206 209 210 211 215 216 217 219 220 222 224 225
11 208 209 211 212 213 216 218 221 224 225 227
8 210 213 215 217 219 220 222 224
12 206 207 209 210 211 216 219 222 223 224 225 226
13 206 208 209 212 213 214 216 217 221 223 224 225 227
14 206 208 209 211 212 215 216 218 219 220 221 222 225 227
9 206 208 209 211 214 216 220 222 227
8 207 208 210 211 216 222 225 227
12 206 209 210 211 212 215 216 217 219 222 225 227
8 206 207 211 212 213 214 221 224
14 206 207 209 210 212 213 215 217 219 221 222 223 225 226
13 206 207 209 210 215 216 217 218 219 221 224 225 226
14 206 207 208 213 214 215 216 218 220 221 223 224 225 226
7 215 217 219 220 221 223 227
7 209 219 220 221 223 225 227
8 207 208 211 215 216 222 226 227
12 206 207 208 209 210 216 217 221 223 224 225 227
10 207 208 210 215 216 218 219 220 225 227
11 207 210 212 213 215 220 221 222 224 226 227
7 208 210 213 219 222 226 227
12 206 209 211 213 214 216 217 218 219 220 221 225
8 209 213 214 219 223 224 225 227
9 207 208 210 213 215 216 217 219 223
8 206 210 211 216 219 221 223 224
9 206 207 208 210 212 215 217 224 227
15 207 208 210 211 212 213 214 215 216 217 219 221 222 223 227
12 206 211 212 214 220 221 222 223 224 225 226 227
14 206 210 211 212 213 214 215 216 217 219 221 223 225 226
9 210 216 218 219 222 223 225 226 227
12 208 209 210 212 213 214 217 220 221 223 225 226
7 210 211 215 217 224 225 227
