224 1089
44 1 2 3 4 5 6 7 8 9 10 11 12 13 14 15 16 17 18 19 20 21 22 23 24 25 26 27 28 29 30 31 32 33 34 35 36 37 38 39 40 41 42 43 44
19 2 4 6 7 8 9 11 14 16 24 27 28 29 32 33 34 38 39 40
28 1 3 4 5 6 7 9 10 11 19 20 21 22 23 24 25 27 28 31 34 36 37 38 39 40 41 42 44
34 1 4 6 8 9 10 11 12 13 14 15 16 17 18 21 23 24 25 26 27 28 29 33 34 35 36 37 38 39 40 41 42 43 44
22 2 4 6 8 10 11 12 13 19 23 24 25 26 27 29 31 32 33 34 35 42 43
20 2 5 6 8 10 11 12 13 16 18 21 22 23 26 28 33 34 36 38 43
26 2 4 7 8 10 12 17 19 20 22 23 24 25 26 27 28 29 31 33 34 37 38 39 41 42 44
29 2 3 6 7 8 9 10 11 12 13 14 15 16 18 20 21 22 25 26 28 29 30 33 34 38 39 40 41 43
34 3 4 5 6 7 8 9 10 12 13 14 15 16 17 18 19 20 22 24 27 28 29 30 32 33 34 35 36 37 38 39 41 42 44
24 2 3 5 6 7 14 16 18 19 20 22 24 25 27 28 30 31 32 34 39 41 42 43 44
26 1 2 3 4 5 7 8 10 12 13 15 16 18 19 23 24 25 27 30 34 35 38 39 40 42 44
26 1 3 4 6 7 8 10 11 12 13 14 15 16 19 20 21 22 26 29 33 36 37 38 40 43 44
32 1 2 3 4 6 7 8 9 12 13 14 15 16 17 18 19 21 23 25 29 30 31 32 34 35 36 39 40 41 42 43 44
35 1 3 4 5 6 7 9 10 11 14 15 16 17 18 19 20 21 24 25 27 28 29 30 31 32 33 34 35 37 38 40 41 42 43 44
24 1 2 3 4 5 7 8 11 12 14 15 16 18 20 21 23 26 28 34 38 39 40 41 42
24 2 5 8 10 11 14 15 16 18 23 24 25 26 27 28 32 33 34 35 36 37 41 42 43
19 2 3 4 8 10 11 12 19 22 26 27 31 32 34 36 37 40 41 42
22 1 5 7 8 9 10 12 13 15 17 18 19 20 22 23 26 27 29 30 37 38 40
20 1 2 3 7 10 11 14 15 16 20 24 26 27 28 30 32 33 35 36 40
33 2 3 4 5 6 7 8 9 10 11 12 14 15 17 21 23 24 25 26 27 28 29 30 31 32 33 34 36 38 39 40 42 43
21 2 4 6 10 11 12 14 17 18 23 24 25 28 29 30 34 36 41 42 43 44
20 2 4 5 6 7 8 11 13 14 15 16 21 22 24 25 29 30 38 40 41
34 2 3 5 6 7 8 9 10 11 12 13 14 16 17 19 20 21 22 24 25 26 29 30 33 34 35 36 37 38 39 40 42 43 44
18 1 2 5 7 9 10 13 18 25 26 28 31 32 34 35 38 39 41
32 1 2 5 7 8 9 10 12 14 16 17 18 19 22 23 26 27 28 29 30 31 32 33 34 35 36 37 39 40 41 42 43
26 1 2 4 5 6 9 10 11 13 15 16 17 19 21 22 23 25 27 28 29 30 34 36 38 40 43
34 1 2 4 5 6 7 8 10 12 13 14 15 16 19 20 21 22 24 25 26 27 28 29 32 33 34 35 38 39 40 41 42 43 44
25 2 3 4 5 8 9 10 11 15 16 17 18 20 22 23 25 26 28 29 35 36 37 39 43 44
32 1 2 3 4 6 7 8 9 10 13 15 17 19 21 22 24 25 26 27 28 29 30 31 32 34 35 36 39 40 41 43 44
19 4 6 10 12 13 14 16 18 24 25 28 29 30 32 33 37 38 43 44
28 3 4 5 8 9 11 13 14 15 17 19 20 22 23 25 27 29 30 31 32 33 35 36 37 38 42 43 44
15 2 3 7 9 12 13 16 17 20 22 24 32 34 35 40
30 1 2 3 5 6 8 9 10 12 14 15 17 18 19 21 23 24 25 26 27 28 29 31 33 34 36 37 41 43 44
26 1 2 4 5 9 10 11 12 13 14 16 19 21 22 23 24 26 27 30 31 33 34 35 36 37 42
21 4 5 6 7 9 10 12 13 20 21 23 25 26 27 29 33 34 36 39 41 43
22 1 4 5 10 11 12 13 14 17 19 20 22 23 24 27 28 29 30 33 34 38 41
24 1 2 3 4 5 6 8 10 12 13 15 16 17 18 22 23 25 26 27 34 35 36 40 42
47 45 46 47 48 49 50 51 52 53 54 55 56 57 58 59 60 61 62 63 64 65 66 67 68 69 70 71 72 73 74 75 76 77 78 79 80 81 82 83 84 85 86 87 88 89 90 91
36 45 48 49 50 51 52 53 55 56 57 59 60 61 62 64 65 66 68 69 70 71 72 73 74 75 76 78 79 82 83 85 86 88 89 90 91
30 45 48 49 50 51 52 54 55 56 59 60 61 63 64 66 67 68 71 74 76 78 79 81 82 85 86 87 89 90 91
30 45 50 51 52 53 56 58 59 60 62 63 64 65 67 68 70 71 72 74 76 77 80 81 82 84 85 86 87 88 89
21 48 49 51 56 63 64 65 66 67 71 73 77 79 80 82 83 85 86 87 89 91
18 47 48 50 52 54 56 57 64 69 72 75 79 80 81 82 83 84 87
31 45 46 49 51 53 54 55 56 57 58 60 61 62 63 65 67 70 71 72 73 74 75 76 77 78 82 83 86 87 88 91
21 45 46 49 51 52 54 56 57 60 63 65 68 69 70 74 77 81 83 85 90 91
33 45 46 47 49 50 51 52 56 58 60 61 62 63 65 68 69 71 72 73 74 75 76 77 78 79 80 81 84 87 88 89 90 91
28 45 46 47 48 49 54 56 57 58 59 60 61 62 63 64 67 69 72 73 75 76 77 81 83 85 86 89 91
19 45 47 49 51 53 55 60 67 69 70 73 76 77 80 82 84 85 87 91
28 46 48 49 51 52 53 54 56 57 59 61 63 64 65 66 67 69 71 72 73 77 78 81 82 83 86 87 91
27 45 46 49 51 52 55 59 61 62 64 68 71 72 74 76 77 78 79 80 83 84 86 87 88 89 90 91
25 45 46 52 54 57 60 62 64 65 67 68 70 73 74 75 76 77 78 79 80 81 85 86 87 88
30 45 47 48 49 50 51 52 54 55 56 58 59 63 64 65 66 68 69 70 71 72 74 77 79 80 81 84 85 87 88
25 45 46 48 51 54 55 57 58 60 63 64 65 68 71 74 75 76 80 81 82 83 85 86 87 88
31 45 46 48 49 50 52 53 55 56 58 60 62 63 64 67 68 69 71 72 73 74 77 78 80 81 85 86 87 88 89 91
26 45 51 52 53 55 56 57 59 60 61 62 63 65 67 70 72 73 75 77 80 81 82 84 87 88 91
20 49 51 52 56 63 66 67 69 70 71 73 75 77 78 79 80 83 84 88 90
25 46 47 48 49 50 52 56 57 58 61 64 65 66 67 70 71 72 74 75 79 83 85 86 87 90
20 48 50 51 55 56 61 62 65 67 68 69 70 71 72 74 77 81 88 89 90
19 46 48 52 58 59 65 67 68 69 70 71 72 76 77 78 80 85 87 88
26 45 46 47 48 50 52 55 56 58 61 63 64 70 73 74 75 76 77 79 81 83 84 85 86 88 89
18 45 46 53 56 57 61 62 63 64 70 72 74 75 83 84 85 88 89
33 45 46 47 48 51 52 53 54 56 57 60 61 62 63 66 67 68 71 72 73 75 76 77 78 79 80 84 85 86 88 89 90 91
31 46 48 49 50 51 53 55 56 57 59 60 62 63 64 66 67 68 69 71 72 76 77 78 79 80 81 82 84 86 87 88
22 46 47 50 54 55 59 62 63 66 68 69 71 72 74 75 76 77 78 82 83 85 86
16 46 48 49 52 54 56 59 60 61 62 72 75 77 81 86 91
18 48 50 52 53 55 56 62 66 67 71 74 75 77 78 79 81 87 91
18 45 46 47 49 50 53 54 58 62 63 65 67 68 70 78 80 85 91
25 45 47 51 53 55 58 59 60 61 63 64 65 67 69 70 73 74 76 78 79 80 82 83 85 87
35 46 47 48 49 50 51 52 53 57 58 59 61 62 63 64 65 66 68 69 70 71 72 74 75 77 79 81 82 83 85 86 87 89 90 91
14 46 51 54 60 64 65 69 70 75 77 78 79 83 86
31 46 47 50 52 54 55 57 59 62 63 64 65 66 68 69 71 72 73 75 77 78 80 81 83 84 85 87 88 89 90 91
21 50 51 54 55 57 58 59 61 69 71 72 75 76 77 78 79 81 86 87 88 90
23 45 46 47 48 50 52 54 57 59 60 62 64 65 66 67 69 72 76 78 79 80 81 88
37 45 46 47 48 49 50 51 52 53 54 55 56 57 59 60 62 63 64 66 67 69 70 71 72 74 76 78 80 82 83 84 85 86 87 88 90 91
18 47 51 52 54 55 56 57 59 62 63 65 67 72 74 79 82 87 90
31 45 46 47 48 49 51 52 53 54 55 59 61 62 63 65 67 68 69 71 73 75 76 77 79 80 81 84 86 87 88 91
34 48 49 50 51 52 53 54 56 57 58 59 60 61 63 64 66 70 71 72 74 75 76 77 78 79 80 81 82 85 86 87 89 90 91
31 46 49 50 51 52 55 56 58 59 60 63 64 67 68 69 71 72 76 77 78 79 80 81 83 84 85 86 87 89 90 91
34 45 46 48 49 50 51 52 53 54 56 57 59 60 61 63 64 67 68 69 71 72 76 78 80 81 82 83 84 85 86 87 88 90 91
21 45 46 48 49 50 55 56 60 62 63 64 66 69 72 73 74 79 80 82 88 91
18 45 46 47 48 51 52 55 57 58 60 61 65 66 70 79 81 84 90
17 48 54 59 60 61 62 63 65 66 68 73 81 83 85 87 89 90
36 46 47 48 51 53 54 55 57 58 59 60 62 63 65 66 67 68 69 70 71 73 74 75 76 77 78 80 81 83 84 86 87 88 89 90 91
30 45 46 48 49 50 52 54 55 56 57 58 59 65 66 67 69 70 71 73 75 76 78 79 81 82 84 85 86 87 91
18 45 48 50 55 60 61 62 65 70 72 73 80 81 82 84 85 90 91
30 45 46 49 50 51 53 55 56 57 58 60 61 62 63 65 66 67 68 71 72 74 75 76 78 79 81 82 85 90 91
36 45 46 47 48 49 50 53 54 56 58 59 61 63 64 65 67 68 69 70 71 72 73 75 77 80 81 82 83 84 85 86 87 88 89 90 91
14 47 49 50 51 55 58 65 71 76 79 80 83 85 91
48 92 93 94 95 96 97 98 99 100 101 102 103 104 105 106 107 108 109 110 111 112 113 114 115 116 117 118 119 120 121 122 123 124 125 126 127 128 129 130 131 132 133 134 135 136 137 138 139
24 92 98 99 100 101 104 105 107 108 109 111 112 116 117 119 121 123 125 128 129 133 135 136 139
33 92 93 94 96 98 99 100 102 103 106 107 109 110 111 112 113 114 116 117 118 119 120 121 122 124 127 128 129 133 134 135 137 139
22 94 96 97 100 101 102 103 104 105 109 111 114 116 117 120 123 125 128 131 132 137 138
15 94 100 101 102 106 110 111 112 113 114 120 121 126 131 135
23 94 97 98 99 100 101 102 104 107 108 112 114 115 118 122 125 130 133 134 135 137 138 139
29 95 97 99 101 102 103 105 108 109 110 116 117 118 120 121 122 124 127 128 129 130 131 132 134 135 136 137 138 139
21 95 98 103 104 106 107 114 115 119 120 125 126 127 128 129 131 132 135 136 138 139
36 92 93 94 95 96 97 98 99 100 101 102 103 105 107 108 109 110 111 112 116 119 120 121 123 124 125 126 127 128 129 130 131 132 133 135 137
19 93 94 96 98 100 106 107 108 111 112 115 116 117 121 126 128 132 135 137
22 94 95 99 100 101 102 103 104 106 107 114 115 116 118 119 120 121 122 128 129 137 138
35 93 95 97 98 99 102 103 104 105 106 108 109 111 112 113 114 115 116 117 118 120 121 122 123 125 126 128 129 130 131 133 135 137 138 139
22 95 97 98 100 102 103 105 109 110 111 113 115 117 118 119 120 122 131 132 133 135 137
32 92 93 94 95 97 98 100 101 103 105 106 107 108 111 112 113 115 120 122 124 126 127 129 130 131 132 133 134 135 136 137 139
29 92 93 94 95 96 97 98 99 100 101 102 103 104 106 107 112 114 119 121 124 125 126 130 131 132 133 135 136 137
27 92 94 95 98 100 102 103 104 105 106 107 109 110 112 113 117 118 122 123 124 126 127 128 129 130 137 139
27 94 96 98 99 100 101 106 107 109 110 111 113 114 116 117 118 119 120 123 126 128 129 131 132 133 135 136
17 93 94 95 96 100 108 109 110 112 114 116 117 122 128 129 134 138
23 92 94 95 97 100 102 103 106 107 108 109 110 113 118 120 123 126 128 129 130 131 133 138
17 93 104 108 110 111 112 113 114 115 119 121 126 130 133 135 138 139
30 94 97 99 101 103 104 105 106 107 108 109 110 111 113 114 115 116 118 119 122 124 125 126 127 129 131 132 133 136 138
28 94 95 97 98 103 105 106 108 111 112 114 115 116 117 118 119 120 122 124 125 128 129 130 131 132 133 134 135
38 92 94 95 96 97 99 100 101 102 103 104 105 106 107 109 110 112 113 114 115 116 119 120 121 123 124 125 126 127 128 129 131 133 134 135 136 137 138
28 95 98 99 100 101 102 103 105 106 109 111 113 116 118 119 120 121 124 125 126 127 128 129 131 132 133 135 137
20 92 93 94 95 99 106 109 110 111 112 113 115 123 124 125 128 130 131 135 138
36 93 96 97 98 100 101 102 104 105 106 110 111 112 113 114 115 116 118 119 120 121 122 123 126 127 128 129 130 131 132 133 134 135 136 137 138
9 144 155 162 166 170 176 177 189 190
21 140 148 149 150 152 155 157 158 161 167 169 170 171 173 175 177 182 186 187 190 192
34 144 145 146 147 148 151 152 153 154 155 157 159 160 161 162 164 165 166 167 168 172 173 174 177 179 180 181 184 185 187 188 191 192 193
15 140 147 148 150 161 162 169 173 180 184 185 186 187 188 190
19 140 141 144 145 146 147 151 152 154 158 161 162 163 164 165 167 175 181 185
43 140 141 142 144 145 146 147 149 152 154 155 156 157 158 160 161 162 163 164 165 166 168 169 170 171 172 173 176 177 178 179 180 181 182 183 185 186 187 188 189 190 191 192
17 142 145 146 149 150 151 158 164 165 166 168 170 171 173 181 182 192
25 140 142 144 146 147 148 149 153 155 157 158 165 167 168 172 173 174 177 178 179 180 182 189 190 193
17 140 149 154 155 156 158 160 161 166 167 170 173 176 180 183 188 190
11 141 143 145 149 153 161 163 179 180 181 189
13 145 150 155 160 161 162 163 167 184 186 187 190 192
11 140 147 148 154 156 158 159 175 182 183 188
6 141 166 168 178 180 191
29 140 141 144 148 150 152 154 156 157 159 160 161 163 165 166 168 169 170 173 174 176 178 180 182 184 189 190 191 193
14 152 153 154 159 160 163 164 165 166 170 176 181 183 193
9 140 143 144 149 151 157 172 173 184
13 147 153 155 161 171 174 176 177 178 183 188 190 192
17 143 147 151 163 164 165 168 171 172 174 177 179 182 185 186 189 193
24 140 144 145 150 153 154 155 158 162 163 164 165 166 171 176 177 180 181 185 186 187 188 191 193
16 144 151 154 157 161 163 164 168 172 174 175 178 180 181 183 186
25 140 142 144 145 147 151 153 155 156 157 158 160 170 173 174 175 177 178 183 185 186 188 191 192 193
9 141 145 149 180 184 185 186 187 193
11 142 144 151 154 155 158 166 168 169 178 188
25 142 143 145 146 147 149 151 153 155 158 162 164 167 171 172 175 177 179 181 183 185 186 187 188 192
15 141 142 143 149 150 163 169 170 171 175 176 183 186 189 190
13 140 141 146 148 149 162 165 166 169 170 185 188 190
11 143 148 150 151 153 159 167 174 175 184 193
10 152 153 155 156 159 171 179 189 191 193
29 141 143 146 148 149 150 152 154 159 161 162 163 164 165 166 167 168 169 171 172 176 179 180 181 182 184 187 189 190
24 141 144 146 149 151 156 159 160 163 165 166 172 173 175 179 180 181 182 184 186 187 189 191 193
37 140 142 143 144 145 146 148 149 151 152 153 154 156 157 160 162 163 164 165 166 167 169 170 172 173 175 179 180 182 183 184 186 188 189 190 191 192
23 140 142 146 149 150 153 157 158 160 164 165 169 170 175 176 177 180 181 182 183 184 186 191
5 140 156 158 178 182
15 144 151 153 154 155 161 163 169 171 173 175 181 186 190 191
13 140 146 148 151 155 157 161 164 175 177 184 186 189
12 141 147 155 156 163 166 167 178 180 181 185 186
14 143 144 148 152 153 155 158 171 175 178 181 188 190 192
13 151 152 156 159 161 163 168 173 174 178 179 192 193
24 140 141 143 147 151 152 154 162 163 165 166 167 171 172 173 175 181 182 184 185 186 188 190 191
17 140 142 143 145 148 150 152 154 157 158 162 164 167 168 169 170 185
9 142 148 153 168 170 176 179 180 192
29 141 142 143 144 147 149 153 154 156 158 159 163 165 168 169 170 171 173 176 178 180 181 182 183 185 187 188 191 193
26 143 145 146 147 149 156 157 160 161 166 167 170 171 172 173 175 177 178 180 182 184 186 187 190 191 193
17 145 152 158 159 160 161 164 165 169 171 174 175 176 177 183 190 191
12 140 145 148 149 157 158 160 163 164 169 171 174
35 142 143 148 149 150 153 155 156 157 159 160 166 168 169 170 171 172 173 174 176 177 178 179 180 182 183 184 186 187 188 189 190 191 192 193
20 141 144 148 152 153 155 156 159 160 162 175 179 183 184 185 186 188 189 191 193
17 140 143 147 154 157 161 163 167 169 172 174 176 177 178 180 187 190
13 147 152 153 154 156 159 167 168 178 181 183 186 192
30 141 142 143 146 147 148 149 151 152 156 157 159 160 161 167 168 169 170 172 173 174 175 178 179 182 183 184 189 190 192
9 145 146 148 150 152 159 162 175 178
16 146 147 150 156 162 165 167 172 173 175 176 177 182 185 191 192
29 141 143 145 150 151 152 154 156 159 160 161 162 163 164 166 169 170 171 175 176 181 183 184 185 186 187 188 191 192
7 141 158 171 172 177 191 192
28 140 141 142 144 148 150 151 152 153 154 155 158 159 162 163 164 165 168 169 174 176 179 181 183 185 188 189 192
16 140 141 142 146 148 149 150 157 158 165 168 180 182 187 188 189
20 141 142 143 146 150 151 161 165 172 173 175 179 180 182 184 185 187 188 191 193
9 144 149 158 161 169 178 183 187 193
33 141 142 143 144 145 146 147 151 153 154 156 159 160 162 163 164 165 166 168 172 174 176 178 179 180 181 183 184 185 188 189 191 193
16 142 146 148 150 153 154 162 168 170 179 182 187 188 189 192 193
16 140 148 152 157 159 160 164 170 171 174 183 184 186 187 190 193
17 141 147 150 155 158 159 161 168 171 174 176 177 178 181 185 187 193
41 140 141 142 144 145 146 150 151 153 154 155 156 157 158 159 160 161 164 165 167 168 169 171 172 174 175 177 178 179 180 181 182 183 184 185 186 188 189 191 192 193
15 142 143 145 147 150 158 160 167 173 176 177 182 184 187 192
31 140 142 146 147 150 151 154 156 157 159 160 161 162 163 164 165 166 167 168 169 170 172 173 174 176 177 179 182 183 189 191
12 145 150 152 160 162 166 167 172 174 179 190 192
24 142 143 144 146 149 151 152 153 157 164 165 169 170 171 172 173 174 176 177 179 181 185 189 193
11 141 142 144 153 157 169 181 184 187 191 192
18 142 143 144 145 146 149 151 155 156 157 167 168 174 175 178 179 182 189
12 145 146 150 155 156 157 159 160 164 174 177 189
18 145 147 152 156 159 160 164 166 167 170 172 174 176 177 183 185 192 193
18 141 143 144 145 147 148 154 155 162 166 167 171 172 185 187 188 189 190
5 143 162 178 179 184
13 143 147 148 149 152 162 163 166 170 173 176 187 190
15 140 143 147 151 152 163 165 167 171 173 175 184 185 186 190
25 142 143 148 149 150 153 155 156 157 159 166 168 170 172 174 176 179 180 182 183 187 188 189 190 192
8 143 148 151 153 167 175 184 193
6 148 168 170 176 179 192
3 140 156 158
21 140 144 145 150 154 158 162 163 164 165 166 171 176 177 180 181 185 186 187 188 191
13 143 147 154 157 161 169 172 174 176 177 178 180 187
12 146 156 165 167 172 173 176 177 182 185 191 192
13 141 144 148 153 155 156 179 184 185 188 189 191 193
9 147 151 163 164 165 171 172 174 182
14 141 146 150 173 175 179 180 182 184 185 187 188 191 193
15 144 148 149 155 157 158 165 172 174 177 178 179 180 189 190
12 141 142 143 149 150 163 169 170 171 175 176 189
3 162 178 184
7 148 162 166 169 185 188 190
4 143 162 178 179
11 147 163 164 168 172 177 182 185 186 189 193
5 141 145 180 184 187
8 151 154 155 163 169 175 181 186
15 145 147 153 156 158 173 174 175 177 178 185 186 191 192 193
10 142 145 147 150 158 167 173 176 187 192
17 140 141 144 145 146 147 151 154 158 161 162 163 164 165 175 181 185
20 142 144 149 151 152 153 157 164 165 170 171 172 173 174 176 177 179 181 185 193
12 152 153 154 159 163 164 165 170 176 181 183 193
12 144 145 150 154 158 162 163 177 180 181 185 187
12 142 148 150 153 168 170 179 182 187 188 192 193
7 150 152 160 162 172 174 190
5 166 168 178 180 191
12 148 152 164 170 171 174 183 184 186 187 190 193
7 169 170 171 176 186 189 190
19 143 145 146 147 149 156 166 171 173 175 177 178 180 182 186 187 190 191 193
10 144 148 155 159 162 175 183 186 188 193
6 148 168 176 179 180 192
4 141 166 168 178
23 141 143 145 150 151 154 156 160 162 163 164 166 170 171 175 181 183 184 185 186 187 188 192
6 145 150 152 162 174 192
21 142 144 145 147 151 153 156 157 158 160 174 175 177 178 183 185 186 188 191 192 193
24 141 143 144 145 147 153 154 160 162 163 164 165 168 172 174 179 181 183 184 185 188 189 191 193
9 143 147 151 163 164 165 179 182 189
9 145 146 150 155 156 157 159 164 189
10 146 162 167 172 173 177 182 185 191 192
17 140 141 152 154 162 163 171 172 173 175 181 182 184 185 186 188 191
9 143 148 152 162 163 170 173 187 190
7 145 146 148 152 159 162 175
13 140 149 154 155 156 158 166 167 170 173 176 183 190
26 141 143 146 148 149 150 152 159 161 162 163 164 165 166 167 168 169 171 172 179 180 181 182 184 189 190
9 140 148 150 162 169 173 185 186 188
11 146 147 156 165 167 172 173 175 176 191 192
29 140 142 144 145 146 150 151 156 157 159 160 161 164 165 167 169 171 172 174 177 178 181 182 183 186 189 191 192 193
20 140 144 145 150 153 155 158 162 163 164 165 166 171 176 177 180 181 188 191 193
32 140 141 142 144 145 146 150 151 153 154 155 157 158 159 160 161 164 165 168 171 175 177 178 179 182 184 185 186 188 189 192 193
10 141 155 156 159 162 179 184 186 188 191
8 145 155 157 159 160 164 177 189
4 141 168 178 180
13 152 158 159 164 165 169 171 174 175 177 183 190 191
6 141 149 180 185 186 187
13 146 147 150 156 165 172 173 175 177 182 185 191 192
11 142 145 147 150 160 167 173 176 182 184 192
9 141 147 155 163 166 167 178 180 181
11 144 155 156 162 175 179 183 184 186 188 191
8 140 143 144 149 151 157 173 184
12 141 142 146 149 150 157 165 168 180 187 188 189
7 141 143 145 149 161 163 181
11 145 155 160 161 162 163 167 184 187 190 192
28 142 148 150 153 155 156 157 159 160 166 168 169 171 172 173 176 177 179 180 182 184 186 187 188 189 190 192 193
9 145 152 159 164 170 174 176 185 193
15 149 156 160 163 165 166 173 175 179 180 182 184 186 187 189
6 144 149 158 178 183 187
10 141 143 147 154 162 166 167 171 189 190
8 142 155 158 166 168 169 178 188
15 140 142 147 150 151 157 159 160 162 165 168 169 170 182 183
10 141 152 153 156 159 160 162 185 186 189
11 143 151 163 164 165 172 177 179 185 189 193
8 152 154 156 159 167 168 178 186
9 153 155 171 174 176 177 183 190 192
19 145 146 151 152 153 157 159 160 161 165 166 172 174 177 179 181 187 188 193
4 153 170 180 192
11 143 144 148 152 158 171 175 178 181 188 190
9 145 147 155 162 167 172 185 187 188
24 145 147 148 151 153 154 157 161 162 164 165 167 168 172 173 174 177 179 181 184 187 191 192 193
10 140 145 148 149 157 158 163 164 169 174
5 153 155 156 179 189
9 140 141 146 148 149 162 166 185 188
10 146 156 162 165 167 172 176 177 185 192
25 140 142 146 147 154 156 157 159 160 161 162 163 164 165 166 167 168 169 172 173 176 177 179 189 191
23 140 142 146 147 151 154 156 157 160 161 162 164 165 167 168 169 172 173 174 177 179 182 183
13 140 144 147 149 153 157 158 165 172 173 177 180 189
3 162 178 179
9 152 158 159 160 164 169 176 183 191
8 142 144 153 157 181 187 191 192
19 144 153 154 155 160 161 162 165 166 167 168 172 174 180 181 185 187 192 193
13 141 143 144 145 148 154 155 167 171 185 187 189 190
7 140 143 149 151 157 172 184
22 141 144 148 150 152 154 156 157 160 161 165 166 168 170 173 174 180 182 184 189 190 193
8 140 146 149 158 165 182 187 188
18 140 148 149 150 152 155 157 158 161 167 169 170 171 173 177 187 190 192
21 141 142 143 146 149 151 156 157 161 167 169 173 174 175 178 182 183 184 189 190 192
6 156 158 159 175 182 183
5 141 171 172 191 192
27 143 148 149 150 153 156 159 160 166 168 169 170 171 172 173 174 176 177 178 179 183 186 189 190 191 192 193
30 141 142 145 146 147 152 155 156 157 158 161 164 165 166 168 169 170 173 176 178 179 180 181 183 186 187 189 190 191 192
8 140 149 157 160 163 164 169 171
12 142 143 150 158 160 167 173 176 177 184 187 192
7 143 144 149 151 157 172 184
4 146 150 162 178
11 140 141 146 149 162 166 169 170 185 188 190
3 162 178 184
28 140 142 144 145 146 149 152 156 158 162 163 164 166 168 169 170 173 176 178 180 182 183 185 186 188 190 191 192
7 152 153 154 167 168 181 183
3 140 156 178
13 143 151 165 168 171 172 174 177 179 182 186 189 193
12 140 143 157 163 169 172 174 176 177 178 180 190
10 152 158 159 160 161 164 169 175 176 177
5 151 154 166 168 178
10 152 153 160 163 164 165 166 170 181 193
21 142 143 144 146 147 151 156 159 160 162 163 164 165 166 168 178 180 183 184 188 193
5 148 150 152 162 175
10 151 163 164 165 171 172 174 185 186 193
28 141 142 143 144 146 147 151 153 154 159 160 164 165 166 168 172 174 176 178 179 180 181 184 185 188 189 191 193
15 142 144 145 151 156 157 170 173 174 175 177 183 185 186 193
18 142 146 149 153 157 164 165 169 170 171 173 174 176 179 181 185 189 193
10 148 149 150 158 165 168 182 187 188 189
19 142 143 145 147 149 153 155 158 167 171 172 175 177 179 181 183 186 187 188
9 141 143 145 149 153 163 179 180 189
9 151 154 157 163 168 174 178 181 183
9 158 159 160 161 165 169 176 177 190
3 162 178 179
3 158 178 182
9 147 148 150 161 169 173 180 187 188
10 140 146 148 151 155 164 175 177 186 189
9 162 165 167 173 175 176 177 185 192
20 141 144 146 149 151 156 159 160 163 165 166 175 179 180 181 182 184 186 187 189
15 141 143 147 148 149 156 157 159 168 174 175 179 182 189 192
25 141 143 144 145 146 147 151 156 159 160 163 164 165 166 172 174 176 178 180 181 184 185 188 191 193
13 140 146 149 150 158 164 169 170 176 180 181 182 191
14 142 145 146 149 151 158 165 168 170 171 173 181 182 192
8 141 143 145 161 163 180 181 189
24 144 146 147 148 151 152 154 155 159 160 161 162 164 165 166 167 174 177 179 184 185 187 191 193
14 142 145 147 151 153 155 158 162 167 171 177 183 187 188
5 171 172 177 191 192
22 140 148 150 152 154 159 160 161 163 165 166 168 170 173 178 180 182 184 189 190 191 193
14 147 150 155 158 159 161 168 171 174 176 177 178 185 187
9 140 142 146 148 149 168 180 187 189
11 150 155 158 159 174 176 177 178 185 187 193
11 145 147 152 156 164 166 172 183 185 192 193
17 143 148 155 159 166 168 173 174 177 178 180 183 184 188 189 190 193
12 143 147 151 164 165 168 172 177 182 185 186 193
10 145 150 152 160 162 166 167 179 190 192
20 141 142 148 151 152 153 154 155 158 162 163 164 168 169 174 176 181 183 185 189
23 140 141 148 150 152 154 156 159 160 161 165 166 168 169 170 174 176 178 180 182 184 189 191
5 141 145 184 186 193
11 140 143 145 148 150 152 158 167 168 169 185
14 141 143 144 147 154 155 162 166 167 172 185 187 188 190
12 141 142 143 163 169 170 175 176 183 186 189 190
9 147 155 158 159 161 171 174 176 178
9 147 154 156 158 159 175 182 183 188
11 141 142 143 149 150 163 169 170 183 186 190
9 155 158 168 171 174 176 177 181 193
19 142 144 147 151 153 156 157 158 160 170 173 174 177 183 185 186 191 192 193
13 143 144 145 147 148 154 155 166 167 171 185 188 189
9 147 153 161 171 174 177 183 188 192
5 158 171 177 191 192
12 142 146 148 150 154 170 179 182 187 188 189 192
15 143 145 147 156 160 167 170 171 172 175 178 182 187 191 193
5 141 180 185 187 193
25 140 142 146 147 150 159 160 161 162 163 164 165 166 167 168 169 173 174 176 177 179 182 183 189 191
18 141 144 146 149 156 159 160 165 166 173 175 179 181 182 184 189 191 193
13 145 147 152 156 159 160 164 167 170 176 177 183 192
11 140 148 150 155 157 158 167 169 173 175 186
8 141 143 169 170 175 183 186 189
13 146 147 150 156 162 165 167 173 175 177 182 185 191
15 142 145 146 149 150 151 158 164 165 168 170 171 173 182 192
9 141 142 149 150 163 171 176 183 190
33 140 141 142 145 146 150 151 153 154 155 156 157 158 159 160 161 164 165 167 172 175 177 178 179 180 181 182 183 184 185 189 191 193
11 142 146 150 158 164 166 168 170 171 182 192
12 152 153 154 159 160 163 165 170 176 181 183 193
3 141 172 192
4 149 180 184 193
11 143 147 148 149 163 166 170 173 176 187 190
13 146 157 160 164 165 170 175 180 181 182 183 186 191
6 142 144 151 154 166 178
13 140 143 147 157 161 167 169 172 174 176 178 180 190
13 142 146 148 150 153 154 170 179 182 187 188 189 192
13 144 154 157 161 163 164 168 174 178 180 181 183 186
14 142 143 146 149 151 155 157 167 168 174 175 178 179 189
15 140 144 145 146 147 152 154 161 162 163 164 165 167 175 181
5 144 154 155 158 178
11 141 153 155 156 159 162 175 179 184 191 193
16 140 148 150 152 155 157 158 167 169 170 171 175 177 182 190 192
5 142 144 154 158 169
8 152 153 155 171 179 189 191 193
6 140 144 149 151 172 184
20 143 145 146 147 149 151 153 155 162 164 167 172 175 177 181 185 186 187 188 192
3 162 178 179
12 145 158 159 161 164 171 174 175 177 183 190 191
5 144 157 169 191 192
5 146 148 150 152 159
19 140 142 144 146 147 148 155 157 158 172 173 174 177 178 179 180 182 189 193
8 143 149 163 169 171 175 186 190
5 144 149 158 187 193
10 140 146 148 155 157 161 164 175 184 186
12 145 147 152 156 159 160 166 167 174 177 183 192
14 140 143 154 157 161 163 167 169 172 174 177 178 187 190
13 140 143 151 162 165 166 171 172 175 182 186 188 191
12 140 141 148 149 150 157 168 180 182 187 188 189
21 140 144 145 148 151 152 153 157 160 162 163 165 166 167 169 170 179 180 183 188 191
5 145 146 150 159 178
6 145 150 167 172 190 192
16 142 143 154 156 158 159 168 170 171 178 181 182 185 187 191 193
17 141 142 143 150 151 161 165 172 175 179 180 182 184 187 188 191 193
5 142 170 176 179 180
7 142 151 166 168 169 178 188
24 144 145 148 151 152 153 154 155 159 160 162 164 165 167 168 172 173 174 179 180 184 188 191 192
25 143 146 147 148 149 151 152 156 157 159 160 161 167 168 170 172 173 175 179 182 183 184 189 190 192
19 141 142 143 144 154 156 158 159 165 168 170 171 173 176 178 180 181 185 187
16 141 142 143 146 150 151 165 172 173 179 180 184 185 187 191 193
8 140 141 146 150 165 180 187 189
25 144 145 147 148 151 152 153 154 157 159 160 164 165 166 173 174 177 180 181 184 185 187 188 191 192
15 143 145 146 156 157 160 161 166 167 171 172 173 177 187 193
9 143 147 149 162 163 166 176 187 190
20 141 144 146 151 156 159 160 165 172 173 175 180 181 182 184 186 187 189 191 193
7 142 144 153 157 184 187 191
11 146 147 150 156 162 167 173 182 185 191 192
11 151 154 155 161 163 169 171 173 175 181 191
10 152 153 154 159 163 164 170 176 183 193
6 152 161 163 174 179 193
24 141 143 146 148 149 150 154 159 162 163 164 166 167 168 169 171 172 176 179 180 182 184 187 190
13 145 146 150 151 164 165 166 168 170 173 181 182 192
14 140 142 145 148 150 154 157 158 164 167 168 169 170 185
18 142 143 145 146 147 158 162 164 167 171 172 175 177 179 181 185 187 188
7 149 180 184 185 186 187 193
6 153 155 179 189 191 193
29 140 143 144 145 148 149 151 152 153 154 156 157 160 162 163 164 165 167 169 172 173 175 179 182 186 188 189 191 192
8 150 169 173 184 185 186 187 190
12 141 144 145 147 151 152 154 163 164 175 181 185
19 141 143 146 149 152 159 161 164 166 167 168 169 171 172 176 179 180 184 189
13 144 151 157 161 163 164 168 172 174 178 180 183 186
11 147 155 158 159 168 171 176 177 178 185 193
10 146 147 165 167 172 175 176 177 182 185
9 151 154 157 161 163 174 178 180 181
7 152 153 156 171 179 189 191
21 140 142 147 150 151 156 157 160 162 164 166 167 168 169 172 173 174 176 183 189 191
7 142 143 150 176 182 184 187
24 140 141 144 148 150 152 154 156 157 160 161 163 165 166 168 169 170 174 176 178 180 184 189 190
27 140 142 146 147 150 151 156 157 160 161 162 163 164 165 166 167 168 170 173 174 176 177 179 182 183 189 191
11 145 158 159 160 161 165 169 174 176 177 190
9 157 160 164 171 174 184 186 190 193
8 146 155 156 157 159 160 174 177
12 145 152 158 160 161 164 165 171 174 183 190 191
12 142 146 148 150 153 154 162 168 170 179 182 188
4 145 150 162 178
11 143 149 150 169 170 171 175 176 186 189 190
20 140 144 150 151 152 153 154 155 158 159 162 164 168 174 179 183 185 188 189 192
20 140 142 146 147 148 149 153 157 165 167 168 172 173 174 177 178 179 180 190 193
9 151 154 157 163 168 172 174 175 178
11 150 155 157 158 167 170 171 175 182 187 190
13 144 151 153 154 155 161 163 169 171 173 181 190 191
4 141 172 191 192
8 152 153 155 156 171 179 191 193
20 140 141 144 148 151 152 153 154 155 162 163 164 165 168 169 176 183 185 189 192
25 140 142 145 146 148 151 157 160 162 164 165 166 167 169 170 173 175 179 182 183 184 188 189 191 192
8 143 148 151 153 159 175 184 193
9 140 147 148 154 156 159 175 182 183
25 140 141 142 143 145 150 151 153 154 157 158 159 160 161 163 166 168 170 174 175 176 177 178 187 189
26 140 145 147 150 151 152 153 155 156 158 159 160 161 162 165 167 173 176 177 178 180 182 187 188 191 193
22 140 142 147 148 151 155 156 157 159 161 163 166 172 176 179 180 184 186 188 189 190 193
26 140 142 144 147 148 149 150 151 152 154 156 160 161 164 168 170 176 178 179 181 182 183 186 189 191 193
21 142 147 148 150 152 153 157 164 166 167 169 171 176 177 179 180 183 184 185 186 191
21 142 146 149 156 158 160 161 163 164 172 174 176 177 179 181 183 184 187 189 192 193
22 143 144 146 150 151 152 153 155 157 159 162 164 165 167 169 173 175 176 179 187 192 193
35 141 144 146 147 148 149 150 153 155 156 158 159 160 161 162 163 164 166 167 169 171 172 174 175 176 177 180 182 184 185 186 188 190 192 193
35 143 144 145 146 147 148 149 151 152 154 155 156 159 160 163 165 166 168 169 170 172 173 176 177 180 181 183 185 186 187 188 189 191 192 193
31 140 141 142 143 145 146 149 150 151 153 154 156 157 158 159 161 162 164 165 166 167 169 172 175 177 178 180 185 187 189 193
30 140 141 144 147 148 151 153 156 158 159 161 163 164 168 171 172 173 175 176 177 180 181 182 184 185 186 187 190 192 193
17 145 147 149 157 159 160 162 166 171 172 174 176 180 183 186 188 191
17 140 142 145 146 149 156 157 159 163 169 174 177 184 188 190 192 193
27 140 141 143 148 152 153 154 155 157 158 159 160 161 163 164 167 170 171 172 178 179 181 183 186 190 191 192
18 140 143 145 147 157 160 161 165 169 170 176 177 179 181 182 185 189 190
36 140 141 143 144 145 146 147 149 150 151 153 154 155 156 158 159 163 166 167 168 169 172 173 174 175 177 178 181 182 183 186 187 188 189 190 193
34 140 142 145 147 148 151 153 154 155 157 160 161 162 163 164 165 166 169 170 171 174 175 176 177 178 182 185 187 188 189 190 191 192 193
32 141 142 143 144 145 146 148 149 150 151 159 160 161 164 166 169 172 173 174 175 176 178 181 182 184 185 188 189 190 191 192 193
22 140 143 144 145 147 149 152 153 157 158 159 162 163 164 167 180 181 182 186 187 188 192
17 142 144 145 150 151 153 156 159 161 165 168 172 173 176 178 181 185
28 141 143 146 148 149 150 152 155 159 160 163 164 166 167 169 170 174 177 178 183 184 185 186 189 190 191 192 193
24 140 142 144 146 147 148 151 152 156 159 160 163 164 165 171 172 173 175 177 180 182 184 186 187
21 142 144 148 153 155 156 157 159 163 164 165 166 170 175 177 180 181 183 187 188 192
32 143 144 145 146 148 149 150 152 154 156 158 159 160 161 163 164 165 166 167 169 170 171 175 178 180 181 182 183 184 185 188 189
26 141 144 148 149 151 157 163 164 166 167 170 172 176 177 178 179 180 181 182 184 186 188 189 190 191 192
29 140 146 150 151 152 153 155 156 160 161 164 165 168 170 172 174 176 177 179 181 184 185 187 188 189 190 191 192 193
32 141 142 144 148 149 150 151 153 155 160 161 162 163 165 167 169 170 172 174 175 177 178 180 181 183 185 187 188 189 190 191 193
26 143 144 145 146 148 152 153 156 157 161 162 164 165 166 171 178 182 183 185 186 187 188 190 191 192 193
29 145 146 147 148 150 151 152 154 155 156 157 158 159 162 164 165 168 169 173 176 178 179 180 182 183 185 187 190 193
33 145 146 147 148 149 150 151 152 153 154 155 156 158 159 162 164 165 167 168 169 170 171 174 176 177 178 183 185 187 188 189 190 193
17 140 148 149 151 155 156 158 160 162 165 166 168 170 179 185 186 187
25 141 142 145 147 149 153 155 156 158 161 164 169 170 171 172 173 175 177 178 181 182 183 188 192 193
36 142 143 144 145 147 148 150 151 152 153 157 158 160 161 162 163 164 165 166 168 171 172 173 174 175 180 182 183 184 186 187 189 190 191 192 193
29 140 141 143 145 147 148 153 154 158 159 160 162 165 169 170 172 173 174 177 179 180 181 183 184 185 186 188 189 191
32 140 141 143 147 150 151 154 155 157 158 159 160 161 162 164 165 167 169 172 173 174 176 178 179 180 182 186 187 189 191 192 193
16 141 144 145 147 155 159 161 168 169 171 176 178 181 182 186 192
31 140 141 142 143 144 145 147 148 150 151 152 153 157 158 162 168 170 172 174 175 177 178 180 181 182 183 185 186 189 191 192
33 140 142 147 148 150 153 154 155 157 158 159 161 166 167 168 169 170 171 172 173 174 175 176 177 179 181 182 183 187 190 191 192 193
28 140 142 147 148 150 151 152 156 157 160 162 163 164 165 167 169 171 172 174 175 176 181 183 185 187 189 191 192
19 140 142 144 147 152 154 158 164 166 170 174 175 177 178 183 185 187 191 192
28 141 145 148 149 152 153 158 159 160 162 163 164 165 168 170 171 173 175 176 178 180 181 185 187 188 189 192 193
28 141 146 147 149 151 152 154 159 165 166 167 169 170 173 175 176 177 178 179 180 181 182 184 185 186 187 189 193
21 142 148 150 151 154 156 157 159 162 165 169 176 179 182 185 186 189 190 191 192 193
26 141 142 143 144 146 150 154 155 156 158 160 164 165 166 168 172 175 176 180 182 183 185 188 189 191 192
24 141 145 146 147 151 154 155 157 158 159 162 167 168 170 171 176 177 180 181 185 186 188 190 193
29 141 142 144 146 147 150 153 155 156 157 158 160 161 162 163 166 167 170 174 175 177 178 181 182 184 186 187 192 193
26 140 142 144 146 147 150 152 155 158 161 162 164 169 172 173 175 176 179 183 184 185 187 188 189 190 192
26 141 142 143 144 146 147 148 152 153 154 161 162 163 165 166 169 170 174 175 179 180 181 182 184 188 189
24 143 144 145 146 148 150 154 161 162 164 165 166 174 175 181 182 184 185 187 188 189 190 191 192
25 140 142 143 147 148 150 151 153 155 156 158 160 162 165 167 168 169 172 173 180 184 188 189 190 191
18 140 142 143 145 150 151 158 159 165 167 168 171 173 184 185 187 188 190
18 140 144 145 153 156 158 160 164 165 166 169 170 173 176 178 184 192 193
26 142 143 144 148 149 150 152 154 157 160 161 162 163 165 170 172 173 177 178 179 180 181 187 190 191 193
21 145 146 148 149 154 156 158 163 164 165 167 169 178 179 180 186 187 188 191 192 193
17 142 143 147 149 151 152 155 162 166 171 172 173 174 176 178 181 190
20 145 147 148 156 157 160 163 166 168 175 177 179 180 181 182 184 185 186 191 193
28 140 141 144 149 150 151 154 157 160 161 162 164 165 166 167 168 170 171 172 174 176 178 183 184 186 190 191 192
18 140 142 145 146 153 156 164 166 168 169 170 172 174 176 178 184 188 190
32 140 141 143 144 146 147 153 154 155 156 157 161 162 165 166 167 169 171 172 173 174 175 178 180 181 182 183 186 187 188 190 191
36 140 141 142 143 144 146 147 149 150 151 152 153 157 158 159 160 162 164 168 169 174 175 176 177 178 180 182 184 185 186 187 188 189 191 192 193
30 140 142 143 144 145 150 153 155 159 160 163 164 166 167 168 169 170 173 174 176 177 183 184 185 186 188 190 191 192 193
29 140 145 146 147 148 150 153 156 157 158 159 160 164 165 167 169 171 172 175 177 179 181 183 184 186 188 190 191 192
26 140 146 148 151 153 154 155 156 160 161 163 166 167 169 170 171 172 173 176 178 179 182 186 188 192 193
34 141 142 143 147 148 152 153 154 158 159 160 165 166 168 170 171 172 173 174 175 176 178 179 180 183 184 185 186 187 188 190 191 192 193
26 143 146 148 150 153 155 158 159 162 164 165 166 167 171 172 173 175 176 180 182 184 185 186 187 190 192
22 142 143 144 154 156 157 159 164 167 168 169 171 172 174 179 182 183 185 187 189 191 193
29 141 143 144 147 152 154 155 156 158 159 161 163 164 168 170 171 172 173 174 177 178 180 181 182 184 186 187 188 192
24 140 142 143 144 145 148 149 153 158 159 161 168 170 172 175 180 181 182 183 186 187 189 190 191
17 141 145 146 147 149 150 151 153 158 161 167 170 172 176 184 190 193
24 140 141 142 143 145 150 151 152 154 155 160 161 168 169 175 176 177 180 181 182 186 187 190 192
20 141 142 143 144 146 147 150 154 155 156 157 158 159 160 171 173 174 179 185 192
20 141 142 143 144 145 147 151 162 164 165 170 171 176 179 181 183 185 186 190 193
31 141 146 148 149 150 152 154 155 156 160 163 165 167 169 170 172 173 174 175 176 177 178 180 182 183 185 186 188 189 191 193
35 140 142 143 145 146 147 149 152 153 154 155 156 157 158 159 161 162 163 165 166 167 169 170 171 173 175 179 182 184 185 187 188 191 192 193
16 144 145 150 159 162 163 167 174 178 180 184 185 186 188 190 192
19 144 146 149 152 155 158 160 164 165 175 177 178 179 181 183 184 187 188 192
27 140 141 143 146 147 148 149 151 152 153 154 155 158 159 167 168 169 170 171 172 173 179 180 181 184 187 190
23 140 142 145 146 148 150 152 153 155 158 161 166 170 174 176 178 182 184 186 189 190 192 193
31 140 141 145 146 148 149 150 154 155 157 158 159 161 163 165 166 168 172 173 174 176 177 178 183 184 185 186 187 188 191 192
20 142 148 149 150 151 166 169 172 176 177 178 179 181 183 184 189 190 191 192 193
32 140 143 144 145 146 149 150 152 154 155 156 157 158 159 160 161 162 164 165 169 170 171 172 173 174 176 178 179 182 183 185 190
19 143 144 146 152 153 156 158 159 162 164 166 168 169 176 177 182 183 189 190
27 148 149 151 153 154 158 159 161 163 164 165 169 170 171 172 173 174 175 176 178 179 180 182 184 185 187 190
16 144 146 147 159 165 166 169 172 178 182 184 185 186 189 190 192
29 141 142 143 144 145 147 148 151 152 153 154 156 158 159 160 162 171 172 173 174 176 177 178 179 182 189 190 191 192
17 140 143 146 163 165 169 170 171 172 173 175 177 180 181 183 184 185
29 141 142 144 145 146 147 152 154 155 156 158 160 163 164 169 170 171 175 177 178 179 181 182 183 184 185 189 192 193
22 145 149 150 151 155 156 158 161 164 165 169 172 174 177 180 181 183 185 188 190 191 193
20 143 144 149 151 153 156 157 158 159 161 169 173 174 177 178 183 184 186 191 193
28 140 144 145 146 153 156 157 160 161 163 164 165 166 167 168 169 170 172 175 177 178 179 182 183 186 188 190 191
25 140 143 144 148 149 152 154 159 161 162 163 166 169 171 172 178 180 182 183 184 187 188 190 192 193
23 140 141 142 146 150 151 155 159 162 165 166 168 169 170 171 175 177 178 180 181 183 188 193
35 141 144 145 146 148 149 150 151 155 157 159 160 161 164 165 166 167 170 172 173 177 178 181 182 183 184 185 186 187 188 189 190 191 192 193
34 140 141 145 146 147 151 152 155 156 157 158 159 160 161 163 164 165 168 169 170 171 172 173 174 175 177 179 182 184 185 186 188 192 193
35 140 142 143 144 145 146 147 148 152 154 155 156 157 158 160 163 164 165 167 169 170 171 173 175 177 181 182 183 185 187 188 189 190 191 192
28 144 145 146 148 150 151 152 155 156 157 158 159 160 161 162 165 166 167 168 171 172 180 181 185 186 188 189 193
21 141 142 147 149 152 153 155 156 158 160 166 167 172 173 174 178 183 184 185 187 188
22 143 145 146 147 148 149 150 155 157 159 160 161 162 164 165 166 167 170 173 177 181 188
31 140 141 143 146 147 149 150 151 152 158 159 162 165 166 167 168 169 170 171 173 176 177 180 181 184 185 187 188 189 191 192
33 140 141 143 150 151 153 154 155 157 158 159 162 164 165 167 168 170 171 172 173 174 175 176 178 181 182 185 186 187 190 191 192 193
16 141 148 149 151 153 154 156 158 167 169 170 171 172 174 177 192
32 144 147 148 149 151 154 155 156 158 160 161 165 166 167 168 169 170 173 174 175 176 177 178 179 182 185 186 189 190 191 192 193
28 140 144 145 146 149 151 152 153 154 155 156 157 161 163 166 167 170 172 173 177 178 179 180 181 182 185 188 191
25 140 141 143 146 147 152 156 159 160 161 162 164 174 176 177 178 179 180 181 183 185 186 187 188 192
37 141 142 143 144 147 148 149 150 151 152 153 155 156 157 158 159 160 161 162 164 165 166 167 169 173 175 177 178 183 184 185 186 187 188 191 192 193
28 141 142 144 147 148 151 152 153 155 160 161 162 163 166 167 169 170 171 172 174 175 178 180 181 182 183 186 191
19 140 147 148 153 157 158 159 165 166 167 173 174 175 176 177 179 180 182 187
23 140 141 144 147 148 149 151 153 154 156 157 159 161 165 174 177 180 183 184 185 186 188 190
21 142 144 145 147 149 151 156 161 162 166 167 168 170 174 176 177 178 185 187 191 193
33 142 143 144 145 146 147 148 149 150 151 153 154 155 156 158 160 164 165 168 170 171 173 174 175 178 182 183 184 187 188 189 190 192
21 141 147 151 152 153 154 156 157 158 162 163 166 167 168 170 173 178 181 188 190 192
17 140 142 144 148 149 152 154 156 159 160 161 168 169 173 179 184 192
29 140 141 144 146 147 148 151 152 156 157 160 162 164 165 168 169 172 173 175 177 178 180 181 182 184 185 188 190 192
16 140 156 160 164 167 169 170 171 173 174 178 182 183 185 190 191
17 141 142 143 144 152 156 157 161 165 168 171 172 176 177 184 189 191
19 146 147 148 149 151 155 159 165 167 173 175 176 178 179 180 183 184 186 188
19 142 146 147 148 150 152 154 158 162 163 173 180 181 183 184 189 190 191 192
24 142 143 147 151 152 153 154 155 158 160 161 162 168 169 170 176 177 179 180 181 182 185 187 193
17 142 144 145 152 153 158 161 173 178 179 182 183 184 185 186 190 191
17 143 144 145 146 151 155 158 165 166 167 169 171 173 174 184 191 193
18 142 143 145 149 150 153 155 163 165 167 169 180 181 182 183 184 186 189
21 141 142 143 144 145 148 154 156 157 160 162 163 164 171 176 177 181 182 184 185 187
32 141 143 146 147 148 149 150 152 154 155 156 157 159 160 161 163 165 166 167 168 169 173 175 180 181 182 184 186 187 189 191 193
18 144 145 149 157 159 161 163 168 173 174 176 178 179 180 181 182 185 187
20 143 145 148 149 151 154 155 162 166 170 173 174 175 177 179 181 183 185 188 189
18 142 148 155 158 160 162 163 169 170 172 173 178 182 183 184 185 188 193
30 140 142 143 144 145 146 148 149 150 153 157 158 159 165 166 168 174 176 177 178 181 182 184 185 186 187 188 189 190 192
24 140 141 144 145 146 147 149 153 155 158 160 163 164 165 167 174 176 177 184 185 186 190 191 192
31 140 142 143 144 146 148 150 151 153 154 155 156 157 159 163 166 167 172 173 174 177 180 181 182 185 186 187 189 191 192 193
34 140 141 142 143 145 146 147 148 149 150 151 153 155 156 157 158 159 160 161 163 167 168 170 171 173 174 175 176 178 179 183 189 190 192
30 143 144 145 146 147 148 151 153 154 155 158 159 160 163 165 166 167 168 169 170 171 172 173 176 177 178 179 180 182 190
36 140 142 143 145 147 148 149 151 153 154 155 157 158 161 162 163 165 166 167 169 171 172 174 175 176 177 178 179 181 182 186 187 188 191 192 193
22 142 147 148 149 156 157 159 160 161 165 166 169 172 180 182 185 186 187 188 190 191 193
27 140 142 144 147 148 149 155 156 159 162 163 164 166 167 168 171 172 174 176 178 179 182 185 188 191 192 193
29 141 143 145 147 149 152 154 156 158 160 162 163 164 165 170 171 172 174 176 177 180 184 185 187 188 189 191 192 193
18 142 143 144 147 152 156 157 158 160 162 163 168 179 180 181 182 185 187
27 142 144 145 146 147 150 151 154 155 156 158 159 160 161 162 163 164 166 168 170 172 175 177 180 184 188 191
32 140 141 143 144 145 146 147 148 149 150 154 156 158 161 162 163 164 165 169 171 174 176 177 178 179 180 182 184 187 190 191 192
17 142 143 146 148 149 150 151 159 163 164 173 175 176 180 184 185 189
31 141 142 143 144 145 146 147 151 154 155 158 159 160 161 162 165 167 169 170 171 172 175 176 177 179 182 184 185 189 190 193
24 145 148 151 153 154 158 159 160 161 164 165 166 169 171 172 175 178 179 181 182 184 185 187 192
34 140 142 144 145 146 148 149 151 152 153 154 155 158 162 163 164 165 166 167 168 169 170 174 175 176 178 180 182 184 185 186 187 191 192
34 143 144 145 146 148 149 154 156 157 159 160 161 162 163 164 166 167 169 173 174 176 178 179 180 181 182 183 184 185 186 188 189 192 193
27 140 142 143 145 154 155 157 161 162 163 165 169 170 171 173 174 175 177 178 180 181 182 183 185 187 192 193
21 141 142 144 145 151 153 155 160 161 165 166 167 168 169 173 175 179 183 186 187 189
31 140 141 142 143 144 146 147 151 152 153 155 157 158 159 160 161 167 168 169 170 171 175 176 177 179 180 181 184 185 191 193
27 143 145 149 150 152 157 159 161 162 163 164 165 166 167 168 169 171 172 174 176 184 185 187 188 189 190 192
22 140 141 144 147 148 150 154 156 161 163 165 168 171 174 176 177 178 180 181 189 191 193
31 140 141 142 144 145 146 147 148 149 150 153 154 155 156 157 158 162 163 164 172 173 175 179 180 181 182 183 186 187 191 192
28 142 143 144 146 148 149 150 154 157 161 162 163 164 165 167 168 169 170 172 174 175 180 181 183 185 186 189 191
30 141 144 147 149 153 154 159 163 165 166 167 170 171 172 173 174 175 177 179 180 181 182 184 186 187 188 189 190 192 193
25 140 143 145 147 150 151 156 160 162 163 164 166 171 172 173 176 178 179 181 182 186 187 189 190 193
34 140 141 142 143 144 145 146 147 149 150 151 152 154 155 156 159 161 166 167 168 171 172 173 175 180 181 182 183 184 185 186 188 189 191
36 140 141 142 144 145 147 148 149 151 152 154 156 157 158 159 160 161 163 165 166 167 169 170 172 176 178 179 180 181 182 184 185 186 188 190 192
33 140 145 147 149 153 154 156 157 159 160 161 162 165 166 167 170 171 172 173 174 175 176 177 178 179 180 181 182 185 186 187 190 192
20 142 146 147 150 153 158 159 161 165 167 169 171 173 176 177 182 184 187 190 193
21 143 144 148 153 160 161 163 165 167 168 171 175 177 178 181 182 183 184 185 187 190
22 141 148 152 154 156 159 162 163 165 167 169 170 174 176 177 182 184 185 189 191 192 193
18 141 147 151 156 162 165 167 168 170 172 173 174 179 180 181 188 189 190
27 140 142 143 148 151 154 159 160 161 163 164 165 167 168 171 173 174 179 180 182 183 185 186 187 188 190 192
19 140 143 144 145 146 147 149 150 161 162 166 172 176 178 182 184 186 192 193
26 141 142 143 144 146 148 149 150 151 152 157 158 159 160 167 169 170 173 176 177 178 180 185 187 189 191
33 140 141 142 143 148 149 152 153 154 155 157 158 162 163 164 165 167 169 170 174 175 176 179 180 181 183 184 186 187 189 191 192 193
34 141 142 144 145 146 149 150 151 152 154 155 156 157 159 160 161 162 164 165 166 167 168 170 171 173 174 176 177 179 183 184 185 186 190
30 140 144 145 147 148 151 152 153 154 156 157 158 159 160 163 167 169 173 174 176 178 179 181 183 184 189 190 191 192 193
16 140 142 144 145 151 152 154 157 158 161 166 170 171 174 176 188
31 140 141 143 145 147 148 149 150 152 154 155 157 158 159 161 162 164 166 168 171 172 174 176 178 182 185 187 188 189 190 192
29 140 141 142 145 147 154 156 158 159 160 162 163 164 167 169 171 172 174 176 178 179 181 183 184 185 186 189 192 193
36 140 146 147 149 150 152 153 154 155 156 158 159 160 162 163 164 165 166 167 168 170 171 172 174 175 176 178 179 183 184 185 186 187 189 191 192
21 141 143 144 145 146 147 149 153 161 162 164 168 169 174 181 182 187 188 191 192 193
29 143 144 145 147 149 150 151 154 155 158 163 164 166 167 168 169 171 172 173 175 177 178 179 182 185 187 189 191 193
21 144 146 149 150 152 155 157 158 159 161 165 169 170 172 175 177 180 183 185 186 189
22 141 142 144 149 150 151 156 158 160 161 163 167 171 172 173 178 180 181 183 189 190 193
33 140 141 144 145 146 148 150 151 152 154 156 157 159 161 162 163 164 165 166 167 169 170 171 172 176 177 179 181 183 185 190 191 193
37 140 141 143 144 145 146 148 150 151 152 153 154 155 156 158 160 162 164 168 169 170 171 173 174 175 176 177 178 180 181 183 186 187 188 189 191 192
31 141 143 146 148 149 150 155 158 160 161 163 165 167 168 170 171 173 174 175 176 177 179 183 185 186 187 188 190 191 192 193
24 148 150 152 154 156 157 164 166 167 169 170 171 172 173 175 176 178 180 182 183 184 185 188 189
20 143 146 147 150 153 154 158 159 171 172 175 176 177 178 179 180 185 187 190 191
30 142 144 145 150 153 155 156 157 160 161 162 163 164 166 169 171 172 173 174 175 176 179 181 183 185 187 188 189 190 193
32 141 144 146 147 148 149 152 153 154 155 156 159 161 162 164 165 167 168 169 172 173 176 177 179 180 183 184 186 188 189 191 193
36 140 142 144 146 147 148 149 150 151 153 155 159 161 162 163 164 165 168 172 173 174 177 178 179 180 181 182 183 185 187 188 189 190 191 192 193
20 140 149 152 156 157 160 161 163 165 167 169 171 172 177 179 183 184 185 187 192
21 140 141 144 147 148 149 151 154 157 158 160 162 163 164 169 170 172 181 187 191 193
17 143 144 146 147 149 155 156 157 158 170 176 177 180 182 184 187 191
16 143 144 147 151 153 154 159 165 168 174 183 186 188 189 191 193
21 140 142 143 151 154 157 159 160 163 164 165 166 169 171 172 174 177 180 182 188 191
34 140 143 144 145 150 151 152 153 154 156 157 158 163 166 168 169 170 172 174 175 176 177 178 179 180 181 182 183 185 186 187 188 192 193
29 141 142 143 145 148 150 152 153 161 162 166 167 170 171 172 174 175 176 178 179 180 181 182 184 185 186 189 190 191
29 140 143 146 148 149 150 151 154 155 157 164 165 166 169 170 172 173 174 177 179 180 182 183 184 186 188 189 191 192
16 140 144 146 148 150 153 163 165 167 174 176 181 183 184 185 186
27 141 144 145 146 148 152 154 155 157 159 162 163 166 170 171 172 175 177 178 182 184 186 187 188 191 192 193
19 142 143 145 147 149 155 161 162 165 171 172 174 175 176 178 180 181 190 192
30 140 146 147 148 150 151 153 154 155 156 158 159 160 162 163 164 167 168 170 172 174 176 177 178 179 183 184 186 188 189
25 140 142 143 146 147 148 149 152 154 157 158 159 161 168 169 170 171 178 179 184 185 188 189 190 191
29 145 148 149 150 151 153 156 157 160 161 166 167 168 169 170 173 175 176 178 180 181 185 186 187 188 189 190 191 193
19 143 146 148 150 151 154 156 161 163 166 168 170 173 176 179 184 186 190 193
30 140 142 144 147 151 152 153 154 155 156 157 158 159 161 162 166 167 168 169 173 178 179 182 183 185 187 188 191 192 193
19 143 145 148 156 158 159 164 166 167 172 173 177 179 180 184 187 190 191 193
24 140 142 143 144 145 146 151 154 155 156 159 160 161 165 169 171 172 175 178 180 183 187 188 192
22 142 144 145 150 151 153 155 157 158 159 161 163 164 171 175 176 177 179 183 191 192 193
30 140 141 143 144 147 149 151 156 157 158 159 161 162 163 166 167 169 170 172 174 175 176 177 180 181 185 186 191 192 193
29 142 143 144 145 146 149 150 151 153 157 158 161 162 163 166 169 170 172 174 175 177 179 182 183 187 188 189 191 192
29 140 141 143 144 145 146 148 150 151 153 156 158 159 161 162 166 169 170 171 175 177 179 181 182 186 190 191 192 193
34 140 141 144 145 146 147 149 150 152 153 156 157 158 161 162 163 166 167 168 169 171 172 173 174 176 177 178 179 181 182 184 186 191 193
35 142 143 144 145 147 148 149 150 151 153 154 155 157 158 159 161 164 165 166 167 168 169 170 171 175 176 177 182 183 184 186 187 188 190 191
37 141 142 144 145 146 147 148 149 151 152 153 157 158 160 161 162 165 167 168 170 171 172 175 176 177 178 179 181 182 183 184 185 188 189 191 192 193
29 140 142 144 147 149 153 154 155 156 157 159 160 162 163 164 166 167 169 174 176 179 181 182 183 187 189 191 192 193
17 140 141 146 149 160 161 164 169 170 175 176 177 184 188 190 191 193
31 142 143 146 147 148 150 151 152 155 156 158 161 162 164 165 166 170 171 173 174 175 176 178 182 183 184 186 189 190 191 192
16 140 141 143 145 150 152 163 166 169 170 171 173 174 179 180 192
19 140 141 143 146 148 152 154 158 162 163 165 166 172 173 175 180 186 187 190
27 143 144 146 147 152 154 155 158 161 162 163 165 167 170 171 172 175 176 177 178 179 180 181 183 184 185 187
32 140 141 142 143 146 147 150 151 152 153 154 157 158 160 161 162 163 164 166 170 171 172 173 174 175 176 178 179 185 187 191 192
36 141 142 143 145 148 149 150 151 152 153 154 155 156 158 161 162 163 164 168 170 171 172 174 175 176 177 178 179 182 183 184 185 186 187 191 192
25 144 149 154 155 157 158 160 161 162 163 169 170 171 173 177 178 179 180 181 184 185 188 189 191 192
35 140 142 143 144 145 147 148 149 150 151 152 154 157 159 160 161 163 165 169 171 172 175 177 178 179 181 182 183 184 186 188 189 190 192 193
21 140 141 142 143 146 147 148 149 150 152 153 158 170 171 175 180 181 182 185 187 193
33 141 142 144 145 146 147 154 155 156 157 158 159 160 161 163 164 165 167 168 169 170 171 173 174 178 179 183 184 186 187 188 189 192
17 145 146 149 151 153 156 157 159 160 163 165 167 172 174 186 187 192
35 141 143 144 145 146 147 148 149 150 152 153 156 157 159 160 161 162 166 167 169 170 171 173 174 177 178 179 180 184 186 188 189 190 191 193
35 140 141 142 143 147 148 149 150 151 153 154 157 159 160 161 162 165 166 168 169 171 172 173 174 176 177 178 179 181 182 183 185 189 190 191
27 140 142 144 145 147 150 153 154 155 156 157 158 161 164 166 167 170 172 173 174 180 182 184 185 189 191 193
19 143 147 151 153 156 157 158 159 162 163 166 168 172 178 180 182 187 190 193
32 141 142 143 145 147 150 153 154 156 157 158 159 162 163 164 167 171 173 174 176 177 178 180 181 182 184 186 187 188 190 191 193
27 140 141 143 145 147 148 149 152 153 155 156 157 158 165 169 172 174 178 181 182 183 185 186 189 190 191 193
37 140 142 143 144 145 151 152 153 155 156 157 158 159 160 161 162 164 165 166 169 170 171 172 173 174 175 176 177 178 179 184 185 187 188 190 191 193
23 141 143 147 150 151 152 155 156 161 163 164 167 171 174 175 177 179 180 184 185 189 191 192
18 143 145 146 149 156 158 159 165 166 167 171 173 176 180 185 188 189 192
25 141 143 144 145 150 154 156 158 159 160 161 163 167 168 170 172 174 175 178 181 182 185 186 187 191
25 140 141 143 145 147 149 150 156 159 160 161 162 163 164 165 171 173 174 181 183 184 186 187 190 193
25 146 153 154 156 157 158 161 162 163 164 166 167 168 171 172 173 176 177 181 182 184 185 189 190 193
18 146 148 150 151 154 157 158 160 161 163 171 174 175 176 177 184 187 192
32 141 142 145 147 148 149 152 155 156 157 158 162 163 164 165 166 169 170 173 174 175 177 181 183 185 186 187 188 189 190 191 193
20 142 144 149 150 151 152 153 154 157 158 159 161 166 168 173 175 176 178 182 191
31 140 142 143 145 147 148 149 150 151 152 153 154 155 157 159 162 165 166 167 169 170 171 173 178 179 180 182 183 185 191 192
18 140 143 145 147 155 162 165 167 170 171 175 177 179 186 187 190 192 193
30 141 144 145 146 148 150 153 155 157 158 159 161 164 166 167 168 169 170 172 173 174 175 177 178 179 182 184 185 188 192
31 141 142 143 145 150 154 155 156 160 161 163 164 165 166 167 170 171 172 173 174 178 179 180 181 183 184 188 189 190 191 192
23 142 143 145 146 148 154 158 159 165 166 167 168 171 172 176 177 180 182 183 185 187 189 193
27 141 142 144 145 147 150 151 152 153 157 159 161 162 164 165 166 167 172 174 177 178 179 181 186 188 189 192
25 140 142 144 145 147 149 151 154 155 156 159 164 166 167 172 173 174 175 176 177 178 179 187 188 192
24 141 143 145 148 149 150 155 159 161 162 164 165 166 168 169 174 176 178 179 181 183 184 185 191
31 140 143 144 147 148 149 150 151 153 156 158 159 162 163 164 167 168 171 172 174 175 177 178 179 180 181 182 184 186 187 191
28 140 141 142 143 144 145 147 148 149 150 152 153 157 160 161 165 167 168 171 173 175 177 178 179 180 181 190 192
37 140 141 142 144 145 147 148 149 150 151 152 153 154 155 157 158 160 161 162 164 165 166 168 170 171 174 175 177 180 182 183 185 186 188 189 191 193
26 140 141 148 149 150 153 154 156 157 158 159 160 161 163 164 166 169 170 171 173 175 176 177 185 188 190
22 140 142 143 147 150 151 155 158 159 160 161 171 174 175 176 179 182 183 184 186 187 192
28 140 141 142 144 148 153 155 156 158 163 164 169 170 171 172 174 176 178 179 181 183 184 185 186 187 188 191 193
17 140 149 152 153 155 156 158 160 161 163 167 169 177 181 184 191 192
36 142 143 144 146 147 148 149 150 152 153 154 155 157 158 159 161 166 167 168 170 171 173 175 176 177 178 179 181 182 183 184 186 188 191 192 193
37 141 143 144 145 146 147 148 149 151 153 155 156 157 159 161 162 164 165 167 168 170 172 173 174 175 176 179 180 181 182 183 184 185 186 187 189 191
19 141 144 148 154 156 158 160 163 165 166 167 168 170 171 176 179 180 187 189
33 141 142 146 147 148 149 153 154 155 157 158 161 162 163 164 165 166 169 171 172 174 178 179 180 181 183 184 185 186 187 190 191 193
37 141 142 144 145 149 150 153 155 156 157 158 159 160 161 162 164 166 167 169 170 171 172 174 176 177 178 179 180 181 182 184 185 186 187 189 190 192
20 141 143 144 145 146 154 158 160 166 167 170 173 174 177 178 179 180 182 183 186
24 144 145 146 147 149 152 154 155 157 161 162 165 167 173 174 175 176 177 181 185 187 188 189 191
25 142 144 146 149 150 151 152 157 159 160 163 164 169 171 172 176 177 179 180 183 185 186 187 189 193
28 140 141 149 150 151 158 159 160 162 164 165 167 168 169 170 171 173 177 178 181 182 183 184 189 190 191 192 193
20 145 147 148 149 154 158 159 161 162 163 164 171 173 176 177 179 180 181 187 188
24 143 145 146 149 151 154 155 156 157 158 166 168 169 170 171 174 178 179 182 183 184 186 188 192
18 145 146 147 152 153 157 162 167 168 169 175 176 177 178 184 185 189 193
19 140 141 148 149 152 154 157 158 159 161 165 166 174 176 177 179 180 186 193
35 140 142 143 145 146 147 151 152 153 155 156 160 161 162 163 167 168 169 172 173 175 177 179 180 181 182 183 184 185 186 187 189 190 191 193
12 194 199 201 204 205 209 214 215 218 219 221 223
10 195 196 199 210 213 215 218 219 222 223
8 194 195 199 202 208 210 214 220
20 194 195 197 198 201 202 204 205 206 207 209 210 211 212 213 214 220 221 222 223
13 195 196 198 202 204 205 206 207 217 218 219 221 224
13 196 197 198 201 206 207 211 217 218 219 222 223 224
9 194 196 197 200 204 213 214 218 224
4 200 207 210 214
8 195 198 200 201 203 205 214 217
6 194 195 198 218 222 223
10 198 200 201 202 203 211 212 214 216 221
8 198 201 206 207 208 212 219 220
9 196 200 203 208 214 215 219 220 221
10 194 197 198 199 203 208 209 211 213 221
9 201 205 212 213 216 221 222 223 224
10 195 196 198 202 204 205 207 209 218 221
12 194 200 201 209 210 211 213 214 216 220 222 223
8 194 198 199 202 206 210 222 224
6 194 197 202 203 213 221
8 197 204 205 206 207 209 217 220
21 195 196 197 198 199 200 201 202 203 205 206 208 210 212 213 216 217 218 219 220 223
11 196 199 200 203 208 215 216 217 218 219 224
14 195 196 198 203 204 205 208 212 213 214 215 216 217 220
17 194 197 199 200 201 202 206 207 209 210 211 218 219 221 222 223 224
8 197 206 208 213 214 215 219 222
8 194 195 197 200 208 210 211 221
3 194 208 224
7 196 197 207 211 212 213 218
12 195 196 197 200 202 206 210 211 212 213 216 224
10 202 205 206 208 211 212 218 219 221 223
9 196 200 207 212 215 217 218 223 224
10 198 202 207 213 216 217 218 219 220 224
6 195 197 209 210 212 217
13 194 195 197 198 199 201 203 207 210 214 217 222 224
11 194 195 197 198 201 203 204 205 214 215 223
10 198 200 201 202 206 213 214 216 218 222
6 201 204 209 217 218 219
2 213 215
9 194 201 205 210 212 214 217 220 223
20 196 199 200 202 206 207 208 209 210 211 212 213 216 217 218 219 220 221 222 224
6 197 199 203 208 212 215
12 194 195 196 197 199 204 206 208 209 215 217 220
16 195 198 199 202 203 204 205 206 211 212 214 215 216 220 222 223
4 209 218 219 224
10 200 203 204 205 209 212 213 215 216 221
11 194 196 197 200 201 207 208 210 213 217 221
8 198 200 204 205 207 212 220 224
12 194 200 202 203 205 206 209 216 217 218 219 221
7 196 198 199 204 208 210 223
5 201 203 211 216 220
7 198 203 207 208 217 220 222
5 201 206 210 219 222
13 199 201 202 205 206 207 208 211 215 216 217 222 223
12 195 197 201 207 211 212 213 214 215 220 222 224
8 196 201 202 208 210 214 217 221
6 196 200 204 209 216 220
9 195 198 203 209 210 212 219 220 221
10 196 201 202 203 204 205 206 216 220 221
7 204 206 209 216 219 220 221
8 200 204 210 211 214 222 223 224
15 196 197 198 199 200 202 206 208 211 216 218 219 221 222 224
10 194 204 207 209 211 214 215 221 222 224
7 194 204 208 209 210 212 224
9 194 195 197 206 211 213 218 222 223
8 194 199 200 210 212 217 223 224
9 200 201 203 207 213 214 215 217 218
9 195 196 199 205 209 215 216 217 218
6 198 202 203 211 218 219
9 194 199 202 208 210 215 222 223 224
6 196 200 211 213 220 221
15 194 198 199 200 207 208 211 213 214 215 218 219 222 223 224
13 196 199 201 203 204 205 206 209 212 214 215 222 223
16 197 199 201 202 204 205 206 207 209 210 211 212 213 216 217 224
7 195 203 204 207 209 213 215
7 195 202 204 205 214 216 220
11 195 197 203 205 207 208 212 214 215 216 223
21 194 195 196 197 199 203 204 205 207 208 209 210 211 212 215 217 219 220 221 223 224
15 195 196 197 198 199 202 205 206 211 216 219 220 221 222 223
6 199 203 209 215 216 219
1 213
7 200 201 209 210 214 216 220
5 197 198 203 214 223
6 196 201 202 214 217 221
1 215
6 196 197 200 213 218 224
10 196 197 198 199 200 202 219 221 222 224
4 199 209 215 217
1 224
5 197 199 203 208 212
11 196 198 202 205 206 211 216 219 220 221 222
8 198 201 202 203 212 214 216 221
5 202 204 205 216 221
9 195 197 205 207 208 212 214 216 223
7 199 202 210 215 222 223 224
11 195 196 204 205 208 212 213 214 215 217 220
5 204 211 214 215 222
14 194 197 201 204 205 206 207 209 211 212 214 220 222 223
6 198 199 203 214 222 224
5 202 213 217 218 224
10 196 197 198 201 206 207 217 218 219 224
9 195 196 197 199 205 211 219 220 221
6 199 209 215 218 219 223
8 198 203 205 208 212 213 216 220
8 194 200 202 203 205 206 216 221
7 197 200 206 210 213 216 224
4 202 211 218 219
5 197 205 206 217 220
8 199 201 202 205 206 215 216 217
5 195 198 203 210 220
9 200 202 203 205 206 209 216 218 219
4 203 207 217 220
8 195 198 202 204 205 207 218 221
6 195 198 202 204 207 221
7 195 198 200 201 203 214 217
10 197 198 201 206 207 211 218 219 223 224
4 197 210 212 217
7 194 195 197 206 211 213 222
4 200 211 220 221
17 196 197 198 199 201 202 203 205 206 208 212 213 216 218 219 220 223
4 204 207 209 215
5 201 207 208 219 220
5 196 215 218 223 224
5 199 208 210 214 220
6 205 213 216 221 223 224
8 200 203 204 205 213 215 216 221
6 194 197 199 203 208 221
7 199 201 205 214 215 218 219
17 196 199 200 202 206 207 208 209 212 213 217 218 219 220 221 222 224
4 194 202 203 213
13 197 199 201 204 206 207 210 211 212 213 216 217 224
12 194 197 199 200 201 202 209 210 211 218 221 223
5 198 201 206 208 220
6 197 203 208 212 215 223
1 224
5 195 203 207 213 215
5 203 207 213 214 218
3 208 220 222
9 197 199 202 206 209 211 212 216 224
4 196 211 213 218
8 202 207 213 216 217 218 219 220
4 204 209 216 220
5 198 203 217 220 222
10 195 196 200 206 210 211 212 213 216 224
8 195 196 199 213 215 218 219 223
10 195 196 198 202 207 217 218 219 221 224
8 197 199 201 205 206 207 209 212
10 196 197 198 199 200 206 216 218 221 222
2 201 203
8 201 202 211 215 216 217 222 223
5 196 200 204 213 214
10 198 199 202 204 205 211 212 214 220 222
4 204 216 220 221
12 194 197 199 201 202 206 209 210 218 221 222 223
3 202 211 218
5 194 208 210 212 224
5 202 206 208 219 223
2 218 224
12 203 204 205 207 208 210 211 212 215 217 219 221
3 200 209 220
6 204 206 209 216 219 220
2 210 214
4 197 202 213 221
4 198 207 220 224
6 196 198 204 208 210 223
10 195 199 203 204 211 212 216 220 222 223
11 196 199 201 203 204 205 206 209 212 214 215
6 195 197 201 203 214 215
10 195 197 201 207 211 213 214 215 222 224
3 206 219 220
6 195 197 208 212 214 216
6 198 200 202 206 213 222
13 196 199 200 202 206 207 211 213 217 218 219 220 224
6 202 205 212 219 221 223
3 203 216 220
6 194 204 207 209 222 224
10 194 200 203 205 206 209 216 217 218 221
7 196 203 208 214 215 219 220
7 196 205 206 209 212 214 223
9 196 197 200 202 206 210 212 213 216
11 199 208 210 212 213 217 218 220 221 222 224
9 195 199 202 205 206 216 220 221 223
11 196 197 198 201 206 207 211 218 219 222 224
7 198 201 206 207 211 222 223
5 196 200 204 216 220
9 194 196 197 200 207 208 213 217 221
9 194 200 201 210 211 214 216 222 223
7 196 197 198 211 217 218 223
6 195 197 201 211 214 224
5 200 203 204 213 215
5 197 199 208 212 215
12 196 198 199 200 202 206 208 216 218 221 222 224
8 195 197 198 203 204 214 215 223
5 195 199 202 210 214
2 200 210
1 215
9 198 199 200 208 211 219 221 222 224
12 196 197 199 200 202 211 216 218 219 221 222 224
11 194 202 207 209 211 218 219 221 222 223 224
5 194 199 210 214 220
7 196 200 208 215 217 219 224
6 195 200 210 212 216 224
8 194 197 198 199 203 208 209 221
5 195 196 213 219 222
8 200 201 202 203 211 212 214 216
7 196 199 204 206 209 214 215
10 194 195 198 199 201 203 207 214 222 224
5 195 210 215 219 223
8 196 200 207 212 215 217 218 224
5 196 202 204 216 221
7 195 203 205 207 208 212 216
7 199 208 215 216 217 218 224
6 194 198 199 202 210 222
5 196 199 204 210 223
7 194 197 200 204 213 218 224
8 196 201 202 203 205 206 216 221
5 203 207 208 220 222
9 197 207 211 212 214 215 220 222 224
7 200 204 209 212 213 215 216
1 215
5 202 206 208 221 223
5 195 198 218 222 223
5 195 197 209 210 212
6 199 201 208 216 217 223
7 195 198 202 205 209 218 221
4 208 214 217 221
6 194 195 200 208 210 211
3 204 217 219
20 196 198 199 200 202 206 207 208 209 212 213 214 215 216 217 218 221 222 223 224
14 194 197 198 202 204 205 207 213 216 217 219 220 221 224
18 194 195 197 200 201 203 204 207 208 209 215 217 218 220 221 222 223 224
14 194 201 203 205 206 207 208 210 211 213 214 216 222 223
14 194 198 200 201 204 205 207 214 216 217 218 222 223 224
11 195 197 200 202 203 204 207 211 216 221 222
13 194 195 197 203 209 210 212 214 215 216 217 219 221
20 194 196 197 198 199 201 203 204 206 210 211 212 213 215 216 217 218 219 223 224
12 198 199 201 202 203 204 208 209 210 211 212 214
13 196 198 200 202 203 204 205 206 211 212 214 215 218
14 201 203 204 205 208 210 211 214 216 219 220 222 223 224
12 196 198 201 203 210 211 212 213 215 216 218 224
15 195 197 199 201 206 207 209 210 211 212 217 218 220 222 223
14 196 200 201 202 203 204 205 206 207 208 214 219 220 221
19 194 195 196 197 198 201 202 206 208 209 211 212 214 216 218 219 220 223 224
10 194 195 196 198 209 213 216 219 220 222
20 194 195 198 199 203 205 206 207 208 209 210 211 212 213 214 216 217 218 219 224
15 194 195 199 203 206 211 212 213 217 218 220 221 222 223 224
21 194 195 196 197 199 200 201 203 205 206 209 210 211 212 213 214 216 218 219 222 223
12 194 201 202 206 207 210 213 214 215 216 217 219
20 194 195 196 197 199 200 203 204 205 208 209 210 211 212 214 217 219 221 223 224
10 197 198 206 207 208 215 216 217 218 220
10 194 195 199 201 210 214 216 219 220 222
11 197 202 207 212 213 215 218 219 220 222 223
15 196 201 203 205 207 209 210 211 213 214 215 217 219 221 222
11 194 196 201 202 203 205 206 207 215 217 223
19 196 197 200 201 203 204 205 207 208 209 210 211 212 216 217 218 220 222 223
18 194 198 199 200 201 204 205 211 212 213 214 215 219 220 221 222 223 224
10 197 200 201 210 211 212 217 219 220 221
14 196 197 198 199 201 206 208 211 212 216 219 221 223 224
21 194 196 197 198 199 200 202 204 206 207 208 209 210 211 214 216 217 218 220 221 224
12 195 196 200 204 206 210 211 213 214 216 219 224
13 194 195 196 200 201 202 204 205 209 212 217 219 221
15 195 196 197 201 204 206 209 210 215 216 217 219 222 223 224
17 196 197 199 200 201 202 203 205 209 210 213 214 217 220 221 223 224
21 194 195 196 197 198 200 202 203 204 206 207 210 211 212 213 214 217 218 220 221 224
20 197 198 199 200 201 202 204 206 207 208 211 212 213 214 216 217 218 219 220 221
11 194 195 196 201 202 203 206 209 211 214 217
13 194 195 197 198 200 208 209 211 213 214 216 218 221
14 196 197 198 199 202 203 204 205 206 210 216 218 219 220
19 194 196 197 198 200 202 204 206 207 208 210 211 212 214 215 216 218 219 224
10 194 196 205 206 211 216 217 218 220 224
14 194 199 204 207 208 210 213 214 216 217 219 220 222 223
17 195 198 200 202 203 206 207 208 209 210 211 214 215 217 219 221 222
21 194 198 199 200 202 203 204 205 206 207 208 210 211 212 213 216 217 218 222 223 224
10 195 196 197 198 202 210 211 214 217 218
20 194 196 197 200 201 202 203 204 208 210 211 212 213 215 216 218 219 220 221 224
15 196 197 198 200 201 205 208 209 210 213 215 216 219 220 221
12 194 195 197 201 203 207 208 209 210 213 220 221
11 198 208 209 212 213 215 218 219 220 221 224
16 194 195 196 197 199 200 201 202 204 208 211 213 216 219 220 224
14 194 195 197 201 205 208 209 211 212 213 217 219 221 222
19 195 197 198 199 200 202 203 204 206 209 211 212 213 217 218 219 220 222 223
17 194 196 198 199 204 206 208 209 210 212 213 214 215 216 220 222 223
16 195 198 200 204 205 206 207 208 209 210 212 213 214 216 218 219
18 194 196 199 201 202 203 204 205 206 207 209 214 215 218 219 220 221 222
20 194 195 196 197 199 201 202 203 204 205 207 211 212 213 214 218 219 221 222 224
13 194 197 198 199 202 204 205 211 213 215 219 222 224
20 195 196 197 198 199 200 202 204 205 207 209 210 212 214 215 218 220 221 222 224
20 194 196 198 199 201 204 205 207 208 209 211 212 214 218 219 220 221 222 223 224
11 195 197 198 200 203 209 215 218 220 221 222
21 194 196 198 199 200 201 203 204 206 207 208 209 210 212 213 215 218 219 222 223 224
15 196 197 199 201 206 209 210 211 215 216 218 219 220 221 223
18 194 196 197 199 200 201 203 206 207 208 209 213 214 215 218 219 221 222
10 196 198 202 204 207 211 213 215 218 220
19 194 195 196 197 199 200 203 205 207 209 210 212 217 219 220 221 222 223 224
19 195 197 199 200 201 204 205 207 209 212 213 214 216 218 219 221 222 223 224
10 199 204 206 207 209 211 212 213 218 223
18 195 196 197 199 202 203 205 206 207 208 211 214 215 217 219 221 222 223
19 195 197 200 201 202 204 205 206 207 208 209 213 215 216 219 220 221 222 224
13 196 197 198 200 201 203 205 209 211 212 213 219 223
10 194 198 204 205 210 213 215 218 219 220
16 194 196 198 199 200 202 203 207 208 209 210 211 215 218 219 224
10 195 198 199 204 208 213 216 219 220 223
21 195 196 198 200 201 202 203 205 206 208 210 211 213 215 216 217 218 219 220 223 224
9 200 201 203 204 207 214 217 219 223
13 194 198 202 203 205 206 210 212 214 216 217 220 224
15 195 197 201 202 203 205 207 208 211 212 213 217 218 221 223
12 196 197 198 202 206 208 209 211 213 215 217 218
13 194 197 200 202 204 205 207 211 215 220 221 223 224
12 195 198 199 200 203 206 207 210 213 214 215 219
19 195 196 198 199 203 204 206 207 208 209 210 213 214 215 216 219 221 222 224
17 194 195 198 199 201 202 204 207 208 211 214 216 217 218 219 220 224
11 195 197 199 204 205 208 210 213 214 222 223
14 194 196 197 203 205 207 209 210 212 216 218 220 222 223
9 194 200 201 205 207 218 221 222 223
11 195 201 204 206 207 210 213 216 220 222 224
19 194 195 200 201 206 207 208 209 211 212 213 214 215 216 219 220 221 222 223
21 194 195 196 197 200 202 204 205 206 208 209 210 212 213 217 219 220 221 222 223 224
18 196 197 198 199 200 201 203 204 208 209 210 212 213 214 215 216 221 222
16 194 195 198 199 201 206 208 209 211 212 215 217 218 219 220 224
16 197 198 203 204 206 207 208 209 211 212 213 214 216 217 219 222
19 194 200 201 203 204 205 207 208 210 212 213 214 216 217 218 219 220 223 224
10 196 197 201 203 205 207 209 211 217 224
15 195 200 201 202 204 207 209 212 214 215 218 220 221 222 223
14 197 201 204 206 207 211 214 215 217 219 220 221 222 224
20 194 195 197 198 199 200 201 203 205 207 208 213 214 215 217 219 220 221 223 224
21 195 196 198 199 203 204 205 206 207 208 211 212 213 214 215 216 217 220 221 223 224
21 195 196 197 198 199 201 202 203 206 207 209 210 211 212 213 214 215 217 219 221 223
19 195 196 197 199 201 203 204 205 207 208 210 215 216 217 218 219 220 223 224
9 195 197 205 210 212 215 220 222 224
12 194 196 197 203 204 207 208 209 215 216 220 224
12 196 197 200 202 205 207 211 213 215 216 222 223
21 194 196 197 198 199 200 203 205 207 208 210 211 213 214 215 216 219 220 221 223 224
16 196 197 199 202 203 204 207 208 209 211 213 215 218 219 223 224
19 194 195 196 197 200 202 204 205 206 209 212 213 214 215 216 218 219 222 223
10 199 200 204 209 210 211 213 214 220 221
16 194 195 196 199 202 203 204 205 208 209 211 213 214 215 219 223
15 194 195 197 198 201 203 205 207 208 213 218 219 222 223 224
11 197 200 203 204 205 206 213 215 217 218 224
14 195 196 197 198 199 202 203 206 209 210 215 219 222 223
12 198 200 201 203 204 206 210 211 214 217 222 223
9 195 198 201 208 211 212 220 222 223
20 194 195 197 201 203 204 207 208 209 210 212 214 215 216 217 218 219 221 222 224
20 194 195 196 197 198 199 200 202 204 205 207 209 210 212 214 215 216 217 223 224
18 195 196 199 200 201 206 208 209 210 211 212 213 214 215 218 220 222 223
10 196 198 199 200 203 205 209 211 214 215
20 197 198 202 203 204 205 207 208 209 210 211 212 213 215 216 220 221 222 223 224
19 194 196 200 201 202 204 205 209 210 211 212 213 218 219 220 221 222 223 224
13 194 195 197 198 199 200 201 206 213 215 217 221 224
16 194 195 199 202 204 208 211 212 213 214 215 216 217 220 223 224
13 201 202 204 207 208 209 211 213 215 216 221 222 223
11 201 205 207 209 212 215 216 218 220 223 224
19 194 195 196 199 201 202 203 204 205 206 210 212 214 217 218 220 221 223 224
10 194 197 200 204 206 209 213 215 220 224
12 198 199 201 204 205 207 208 211 213 220 221 222
19 196 197 199 200 203 204 205 206 207 208 210 211 216 218 219 220 221 222 223
15 195 197 198 199 201 202 206 210 211 212 214 216 218 219 224
19 195 196 199 200 201 203 204 205 206 207 208 211 214 215 217 218 220 222 223
11 196 206 207 210 213 214 215 218 219 220 221
12 196 199 202 203 205 209 215 217 218 220 223 224
20 194 195 196 197 201 202 203 204 206 207 208 209 210 212 214 215 217 220 222 223
19 197 199 200 202 203 204 205 206 208 210 211 213 214 216 217 218 220 222 223
10 197 198 200 202 203 204 215 218 222 224
13 194 195 196 199 200 201 205 207 209 215 217 218 223
11 195 197 199 200 201 205 206 211 214 216 221
10 194 196 200 201 203 204 205 213 217 223
17 194 195 196 198 199 203 205 206 207 208 210 213 215 217 218 219 220
21 194 195 196 197 198 201 202 204 206 207 208 210 211 213 214 215 218 219 220 222 224
14 194 196 198 202 206 207 208 209 210 211 214 218 222 224
18 194 196 197 198 200 202 204 208 209 210 212 213 216 217 218 221 222 223
13 195 197 198 201 202 203 205 208 210 215 218 220 222
12 195 197 198 199 204 206 208 210 211 216 222 223
19 196 197 198 199 205 206 208 209 210 211 212 214 215 218 220 221 222 223 224
11 194 198 200 203 207 213 215 218 219 223 224
20 195 196 197 199 203 205 207 209 211 212 213 214 215 216 217 220 221 222 223 224
21 194 195 201 203 204 205 206 207 208 209 210 211 214 215 216 217 218 219 220 223 224
11 196 198 199 200 201 202 211 215 217 220 223
