248 1265
63 1 2 3 4 5 6 7 8 9 10 11 12 13 14 15 16 17 18 19 20 21 22 23 24 25 26 27 28 29 30 31 32 33 34 35 36 37 38 39 40 41 42 43 44 45 46 47 48 49 50 51 52 53 54 55 56 57 58 59 60 61 62 63
30 2 3 5 6 7 11 12 14 16 17 18 19 21 25 29 33 35 37 41 43 46 47 49 53 54 55 57 59 60 61
19 1 4 13 15 18 20 27 30 34 38 39 40 41 43 44 49 53 57 61
32 1 2 5 7 8 13 14 19 20 21 25 26 28 29 31 34 35 36 37 38 40 41 45 47 49 50 52 56 57 59 60 63
33 1 4 5 9 10 13 14 16 17 18 19 20 22 23 25 28 29 31 35 36 38 42 43 47 48 49 52 53 54 55 59 62 63
34 1 5 7 8 13 14 17 20 21 22 23 31 32 34 36 37 39 40 41 42 45 46 48 49 50 51 52 53 54 55 57 59 61 63
42 7 9 10 12 13 14 15 17 18 19 20 21 24 26 27 28 29 30 31 32 33 35 37 38 39 40 42 43 45 46 47 48 49 50 52 53 55 59 60 61 62 63
31 1 2 3 4 7 9 10 12 15 16 22 29 31 33 34 36 37 41 42 43 45 49 52 53 54 55 56 57 58 62 63
39 1 2 3 5 9 12 13 14 16 18 19 20 22 24 27 28 29 30 32 34 35 36 39 40 44 45 47 48 49 52 53 55 56 57 59 60 61 62 63
34 1 3 4 5 6 7 10 11 12 15 21 23 25 27 28 33 34 35 37 38 40 41 42 43 44 47 48 49 52 53 54 56 60 61
33 1 2 4 5 6 7 8 12 14 15 18 20 21 24 25 28 29 30 32 33 34 36 40 46 47 49 51 52 53 58 59 60 63
28 1 2 3 6 7 8 9 13 14 16 17 19 20 23 25 26 33 38 41 44 45 48 49 51 52 59 62 63
38 3 6 7 8 10 11 14 15 16 17 18 19 20 24 27 30 31 32 33 34 37 38 40 41 42 43 46 49 51 54 56 57 58 59 60 61 62 63
32 2 6 9 10 12 15 16 17 22 23 25 26 27 28 29 30 31 33 35 37 38 40 41 42 44 46 47 55 56 57 58 61
42 1 2 3 4 5 6 7 8 9 10 11 12 14 15 17 19 21 22 24 26 27 28 29 31 32 35 36 40 43 45 47 48 49 50 51 52 53 54 55 56 57 58
47 1 2 3 4 5 6 7 8 9 10 11 12 13 15 16 20 21 23 24 25 28 29 30 32 36 37 39 40 41 42 44 45 46 47 48 49 50 51 52 54 55 57 58 59 61 62 63
35 1 4 5 7 10 11 12 15 19 20 21 23 24 25 26 27 28 29 30 34 36 38 40 41 42 43 44 45 47 49 50 57 58 59 62
19 1 3 4 8 11 12 14 18 19 24 25 32 37 42 45 47 50 54 55
48 1 2 3 5 6 7 8 9 11 12 13 14 15 16 18 19 20 21 22 23 24 25 27 29 30 31 32 33 34 35 36 40 41 43 44 46 49 50 51 52 54 55 56 57 59 60 61 63
29 8 10 11 12 15 17 18 23 24 29 31 32 33 34 37 40 42 43 49 50 52 55 56 57 58 60 61 62 63
41 2 3 4 6 7 8 9 10 11 13 14 16 19 20 21 23 24 25 26 28 29 32 33 34 35 37 40 41 42 43 44 45 46 47 49 50 52 54 58 61 63
27 1 3 5 9 10 12 13 16 17 18 20 21 23 24 27 31 35 37 38 41 43 47 51 52 54 57 62
26 3 10 13 14 16 17 18 26 28 30 34 37 38 39 40 41 43 46 51 53 55 56 58 59 60 63
43 4 5 6 7 8 9 10 11 12 14 15 16 18 19 21 22 24 25 27 28 29 32 33 34 35 37 40 41 42 46 47 48 52 53 55 56 57 58 59 60 61 62 63
37 2 4 5 6 7 8 9 12 15 16 18 19 20 22 24 25 29 30 32 33 35 37 39 40 41 42 43 47 48 49 50 52 53 54 55 60 63
34 2 4 5 7 8 10 11 14 15 18 20 21 22 26 27 32 33 34 35 37 40 41 42 45 46 47 49 52 53 56 57 59 60 63
37 1 2 4 5 7 9 11 12 13 14 16 17 18 20 21 22 25 26 27 28 30 32 33 35 36 37 39 41 45 47 48 49 53 54 58 61 63
23 4 7 8 10 12 13 16 18 19 21 24 26 28 32 40 41 43 45 46 55 57 59 63
35 1 3 4 5 6 8 9 10 13 14 15 16 20 21 23 27 28 29 30 32 35 36 38 40 41 44 45 46 49 53 57 58 59 62 63
34 1 2 3 6 7 8 10 12 14 20 21 23 25 26 27 30 31 33 36 38 39 40 42 44 47 48 52 53 54 55 57 58 61 62
39 2 3 5 6 7 8 9 12 13 15 16 18 19 20 23 25 26 27 28 30 31 32 33 34 36 39 44 45 46 47 52 53 55 57 58 59 60 61 62
26 2 7 11 13 14 15 20 24 25 27 29 30 32 33 34 36 38 44 45 48 49 50 51 52 56 63
25 1 3 5 7 11 15 17 18 23 25 31 33 36 38 40 42 43 47 51 55 57 58 59 61 62
28 1 2 5 8 12 14 15 17 22 26 30 31 32 33 34 35 37 39 40 43 45 46 47 55 56 60 62 63
35 2 3 4 5 8 9 10 11 13 15 16 17 18 21 22 24 25 32 33 34 35 39 40 42 47 48 49 51 52 55 57 58 60 61 63
48 2 3 4 6 8 9 10 11 12 15 16 17 18 19 20 21 24 25 26 27 28 31 32 33 34 35 36 38 39 40 41 43 44 45 46 47 48 50 51 52 53 56 57 58 59 61 62 63
41 5 6 8 10 11 14 15 16 17 18 21 23 24 25 26 27 28 30 32 33 34 37 38 39 41 44 45 46 47 49 50 51 52 53 55 56 59 60 61 62 63
33 1 3 5 8 10 12 14 16 17 18 19 22 24 27 28 30 31 33 34 35 36 37 39 41 43 45 46 53 54 57 60 62 63
44 3 4 5 6 8 10 13 14 15 17 19 20 21 23 24 25 26 27 28 29 32 34 36 37 38 39 40 41 43 45 46 48 49 50 51 52 53 54 55 57 58 61 62 63
49 1 3 4 5 6 7 8 9 12 13 14 15 16 17 18 19 21 22 23 26 27 28 30 31 33 34 36 37 38 40 41 42 43 44 45 46 47 48 49 50 51 52 54 56 58 59 60 62 63
20 4 6 14 16 18 26 27 36 38 40 41 43 44 48 54 56 57 59 60 63
19 1 2 13 15 18 22 23 24 28 32 37 41 46 48 56 57 58 59 61
48 1 2 3 4 5 6 7 8 9 10 11 12 13 14 15 16 19 22 24 25 26 27 29 30 31 34 35 36 39 40 41 42 43 44 45 46 47 48 49 51 54 55 56 57 59 60 61 62
27 4 6 14 16 18 19 20 21 23 24 28 29 35 38 39 40 41 43 49 52 53 55 57 58 60 61 62
47 1 2 4 5 6 7 8 9 10 11 15 17 18 19 20 21 22 23 24 26 27 30 31 32 35 36 37 39 41 42 43 44 45 46 47 48 49 50 51 52 54 56 58 60 61 62 63
21 1 2 7 8 10 17 18 19 23 25 27 28 29 36 37 38 40 42 43 54 57
49 2 4 5 6 8 9 10 11 12 13 14 16 17 21 22 23 25 26 27 28 29 30 31 32 35 36 37 38 39 40 41 42 43 44 46 47 49 50 51 52 54 55 57 58 59 60 61 62 63
45 1 2 3 4 6 7 8 10 13 15 17 18 20 21 23 24 25 26 27 28 29 30 31 34 35 36 37 39 43 44 45 46 47 48 52 53 54 55 56 57 58 59 60 61 63
34 2 3 4 5 6 10 13 17 19 22 23 24 25 26 30 32 33 34 35 36 39 40 42 43 44 46 47 48 51 54 55 57 58 61
34 2 3 4 5 9 13 14 15 17 18 19 23 25 26 29 32 34 35 38 40 42 46 49 52 53 54 55 56 57 58 60 61 62 63
37 2 3 4 6 7 9 10 11 12 13 14 15 18 19 21 22 23 26 27 29 30 34 37 41 43 44 45 46 48 49 50 52 53 56 60 61 62
24 1 2 9 12 13 15 17 20 22 26 27 30 32 35 36 37 38 40 50 51 53 56 62 63
31 2 5 6 7 11 12 16 17 18 21 23 24 29 32 35 36 39 40 42 43 45 46 47 48 53 55 56 60 61 62 63
31 1 2 3 4 5 6 7 9 10 11 15 23 27 29 30 31 32 33 34 37 41 43 44 46 49 50 51 52 55 57 59
34 2 4 5 6 9 12 13 14 15 17 18 20 21 23 24 26 27 28 29 31 33 37 38 40 44 48 51 53 54 55 57 58 59 60
44 1 2 3 5 6 7 8 9 10 11 12 13 15 17 19 20 21 22 25 27 28 32 33 34 35 36 37 38 41 42 44 47 49 52 53 55 56 57 58 59 60 61 62 63
35 2 4 6 10 12 13 15 16 17 21 23 24 25 26 27 29 31 33 37 38 39 40 41 44 46 47 49 50 51 56 57 59 60 61 62
22 1 3 4 5 10 11 12 14 17 20 23 24 26 30 33 36 40 46 52 55 60 63
48 1 3 4 5 6 7 11 12 13 14 15 16 17 18 20 21 22 24 25 28 29 30 31 33 34 36 37 38 39 40 41 42 43 44 48 49 52 53 54 55 56 57 58 59 60 61 62 63
23 3 7 9 10 11 17 20 22 24 26 31 32 33 36 37 44 45 48 51 52 53 57 62
30 1 6 8 9 10 12 13 14 16 17 22 25 26 27 30 33 37 38 39 40 42 43 44 47 48 52 53 58 59 60
20 5 6 7 13 14 16 19 20 22 23 24 25 28 40 44 49 51 52 53 63
30 2 4 7 9 11 12 14 15 16 19 21 27 28 34 35 37 40 42 46 47 48 49 51 52 54 55 56 59 60 62
23 1 3 5 11 13 15 17 19 23 27 28 32 33 39 40 41 46 48 49 51 52 53 57
26 2 5 8 13 17 18 23 24 30 32 33 35 36 37 39 41 45 47 51 53 55 56 58 59 60 63
20 1 2 4 9 12 13 16 17 22 25 32 33 40 47 53 54 57 58 59 63
32 2 3 4 5 7 8 9 13 14 15 16 17 19 20 21 22 25 26 27 34 35 38 39 41 42 44 50 51 55 58 60 61
42 1 6 7 8 10 11 12 14 15 17 18 19 21 22 23 24 25 26 27 28 29 30 31 35 36 37 41 42 44 45 46 47 48 50 51 52 53 54 55 57 59 60
31 1 2 9 11 12 14 16 17 18 20 22 23 25 27 28 30 32 34 36 37 43 48 49 50 51 55 56 57 60 61 63
52 64 65 66 67 68 69 70 71 72 73 74 75 76 77 78 79 80 81 82 83 84 85 86 87 88 89 90 91 92 93 94 95 96 97 98 99 100 101 102 103 104 105 106 107 108 109 110 111 112 113 114 115
17 64 67 68 70 77 88 90 93 94 98 99 101 105 106 107 108 110
16 64 67 68 74 77 82 86 92 94 95 100 103 105 109 112 113
26 65 67 72 73 76 78 79 80 86 87 89 91 92 93 94 96 98 100 101 102 103 105 106 108 110 113
30 64 65 67 71 72 74 76 77 78 81 82 87 89 90 91 92 94 95 96 97 98 99 100 101 106 109 110 111 112 113
40 64 66 67 68 69 70 71 72 73 74 75 76 77 78 79 80 81 87 88 89 90 91 93 94 95 96 97 98 99 102 104 105 106 108 109 110 111 112 113 115
23 64 66 68 69 70 71 72 73 75 76 81 85 86 88 89 91 96 98 101 102 105 109 113
16 64 66 77 81 84 88 91 93 97 98 101 103 105 110 111 112
25 64 66 67 72 73 74 75 76 77 78 80 82 83 85 88 89 90 93 98 99 100 101 106 109 111
27 64 66 68 70 72 75 76 79 80 82 84 85 86 87 89 90 91 95 96 98 103 104 106 108 110 112 113
28 66 67 69 72 74 75 77 78 81 84 85 86 89 90 91 93 97 99 101 102 103 106 107 110 112 113 114 115
30 64 66 67 68 70 71 78 81 82 83 85 87 88 90 91 93 95 96 97 98 100 101 102 103 105 107 109 110 113 115
40 66 67 68 69 70 71 74 75 76 78 79 82 83 84 85 86 87 88 89 90 91 93 95 96 97 98 99 101 102 103 104 105 106 107 109 110 111 113 114 115
28 65 67 70 71 73 74 75 76 78 80 82 84 85 86 87 88 92 93 95 98 99 101 102 106 108 110 112 113
23 64 66 68 69 78 80 81 82 84 85 87 88 91 93 98 100 102 104 107 108 110 111 112
30 64 65 69 72 75 76 79 80 81 82 84 86 90 92 94 95 97 98 100 101 102 103 106 107 108 109 110 111 113 114
32 68 69 70 72 73 74 75 77 78 79 80 83 86 87 88 91 92 93 94 95 97 99 100 101 102 107 108 109 110 111 113 114
36 67 68 69 71 72 73 74 75 76 77 78 81 83 84 86 87 88 90 91 93 95 97 98 99 100 101 102 104 105 107 110 111 112 113 114 115
29 66 67 69 70 72 73 74 77 78 81 83 84 85 88 89 91 94 97 98 105 106 107 108 110 111 112 113 114 115
25 116 117 118 119 120 121 122 123 124 125 126 127 128 129 130 131 132 133 134 135 136 137 138 139 140
10 118 120 122 124 125 130 135 136 137 139
15 116 117 118 119 120 121 123 124 126 128 131 132 134 135 137
11 118 121 123 126 128 129 131 133 135 138 140
15 118 119 120 121 122 124 125 129 132 134 136 137 138 139 140
18 116 117 118 119 120 122 123 124 126 127 131 132 133 134 136 138 139 140
13 116 118 119 120 123 126 128 129 131 132 134 136 140
7 119 121 122 124 128 136 137
13 117 120 122 127 128 130 131 134 136 137 138 139 140
18 116 117 118 119 120 121 122 125 128 130 131 132 133 135 136 137 138 140
10 119 120 124 127 129 130 134 136 137 138
11 117 118 121 125 127 128 129 132 133 137 138
9 116 120 121 122 128 130 134 136 139
19 117 119 120 122 123 125 126 127 129 130 132 133 134 135 136 137 138 139 140
14 118 119 120 121 124 125 127 128 130 131 132 135 138 139
7 119 120 122 124 128 135 139
19 117 118 119 120 123 125 126 127 128 129 131 132 133 134 135 136 137 138 140
16 116 117 118 120 121 123 126 127 128 129 130 132 134 136 138 139
15 116 117 118 119 120 121 124 125 126 130 133 136 137 139 140
9 117 119 123 124 126 127 137 139 140
19 116 117 120 122 123 124 125 126 128 129 130 131 132 134 135 137 138 139 140
10 122 124 125 126 128 134 135 138 139 140
10 117 118 120 125 127 128 129 130 133 135
8 121 122 128 129 133 134 139 140
16 116 117 118 119 120 123 125 127 129 131 132 133 134 137 139 140
12 116 119 120 121 122 124 127 129 132 133 134 138
19 116 118 119 120 121 122 123 125 126 127 129 130 131 132 133 137 138 139 140
16 116 117 118 120 124 125 128 130 132 133 135 136 137 138 139 140
18 117 118 119 120 121 123 124 125 127 129 131 132 134 135 136 137 138 139
17 117 118 119 120 121 124 127 128 129 131 132 133 134 135 136 137 140
11 116 117 119 124 127 128 132 133 135 137 138
8 117 121 124 126 127 135 137 139
17 118 120 121 122 123 124 125 127 128 129 130 131 134 137 138 139 140
10 124 125 126 127 128 129 134 138 139 140
11 116 119 122 124 125 126 127 128 133 135 138
7 120 121 126 127 130 137 139
12 116 119 120 121 123 127 128 130 131 132 133 136
12 116 118 120 121 127 128 130 133 134 137 139 140
16 117 120 121 122 123 126 127 128 129 130 131 133 135 136 137 140
17 116 119 120 122 123 124 125 126 127 128 131 132 133 134 137 138 139
18 116 117 118 119 120 122 123 125 128 129 130 131 132 133 134 135 136 140
18 117 118 119 120 122 123 126 127 128 130 131 132 133 134 136 137 138 140
9 117 118 120 125 131 132 133 135 140
13 116 117 118 119 120 125 126 127 130 131 132 137 139
17 116 118 119 120 121 122 124 125 126 127 130 132 133 135 136 138 140
18 117 118 119 120 121 124 125 127 129 130 132 133 134 135 136 138 139 140
8 117 121 127 131 136 137 139 140
10 117 120 123 131 132 134 135 136 137 138
11 116 118 119 124 126 127 133 134 135 137 138
16 117 119 123 124 125 126 128 129 130 131 134 135 136 137 138 139
19 116 117 118 119 121 122 125 126 127 129 130 131 132 133 134 135 136 138 139
9 117 121 122 125 126 133 135 137 138
11 118 121 124 125 130 131 134 136 137 139 140
8 116 118 120 123 126 128 131 137
18 117 118 119 120 121 122 125 126 127 128 130 131 132 133 136 137 138 140
8 144 145 153 157 163 171 172 175
12 148 152 154 156 158 159 160 162 168 169 172 173
14 141 144 146 147 150 153 154 156 157 159 160 167 168 170
11 144 145 148 150 152 163 166 167 168 169 174
8 150 152 153 156 160 161 165 167
19 141 144 145 146 147 150 151 155 156 157 158 160 161 162 164 168 169 171 173
22 141 144 145 148 149 152 154 155 156 157 158 160 162 163 164 166 171 172 173 174 175 176
4 152 170 174 176
4 143 148 153 165
9 142 149 154 159 163 166 167 172 175
13 141 143 145 149 152 157 158 162 164 165 167 175 176
12 142 144 148 150 151 153 154 155 162 163 172 175
15 141 143 144 149 150 160 161 162 164 165 166 168 171 173 174
9 148 149 152 156 158 162 166 173 174
13 141 147 148 149 154 155 159 160 161 163 165 166 175
24 141 142 143 144 145 146 147 148 150 154 156 158 159 160 161 162 163 164 167 168 171 172 173 174
7 148 152 153 161 163 167 172
4 153 157 170 174
1 161
10 142 144 147 150 156 160 166 168 171 172
4 149 150 151 171
10 150 151 152 154 156 159 162 163 166 167
13 143 146 147 149 158 160 165 168 170 171 172 173 174
8 145 152 153 154 155 161 166 167
15 141 142 143 144 146 147 149 156 160 162 163 164 166 167 174
11 145 146 149 151 154 155 160 164 171 173 176
21 141 142 143 145 148 152 153 156 158 160 161 162 163 165 166 167 168 172 173 174 175
7 141 142 144 148 157 161 176
17 141 143 144 146 147 148 151 153 154 158 161 162 163 170 171 172 174
10 142 144 147 148 149 151 153 155 157 158
29 141 142 143 144 145 146 147 148 149 150 152 153 154 155 157 158 159 160 162 163 164 165 167 168 170 173 174 175 176
15 141 146 148 149 157 160 162 164 165 168 171 172 173 174 175
10 157 159 160 161 165 166 167 168 170 176
15 144 146 147 149 150 151 154 155 157 159 164 169 170 171 176
7 151 156 161 166 169 171 172
13 146 148 151 153 154 155 159 161 163 169 170 173 174
2 144 156
10 141 143 145 148 149 155 160 161 167 172
11 141 147 148 155 159 160 162 163 165 166 169
9 142 143 149 155 161 163 165 167 176
11 141 144 145 146 147 150 151 164 166 171 175
8 151 155 158 164 171 172 175 176
7 142 147 151 154 167 168 169
25 144 145 146 147 148 151 152 155 156 157 158 159 160 163 165 166 167 168 169 170 171 173 174 175 176
21 145 148 150 151 152 153 154 155 157 158 159 161 165 168 169 170 171 172 173 175 176
14 142 143 146 147 150 151 153 159 161 165 167 168 169 170
11 147 151 152 154 156 157 163 167 169 172 176
5 142 143 164 169 170
10 141 142 143 149 150 153 154 162 164 172
12 149 151 152 153 155 157 165 166 169 170 175 176
32 141 143 144 145 147 148 149 150 151 152 153 154 155 156 157 158 159 160 161 162 164 165 166 167 168 169 170 171 172 173 174 176
15 143 152 154 156 159 162 164 166 167 168 169 170 171 173 175
26 142 144 146 147 150 151 152 153 154 156 157 158 159 162 163 164 165 166 168 169 170 171 173 174 175 176
12 141 143 146 150 155 159 160 161 164 165 170 176
16 141 142 143 147 150 157 158 159 162 165 166 168 169 170 174 175
6 145 153 155 164 169 175
5 146 150 160 163 174
4 142 146 163 175
12 141 149 151 154 157 158 160 166 170 173 175 176
10 142 145 146 148 153 155 158 159 170 175
11 145 151 152 153 158 162 167 172 173 174 176
14 141 144 145 146 149 151 158 159 163 164 168 172 174 176
6 149 151 156 171 172 173
10 141 146 153 155 159 161 162 170 175 176
13 142 143 144 147 150 151 156 158 159 163 169 170 176
5 142 147 162 166 169
14 142 143 145 148 149 152 161 162 163 165 166 169 173 174
7 141 146 149 152 156 158 173
9 143 148 154 155 157 170 171 173 175
19 142 145 149 150 152 155 156 157 159 160 164 165 166 167 168 169 173 175 176
9 142 143 147 154 157 158 160 164 165
7 144 146 150 156 157 168 171
7 143 145 147 164 169 171 174
3 146 161 173
18 142 143 144 145 152 153 154 156 157 158 164 167 168 170 172 174 175 176
6 141 145 161 165 172 176
24 142 143 144 145 146 147 148 150 152 153 155 156 159 161 162 163 164 165 167 168 169 171 172 174
2 143 165
4 143 164 171 174
2 166 169
6 143 145 147 164 171 174
8 141 155 159 160 162 165 166 169
3 142 163 175
8 141 143 146 150 155 159 160 164
4 142 164 169 170
14 141 145 148 152 153 156 158 161 163 165 167 168 173 174
12 142 143 144 153 156 157 167 168 170 172 174 175
5 150 153 156 161 165
3 152 174 176
5 150 166 167 168 174
6 154 157 158 170 173 175
6 141 145 148 149 160 167
4 141 144 157 161
4 150 152 156 160
23 141 142 143 145 146 147 153 154 155 157 158 159 162 163 164 165 167 168 170 173 174 175 176
11 141 144 145 147 150 151 158 160 164 168 169
20 141 143 144 145 146 147 148 150 154 156 158 159 161 163 164 167 168 172 173 174
8 146 150 155 159 160 161 164 165
2 146 173
7 143 149 150 153 162 164 172
3 143 148 165
2 157 174
8 145 152 153 162 167 172 173 174
5 148 149 158 162 174
7 141 143 150 153 154 164 172
18 142 143 144 145 147 150 152 153 155 156 159 161 165 167 168 169 172 174
18 141 142 144 145 146 148 149 150 152 153 163 164 165 167 168 170 174 176
7 144 145 153 163 171 172 175
7 142 154 159 163 166 167 172
10 142 143 144 147 150 156 163 169 170 176
18 141 143 145 148 152 153 156 158 161 162 163 166 167 168 172 173 174 175
6 148 154 156 158 168 172
17 141 143 144 146 148 149 150 155 157 158 160 163 165 168 173 175 176
7 156 158 159 162 168 172 173
5 148 152 163 167 172
4 142 143 158 165
8 142 144 147 151 153 155 157 158
5 145 148 149 161 167
11 143 144 145 154 156 157 164 168 170 172 175
6 149 154 158 160 175 176
12 141 145 152 156 157 160 162 166 171 172 173 176
4 142 143 160 165
5 147 150 156 166 171
9 141 143 150 160 161 164 165 173 174
9 142 143 144 147 156 159 169 170 176
13 141 148 149 157 160 162 164 165 168 171 172 174 175
4 145 152 153 166
13 143 145 153 154 156 157 158 168 170 172 174 175 176
16 145 148 150 152 153 154 157 158 159 161 165 168 171 172 173 175
7 141 144 162 164 166 168 174
4 149 151 171 173
7 148 161 163 165 166 169 174
2 146 161
10 149 151 152 153 165 166 169 170 175 176
12 141 143 144 149 150 160 162 164 165 168 171 174
6 154 159 162 163 166 167
11 141 143 145 149 152 157 162 164 165 167 175
12 142 143 144 146 147 149 156 160 162 163 164 167
8 145 146 147 151 164 166 171 175
12 144 146 147 151 154 155 159 164 169 170 171 176
10 144 147 149 150 151 155 159 164 169 171
16 144 145 146 148 151 152 155 157 160 163 168 169 171 173 175 176
3 147 162 166
8 146 147 160 165 168 170 172 174
6 141 144 145 147 150 164
3 142 162 166
2 147 162
7 142 144 147 150 166 168 171
12 141 142 143 144 146 147 156 162 164 166 167 174
8 142 147 162 165 168 169 170 175
5 143 145 149 161 172
2 146 161
4 151 158 164 176
6 141 146 149 156 158 173
3 153 157 170
14 141 145 150 151 155 156 157 158 160 162 164 168 169 173
3 157 168 171
13 142 145 149 150 152 155 157 159 164 169 173 175 176
12 142 143 144 145 154 156 158 167 170 172 174 175
8 142 143 149 155 161 163 165 167
6 144 146 150 156 157 171
5 148 152 161 163 167
8 145 151 152 153 158 162 167 172
12 141 143 147 150 157 159 162 165 166 168 169 175
1 144
8 141 144 146 159 164 168 172 176
5 145 152 153 154 161
9 142 143 152 161 162 165 166 169 174
17 144 145 152 154 155 156 158 160 162 163 164 171 172 173 174 175 176
4 153 171 172 175
4 142 149 163 167
2 157 170
11 144 145 152 153 156 157 158 167 170 172 175
10 148 152 156 158 160 162 168 169 172 173
3 143 148 153
11 141 144 145 149 151 158 159 164 168 172 174
13 141 146 148 149 157 160 162 165 168 171 172 173 175
2 142 143
2 142 175
7 141 144 146 147 160 168 170
4 144 157 163 171
12 141 146 148 149 157 160 164 168 171 172 173 175
5 142 147 151 167 169
3 145 164 175
8 141 143 148 155 160 161 167 172
3 151 171 173
6 141 160 166 170 173 176
11 141 147 148 149 154 155 159 160 161 165 175
5 152 154 156 163 172
2 147 169
9 145 151 152 153 162 172 173 174 176
8 152 155 157 165 166 169 170 175
8 143 148 154 155 157 170 171 173
14 142 143 146 150 152 153 155 156 161 162 163 164 165 167
10 149 151 153 157 165 166 169 170 175 176
11 143 145 148 149 152 161 162 163 165 166 169
5 149 156 166 173 174
5 141 143 145 155 161
10 141 148 149 157 160 162 164 165 172 173
9 142 144 148 153 154 155 162 172 175
5 142 150 154 164 172
12 145 149 150 152 155 157 160 165 166 169 175 176
9 144 149 150 154 155 157 169 171 176
8 141 145 148 149 155 160 161 167
2 150 163
7 149 154 159 166 167 172 175
6 141 145 146 147 164 175
5 141 142 148 157 176
8 145 152 158 162 167 172 173 174
25 141 142 143 145 146 147 148 149 150 152 154 155 157 159 160 162 163 164 165 167 168 173 174 175 176
6 148 154 156 159 160 173
5 141 145 165 172 176
5 144 147 150 171 172
6 154 158 160 166 173 176
7 142 144 150 156 160 166 171
8 147 148 155 159 162 165 166 169
9 148 152 154 158 159 160 162 169 173
9 152 153 158 162 167 172 173 174 176
2 142 175
4 142 143 169 170
13 141 143 144 160 161 162 164 165 166 168 171 173 174
9 141 145 157 158 162 164 165 167 175
11 142 143 144 150 151 156 158 163 169 170 176
4 142 147 157 158
7 158 162 167 172 173 174 176
8 149 151 154 158 160 166 170 176
9 144 147 150 151 158 159 163 169 170
6 142 143 147 154 158 164
2 163 174
7 144 149 150 154 159 164 176
1 144
11 141 146 147 151 153 158 161 163 170 172 174
7 159 160 161 165 166 168 176
4 152 153 165 167
3 165 172 176
10 141 146 148 157 160 165 168 171 172 174
10 143 146 147 149 160 168 170 171 172 174
8 143 144 147 160 164 166 167 174
8 141 150 155 159 161 165 170 176
7 143 147 150 167 168 169 170
13 142 145 150 152 155 156 157 159 160 165 166 169 173
2 151 171
11 142 143 145 148 149 152 162 163 165 166 173
8 141 143 148 149 155 161 167 172
1 144
7 141 147 148 160 162 163 169
11 142 143 144 149 156 160 162 163 164 166 174
9 141 144 145 146 147 151 164 166 175
5 141 142 144 148 157
2 142 143
12 142 147 150 157 158 159 162 168 169 170 174 175
7 141 142 147 164 166 167 174
14 145 148 150 151 152 157 158 161 169 170 171 172 173 175
7 144 152 163 166 167 168 174
8 141 143 145 152 157 158 162 167
4 151 169 171 172
5 142 149 153 157 158
1 144
19 141 142 143 144 145 146 147 148 150 156 158 159 160 162 163 171 172 173 174
1 156
5 146 149 152 156 173
10 148 152 156 158 160 162 168 169 172 173
16 141 143 145 148 152 156 158 160 161 162 163 165 167 172 173 174
2 146 174
3 149 171 173
6 144 147 150 164 166 175
7 143 144 150 162 164 165 171
7 148 156 160 162 168 169 173
3 143 153 165
4 142 159 166 172
5 144 146 150 156 168
8 141 145 152 157 158 165 167 175
3 151 167 168
9 146 149 158 160 168 170 171 172 173
5 142 146 153 170 175
5 145 151 158 162 173
17 141 145 149 152 154 155 156 157 158 160 162 164 172 173 174 175 176
8 141 144 146 147 150 151 164 175
2 152 170
7 149 160 162 164 165 166 171
5 141 144 157 161 176
9 143 145 156 158 164 168 172 174 175
13 148 150 153 156 159 161 162 164 165 167 168 169 174
6 154 156 158 160 169 173
10 146 151 153 154 155 159 161 169 170 174
2 153 165
6 145 152 153 155 166 167
11 145 148 150 151 154 157 158 159 161 165 170
4 142 147 166 169
9 146 151 154 155 160 164 171 173 176
7 159 160 162 163 165 166 169
7 142 143 147 154 158 160 164
12 141 143 147 157 159 162 165 166 168 170 174 175
6 151 157 158 160 170 175
6 142 146 153 155 158 170
9 145 146 149 151 158 163 164 174 176
8 144 145 147 151 164 166 171 175
4 146 160 163 174
6 141 142 148 157 161 176
9 145 146 151 155 160 164 171 173 176
7 147 151 154 156 163 167 172
2 149 150
6 143 147 164 169 171 174
7 142 148 163 165 166 173 174
8 143 145 148 152 163 165 166 173
7 143 148 165 166 169 173 174
8 141 143 161 162 165 166 168 174
2 149 150
3 161 165 176
9 141 144 145 146 150 151 166 171 175
15 144 147 153 154 156 158 159 162 168 169 170 171 174 175 176
7 150 151 152 154 156 162 163
19 141 142 143 144 145 146 147 148 150 154 156 159 162 163 167 168 171 173 174
2 142 147
11 144 145 149 154 155 156 158 162 171 172 175
6 145 150 163 167 168 174
6 142 145 153 155 159 175
5 143 148 157 171 173
6 143 154 158 160 164 165
9 148 152 154 156 158 160 169 172 173
5 146 150 156 157 171
4 143 145 169 174
7 152 156 164 166 167 168 173
7 154 159 161 163 170 173 174
8 144 148 149 151 153 155 157 158
9 147 150 154 155 159 164 170 171 176
8 143 146 150 151 153 168 169 170
4 149 151 156 171
7 145 151 154 160 171 173 176
9 141 144 145 146 151 158 164 168 172
4 149 156 171 172
9 143 156 159 164 167 168 170 171 173
10 142 144 147 150 156 158 159 163 169 176
6 143 154 157 158 160 164
7 146 147 150 159 161 167 170
11 142 146 148 150 160 161 163 166 170 172 173
13 142 145 146 149 150 152 153 159 160 164 166 167 176
14 141 142 143 144 148 149 150 151 156 164 166 169 172 176
21 141 143 146 148 150 153 156 159 160 161 162 165 167 168 169 170 171 172 174 175 176
18 142 143 146 147 149 151 153 158 159 160 161 162 163 164 167 168 172 176
17 141 142 143 145 152 153 158 159 160 161 166 167 168 169 173 174 176
14 142 146 148 149 151 153 154 164 165 168 169 170 172 174
21 141 144 146 148 150 152 153 155 156 157 158 162 163 164 168 169 170 172 173 175 176
18 141 143 144 146 147 148 149 151 158 159 161 162 168 170 171 172 174 175
24 141 142 143 144 146 147 148 150 153 154 155 157 158 160 161 163 164 166 168 169 172 173 174 175
20 142 143 145 146 147 148 149 155 156 157 159 160 163 164 165 166 167 170 171 175
17 141 146 149 152 153 154 155 156 160 166 168 169 171 172 173 174 175
15 148 149 150 151 152 156 159 160 162 165 166 169 172 174 176
19 144 149 152 157 159 160 161 162 163 164 166 167 168 169 171 172 173 174 175
17 143 144 146 147 148 149 150 153 154 155 157 164 166 167 168 169 176
20 141 144 146 147 149 152 153 154 155 156 158 160 165 166 167 169 173 174 175 176
17 143 144 146 147 148 154 155 157 158 165 166 169 170 173 174 175 176
15 141 142 144 148 149 150 152 156 157 163 164 166 167 173 176
16 143 144 155 157 158 163 164 165 166 167 170 171 173 174 175 176
15 141 143 145 146 147 150 151 153 156 157 158 161 171 172 173
15 149 150 153 155 156 160 162 166 170 171 172 173 174 175 176
24 141 142 143 144 147 148 149 150 152 153 154 159 160 162 163 164 166 168 169 171 172 173 174 175
19 146 150 151 152 153 155 156 158 159 160 161 162 163 168 169 170 172 173 175
21 141 142 145 146 147 148 149 151 152 153 154 158 160 162 164 168 169 172 174 175 176
13 141 143 148 149 154 157 159 160 161 162 166 167 176
22 141 142 144 145 147 149 150 151 153 154 156 160 163 164 165 166 168 169 170 171 173 175
15 141 143 144 146 149 153 158 159 163 166 168 169 171 172 174
20 142 143 144 147 148 152 153 154 155 156 157 159 160 163 165 167 168 173 174 175
24 141 142 143 146 147 148 150 151 152 153 154 156 157 158 159 160 162 165 166 171 173 174 175 176
12 145 146 148 151 152 153 154 156 159 161 165 174
16 141 146 147 149 151 153 154 157 159 161 165 166 168 169 175 176
18 142 144 146 147 148 151 152 154 156 157 159 160 162 163 164 166 168 174
14 145 146 147 148 152 155 159 161 162 165 166 168 170 176
17 141 149 151 152 153 157 158 159 160 161 162 163 165 169 170 172 175
11 147 150 152 154 155 156 164 166 169 173 175
12 144 145 146 147 150 151 157 159 160 167 169 176
24 141 142 144 145 146 147 148 150 151 153 154 155 157 159 160 161 162 164 165 166 168 170 173 176
22 141 143 144 145 146 147 150 153 154 155 158 160 162 163 164 165 166 167 168 170 171 176
16 143 145 146 147 149 151 154 157 158 159 160 161 164 168 169 175
13 144 145 146 147 148 149 157 161 164 165 167 168 175
10 141 142 143 145 146 148 151 155 161 175
21 141 142 145 150 151 152 154 155 156 159 161 162 163 165 166 167 170 172 174 175 176
17 142 144 146 147 149 151 153 154 155 157 161 164 165 167 171 174 175
14 141 142 149 151 152 155 157 162 163 166 168 170 174 176
23 141 142 144 145 146 148 149 150 153 155 156 158 160 161 162 164 165 167 168 171 173 174 176
24 141 143 145 146 147 149 150 151 152 153 154 155 157 158 162 163 165 167 168 169 170 171 174 176
14 141 142 143 148 149 154 158 160 164 167 168 169 170 175
21 141 142 145 146 147 149 152 155 156 159 164 165 166 167 169 170 171 172 173 175 176
22 141 142 143 145 149 150 151 152 153 157 159 162 164 165 166 167 168 169 170 171 172 175
22 141 142 144 145 147 149 150 151 152 153 154 158 159 161 164 165 166 168 170 171 172 174
24 141 142 143 144 147 151 152 154 156 157 158 159 161 162 163 164 167 168 169 170 172 173 174 175
12 141 142 147 151 154 156 158 163 164 170 171 174
17 142 147 148 150 152 153 158 159 160 163 164 166 169 170 172 173 175
23 141 142 143 144 145 148 152 154 155 157 158 159 161 163 164 166 167 168 171 173 174 175 176
20 142 143 144 146 147 148 150 151 153 155 159 161 162 164 168 170 172 173 175 176
15 145 147 149 152 155 160 162 163 164 165 166 167 168 171 173
17 143 147 149 151 152 153 155 156 159 164 165 169 170 171 173 175 176
24 141 142 144 145 146 147 149 150 151 152 155 157 158 160 161 162 163 166 167 169 170 172 174 175
15 141 142 144 154 155 157 161 162 163 164 167 169 170 172 174
16 141 143 145 146 147 152 155 157 159 161 165 166 169 170 172 173
15 141 144 145 147 149 151 153 154 157 162 169 171 174 175 176
15 141 142 144 145 148 149 153 154 158 160 162 163 169 171 173
19 142 145 148 149 151 152 153 155 157 161 163 164 166 167 169 170 171 172 173
22 142 144 148 149 150 151 152 154 155 158 159 160 161 162 163 164 165 166 168 170 171 173
21 143 144 145 148 150 151 152 153 160 162 163 164 165 166 167 168 170 171 172 173 174
15 141 142 148 150 155 157 158 159 162 163 167 168 170 174 176
16 141 145 150 153 155 156 159 161 164 165 166 168 170 172 173 175
11 146 148 149 152 158 159 161 165 167 174 175
18 141 142 143 144 145 147 148 150 151 153 157 158 162 164 165 171 173 174
25 141 142 143 144 146 147 148 150 151 153 156 157 158 159 160 161 162 163 164 167 168 169 174 175 176
24 141 142 144 147 148 149 150 152 153 154 155 156 157 159 161 163 166 167 168 169 171 172 173 176
14 144 146 147 149 154 158 159 161 164 165 172 173 174 176
23 141 142 143 145 146 147 148 151 152 153 154 156 158 159 163 164 165 167 170 173 174 175 176
19 142 145 146 148 149 155 158 159 160 161 162 164 165 167 168 171 172 173 174
16 144 147 150 153 154 156 158 161 162 164 165 166 170 171 173 176
13 142 146 148 153 155 157 161 166 167 168 169 170 173
18 141 144 149 150 151 152 154 155 156 160 163 165 166 170 171 172 175 176
15 141 147 153 154 155 156 158 161 162 166 167 168 169 171 173
12 144 148 150 154 155 157 160 161 164 165 174 176
15 144 147 148 149 152 156 161 163 164 165 166 167 169 175 176
11 141 143 146 147 151 158 162 163 171 172 175
12 148 149 150 154 155 156 157 161 164 166 168 172
20 142 143 145 147 148 150 152 154 157 159 160 161 163 165 169 170 171 172 173 174
17 141 143 144 145 149 150 151 152 154 155 158 162 163 169 173 174 175
16 141 142 143 144 150 153 158 162 163 164 166 167 172 173 174 176
19 141 142 144 145 146 150 151 153 156 157 159 165 167 168 169 170 172 174 176
23 141 142 146 150 151 152 153 155 157 158 159 160 162 163 164 165 166 167 169 170 172 175 176
12 141 144 148 152 154 156 157 158 160 161 162 165
13 141 142 145 146 149 151 154 156 161 164 171 172 175
16 144 148 151 152 153 156 158 159 160 162 168 169 171 173 175 176
21 141 143 145 147 150 151 152 153 154 157 158 159 160 163 164 166 167 168 170 172 176
15 143 145 149 150 151 152 155 157 161 165 166 167 171 174 176
19 141 144 145 146 148 151 153 154 158 159 160 161 162 164 168 170 171 173 174
21 141 142 143 144 146 147 148 149 152 154 155 161 163 164 165 167 170 171 172 173 175
17 149 152 154 157 160 161 163 164 165 166 167 168 169 170 171 172 174
15 141 142 144 146 150 153 154 156 163 165 166 167 170 174 176
12 144 145 147 149 153 155 160 164 165 169 173 175
14 141 144 145 146 148 149 150 153 162 165 166 169 170 172
16 142 147 150 152 153 157 158 160 163 164 165 166 167 170 172 176
11 147 148 150 154 161 162 165 167 169 170 176
17 146 147 148 152 154 156 158 159 162 163 164 166 170 172 173 174 175
21 141 142 144 149 150 154 158 159 160 161 162 163 165 168 169 170 172 173 174 175 176
11 141 151 152 154 155 157 158 161 162 167 175
11 142 143 150 151 158 161 166 167 169 171 172
13 142 145 147 148 156 160 161 164 168 171 172 174 176
23 142 143 144 145 147 148 149 150 152 153 154 155 157 161 162 163 165 167 168 169 170 172 173
11 142 145 150 158 159 161 164 166 167 169 172
11 148 151 153 156 161 163 164 169 174 175 176
24 142 144 145 147 148 149 150 151 154 156 157 159 163 165 166 167 169 170 171 172 173 174 175 176
18 141 142 145 149 151 155 157 158 159 161 162 164 165 167 168 172 174 176
13 141 147 149 152 154 157 159 162 163 164 169 172 176
15 141 142 146 149 151 152 154 160 162 163 164 169 170 171 176
23 141 142 144 146 147 149 150 151 152 154 155 158 159 160 163 164 165 166 169 173 174 175 176
23 142 143 144 146 147 150 151 152 153 156 158 159 162 163 164 165 166 167 171 172 173 175 176
13 141 147 149 152 153 158 159 161 166 172 173 174 176
11 144 149 150 152 157 159 163 164 169 170 174
18 144 145 149 152 155 157 159 160 161 162 165 166 167 169 170 174 175 176
16 141 142 144 145 146 147 151 154 160 163 165 169 172 173 174 175
21 142 143 144 148 150 151 153 157 158 159 161 162 163 164 168 169 170 171 172 173 174
10 141 142 147 152 161 162 164 169 174 175
17 142 144 145 146 147 152 153 155 157 158 161 165 167 169 170 172 176
14 141 142 143 145 148 149 155 157 158 163 164 165 174 175
15 143 144 145 146 148 149 152 155 157 161 162 164 166 169 175
21 142 145 146 149 150 152 155 156 157 158 159 161 165 166 167 168 170 171 172 173 174
24 141 142 143 145 146 147 148 149 150 152 154 155 156 159 162 163 165 166 167 170 171 172 173 174
23 142 143 145 146 147 148 149 150 151 152 153 154 155 156 157 158 160 167 168 170 173 174 176
17 142 143 144 146 149 152 153 156 158 159 162 163 165 168 169 171 175
11 143 146 147 149 155 156 157 161 172 174 176
14 141 142 146 149 151 154 155 157 160 161 163 166 167 169
20 141 142 143 144 146 147 149 150 151 152 153 158 160 161 162 167 169 173 174 176
13 142 145 146 148 151 156 157 159 166 168 170 174 175
16 142 144 146 147 148 154 157 160 164 166 167 168 170 172 174 176
22 141 142 143 146 147 148 150 153 157 158 160 161 163 164 165 169 170 171 173 174 175 176
12 141 143 144 145 146 150 155 156 169 171 173 175
11 141 143 146 156 159 163 164 165 166 173 174
22 141 142 143 144 146 148 149 151 152 154 158 161 163 166 167 168 169 171 172 174 175 176
15 141 142 147 148 152 154 155 158 162 164 165 167 168 171 174
14 142 150 151 152 155 156 157 159 161 162 171 173 174 176
21 142 143 145 146 147 148 149 150 151 156 158 159 160 164 165 166 168 169 171 172 175
14 144 146 149 151 155 157 158 164 165 167 170 171 172 175
20 141 142 143 144 148 150 151 152 153 157 158 162 164 165 166 168 169 170 174 175
19 141 142 144 145 148 149 151 152 153 154 156 159 160 164 167 172 173 175 176
17 142 144 147 149 150 151 152 155 159 162 164 165 166 168 169 170 172
19 142 143 144 145 148 150 152 155 157 158 160 162 163 166 167 168 172 174 176
18 144 145 147 149 150 151 152 154 155 160 161 162 166 168 169 170 172 173
12 143 149 150 151 155 163 166 168 170 171 172 175
11 142 149 152 153 154 155 160 164 168 172 175
23 142 143 145 146 147 148 149 151 152 154 155 156 158 160 162 163 164 168 170 172 173 175 176
11 144 145 147 149 150 156 164 168 169 171 175
14 141 143 144 145 148 153 156 157 158 164 167 169 170 172
15 142 145 151 155 156 159 162 163 164 166 167 168 170 173 175
14 141 142 146 152 154 156 159 160 161 164 171 172 174 176
19 142 143 146 151 152 155 156 157 158 159 161 163 167 168 169 170 173 174 175
19 143 144 146 147 151 153 156 157 159 161 162 163 164 166 167 168 169 171 175
23 141 143 144 145 146 148 151 152 153 156 157 158 159 161 162 163 164 165 166 168 169 171 173
21 143 144 145 148 149 150 151 152 153 155 157 158 161 164 165 168 170 171 172 173 175
13 147 151 152 155 156 157 158 160 163 166 172 173 176
24 142 144 147 148 150 151 152 153 154 156 157 159 161 163 164 165 166 167 168 169 170 172 174 176
24 142 143 145 146 147 148 149 150 151 153 155 158 159 160 161 162 163 164 165 167 168 170 172 176
22 141 142 143 144 145 146 147 149 151 154 156 159 162 164 166 167 168 170 171 172 173 175
16 141 145 146 147 148 149 150 155 160 161 162 167 170 172 173 174
19 141 143 144 145 146 147 148 150 152 153 155 158 159 160 161 162 165 171 176
16 142 144 145 147 149 151 155 157 160 161 163 165 166 167 172 173
11 145 146 148 150 152 155 158 159 165 167 175
20 141 142 143 144 148 151 152 154 155 156 157 158 160 161 164 165 169 171 173 176
22 143 145 147 148 149 151 152 155 156 157 160 163 164 165 166 167 168 169 170 171 175 176
22 141 143 146 148 151 152 153 154 155 156 157 158 159 160 162 164 165 167 169 170 172 173
19 141 142 145 147 148 150 154 155 156 159 160 162 163 164 165 166 167 174 175
12 142 144 147 154 159 164 166 167 169 174 175 176
18 141 143 144 146 148 149 151 154 155 157 158 160 161 162 163 167 169 176
11 145 149 150 151 152 156 161 165 166 167 169
16 142 143 144 150 151 152 157 158 159 161 163 164 165 169 170 173
19 143 144 145 146 148 155 156 157 158 159 160 161 162 165 166 170 171 172 173
19 141 145 146 147 148 152 153 154 155 157 158 159 160 162 164 165 166 167 175
16 143 144 146 147 150 151 159 161 163 164 166 169 170 173 174 175
20 143 144 146 147 149 154 155 157 158 159 161 162 165 166 167 168 169 173 175 176
20 141 147 151 153 154 155 156 157 158 160 161 163 164 166 167 168 169 172 174 175
13 149 150 151 152 157 158 159 161 163 166 168 171 174
11 149 152 155 159 161 163 165 171 172 173 174
20 142 143 144 149 151 152 153 154 156 157 158 160 166 169 171 172 173 174 175 176
20 143 146 148 149 150 151 153 157 158 159 161 163 164 165 166 167 168 169 174 176
21 141 142 143 146 147 148 149 150 151 152 153 154 156 157 161 163 169 170 172 173 176
15 141 142 145 147 148 149 150 152 154 161 166 168 170 172 175
24 142 143 144 147 148 149 150 152 153 155 156 158 161 162 164 165 166 167 170 171 172 174 175 176
15 142 145 148 149 153 156 159 160 163 167 169 170 171 172 173
21 141 143 144 145 146 148 150 151 152 153 154 156 159 161 162 165 166 169 172 175 176
13 141 144 146 148 150 153 159 161 162 163 167 169 172
14 143 147 151 155 156 159 163 165 166 168 170 171 172 173
13 141 142 147 149 153 157 158 161 163 164 166 168 176
25 141 143 146 147 148 150 151 152 153 154 155 156 157 158 159 160 161 163 164 165 166 169 170 171 175
15 142 143 145 149 155 156 158 162 163 165 166 168 170 174 176
23 142 143 144 145 148 149 150 152 153 157 159 160 162 163 165 167 169 170 171 172 173 174 176
12 141 142 146 147 160 162 164 168 169 171 174 175
23 141 142 143 144 145 146 147 149 151 152 154 156 158 160 161 162 165 166 167 168 171 172 173
19 142 143 145 147 148 149 155 156 160 161 162 163 164 168 169 170 171 173 175
19 141 144 148 150 152 153 155 157 158 159 160 161 162 163 164 165 166 171 175
22 142 143 144 146 147 149 151 152 153 154 155 156 157 158 159 160 163 165 166 167 170 174
23 142 145 147 148 149 150 151 153 155 156 157 158 159 163 164 165 168 169 172 173 174 175 176
24 142 143 144 145 146 147 149 150 152 153 156 157 158 160 162 164 165 166 167 169 170 171 172 175
14 141 142 152 156 157 160 163 164 168 170 172 173 174 176
13 142 143 146 149 152 155 157 160 162 166 170 171 173
23 141 144 145 146 147 149 150 152 153 154 155 159 160 162 163 165 166 168 170 171 174 175 176
16 142 144 145 148 149 150 152 155 156 157 159 160 163 166 168 169
12 142 144 145 147 149 151 159 164 166 167 174 175
16 141 145 147 152 155 161 162 163 164 167 168 170 171 172 175 176
23 141 144 145 146 147 148 149 150 151 152 155 156 159 160 161 164 166 167 168 172 173 175 176
15 141 144 146 147 153 154 155 157 161 162 164 167 172 173 176
11 143 150 156 159 160 162 166 167 169 172 175
17 141 142 145 146 147 150 157 159 160 161 162 167 169 170 172 173 175
23 141 142 143 146 147 150 151 152 153 156 157 158 159 160 162 163 164 165 167 169 172 174 175
13 141 148 149 151 153 155 160 162 165 166 168 172 173
23 141 142 145 146 149 152 153 155 156 157 159 160 162 163 165 166 167 169 171 172 174 175 176
23 141 142 143 144 147 148 149 150 151 152 153 156 159 161 166 167 168 169 170 172 174 175 176
21 142 143 144 145 146 147 148 149 150 155 158 160 162 163 164 165 168 172 174 175 176
12 149 154 155 156 163 164 165 168 170 171 172 175
13 144 145 150 151 154 156 158 159 160 161 162 169 173
24 141 142 144 145 147 149 150 151 152 153 154 155 159 160 164 165 166 168 170 171 172 174 175 176
11 143 149 152 155 160 165 167 168 169 172 176
21 141 142 143 145 146 147 148 149 150 153 156 159 160 161 163 165 166 168 169 172 176
23 142 143 144 145 146 147 149 151 152 154 155 156 157 158 159 160 162 164 165 168 170 172 175
19 144 146 147 150 152 153 154 155 156 158 160 161 162 165 167 169 173 175 176
19 148 150 152 153 155 156 158 159 160 161 164 165 168 169 170 171 173 174 176
11 144 145 147 148 149 158 159 164 166 169 175
16 142 143 144 148 150 153 154 157 161 162 164 167 170 171 172 175
11 142 144 151 159 163 165 166 170 174 175 176
20 141 142 145 148 149 150 153 154 155 156 157 161 163 166 167 168 170 171 174 175
21 141 142 144 145 146 149 151 152 153 155 158 161 165 166 167 168 170 173 174 175 176
24 141 143 146 151 152 153 155 156 157 158 159 160 161 162 163 164 165 166 167 168 169 170 171 172
23 141 143 145 146 147 149 151 153 154 155 156 157 162 163 165 166 168 169 171 172 173 174 175
15 142 146 147 149 152 157 158 161 163 166 168 170 172 173 175
20 141 142 145 146 147 148 154 158 160 164 167 168 169 170 171 172 173 174 175 176
21 142 143 144 147 148 149 151 153 154 155 156 162 163 164 166 167 168 169 171 172 175
24 141 142 144 145 147 148 149 151 153 154 155 156 157 160 161 166 167 168 170 171 172 174 175 176
13 143 150 152 153 156 159 160 162 165 167 172 173 175
12 141 143 145 146 154 156 158 160 164 169 174 176
15 142 146 149 151 152 153 155 160 163 164 166 167 168 169 171
16 141 143 146 149 150 151 160 163 166 167 169 170 172 173 174 175
21 141 142 145 146 147 148 150 151 159 161 162 165 166 167 168 169 170 171 172 174 176
17 142 144 145 146 149 150 153 154 155 159 161 162 164 168 169 171 176
10 142 144 146 148 154 155 161 163 166 169
19 141 142 143 144 145 150 153 154 158 160 164 166 167 170 171 173 174 175 176
11 146 149 151 152 154 157 163 166 170 172 175
21 142 143 144 146 148 149 152 155 156 157 159 161 164 167 168 169 170 171 172 174 175
12 142 143 144 146 147 154 159 162 166 168 173 175
21 141 143 144 146 147 150 152 153 156 160 161 162 165 166 167 170 171 173 174 175 176
11 141 147 152 161 165 166 167 168 169 171 172
20 141 142 144 147 150 151 153 154 155 158 159 160 161 163 166 167 168 171 175 176
16 141 142 147 148 150 154 157 158 162 164 167 168 169 170 171 174
11 144 150 151 153 155 158 169 170 171 172 173
19 141 142 143 144 145 146 148 151 156 159 160 163 164 166 168 171 173 174 176
12 142 143 148 151 160 161 163 166 167 170 171 173
10 141 143 145 151 158 169 171 172 173 175
18 141 147 150 152 153 155 158 159 162 163 164 166 167 168 171 172 173 175
13 146 148 152 154 155 156 160 163 165 167 169 170 176
22 141 142 143 145 146 148 150 154 155 157 158 161 164 165 166 167 168 170 172 173 174 175
18 144 145 146 147 149 150 154 158 159 160 161 162 163 166 168 169 172 174
24 142 144 145 146 147 148 149 151 153 154 155 156 157 159 161 162 163 164 165 168 171 172 175 176
21 141 142 143 144 145 150 151 152 153 159 162 164 165 166 168 170 171 172 173 175 176
20 141 143 144 145 146 148 149 150 156 158 161 162 163 165 167 169 171 172 173 176
19 141 142 144 148 150 154 155 158 159 160 161 162 163 164 167 169 172 174 175
11 142 143 147 149 151 156 159 166 173 175 176
24 141 142 146 148 149 150 151 152 153 154 156 158 159 161 162 163 164 165 167 169 170 171 175 176
30 177 182 184 186 188 189 194 197 200 201 206 207 210 211 212 214 216 219 220 222 223 224 226 228 229 231 233 238 239 247
35 178 182 183 185 186 187 188 193 194 199 201 203 205 206 207 208 209 210 211 213 214 215 216 218 219 220 221 222 227 229 231 234 238 240 245
28 180 181 182 186 188 189 190 192 193 197 198 202 208 213 215 218 219 221 223 224 229 230 232 233 235 237 245 248
13 178 182 183 187 189 196 203 218 221 230 242 245 246
18 179 188 192 203 204 208 211 212 214 220 221 224 231 232 237 243 245 248
20 181 182 186 189 191 193 200 205 207 209 210 215 218 219 222 223 225 229 246 247
15 178 183 188 191 192 196 201 203 222 223 225 227 237 241 248
10 194 195 210 211 216 220 231 236 244 247
22 179 180 181 182 188 194 197 198 199 202 203 208 212 214 222 226 232 234 237 239 240 245
24 180 181 185 186 193 194 197 206 212 216 221 225 226 227 228 230 232 233 235 238 239 240 243 247
38 179 180 181 184 185 190 191 192 195 197 198 199 200 207 209 210 212 213 214 216 217 218 219 222 224 225 232 235 236 237 239 240 243 244 245 246 247 248
13 181 195 196 197 204 207 212 214 218 225 234 238 240
20 182 184 187 190 194 197 202 204 206 210 212 213 221 231 233 234 238 239 246 247
34 179 180 184 185 187 188 189 190 192 194 195 201 203 205 206 209 210 212 213 214 215 216 217 218 220 225 229 232 233 236 241 243 246 248
31 177 178 181 182 183 187 190 191 193 194 198 199 202 206 207 209 211 214 221 224 225 226 227 229 230 232 235 240 242 244 246
23 180 183 184 185 187 189 193 195 196 197 202 204 208 213 214 220 223 226 229 231 234 237 242
36 177 180 181 185 186 189 191 192 194 196 197 199 200 201 202 204 208 209 210 211 213 216 217 219 222 223 227 228 232 236 237 239 241 244 246 247
36 177 178 180 181 182 189 190 191 193 194 195 197 199 201 206 208 217 218 219 220 221 223 226 227 228 233 234 235 236 238 239 240 242 243 247 248
16 178 183 184 186 196 197 203 205 209 223 228 230 232 234 242 243
12 188 192 195 201 204 211 217 227 234 236 240 243
25 178 180 181 184 185 187 188 191 197 199 203 204 205 211 216 219 220 225 228 230 240 241 242 244 246
37 177 179 180 181 184 189 190 191 192 195 196 197 198 200 202 204 212 217 223 224 225 226 228 230 232 233 235 236 237 239 241 242 243 244 246 247 248
16 178 179 185 188 190 194 197 199 203 208 211 213 222 223 229 233
21 177 180 185 186 189 193 198 199 207 209 215 216 219 224 226 230 235 240 242 243 245
39 177 178 179 180 181 182 183 184 185 186 190 191 192 195 197 200 202 203 208 210 218 219 221 222 223 227 228 229 230 233 235 236 237 238 240 243 244 245 247
25 177 178 182 184 188 189 194 199 201 202 210 211 214 215 216 219 225 226 233 236 238 241 242 244 246
16 179 180 185 186 188 192 203 204 208 215 216 218 222 236 239 248
30 177 183 186 188 190 191 195 198 199 204 205 209 210 214 215 220 223 225 227 228 230 234 236 237 240 241 242 244 245 246
18 178 182 200 206 209 212 218 221 224 227 230 235 236 238 240 241 245 248
16 179 181 195 200 205 208 211 214 217 218 220 228 229 232 236 244
15 183 185 187 190 194 197 202 217 226 227 228 236 239 240 242
21 177 181 184 191 192 193 195 201 205 207 214 220 221 224 230 239 240 241 246 247 248
24 180 181 185 194 197 198 199 200 206 207 208 209 210 213 215 216 222 223 226 231 232 238 239 248
21 177 178 182 185 186 199 200 202 203 204 212 213 224 225 228 229 231 232 245 247 248
18 178 180 183 185 196 198 199 202 209 213 215 232 234 235 236 241 243 245
20 178 179 182 183 184 195 198 206 207 214 215 220 226 229 230 231 233 234 242 245
17 186 193 194 196 206 209 212 215 223 226 231 232 233 234 239 245 248
35 177 179 181 182 185 187 190 191 199 201 204 209 210 211 212 214 215 218 222 223 224 225 227 232 234 237 238 239 240 241 242 243 244 245 248
14 177 181 182 183 188 191 195 198 206 209 225 226 239 245
11 178 183 184 185 196 199 204 222 228 239 240
22 177 178 185 195 196 200 201 204 206 207 209 215 216 217 219 220 225 227 229 235 236 246
16 187 188 190 193 203 205 212 218 221 224 225 235 238 240 243 248
18 183 186 187 189 198 210 212 215 217 225 227 228 231 234 236 242 243 245
25 177 179 181 182 190 191 202 207 214 217 218 219 220 222 225 226 227 231 240 241 244 245 246 247 248
36 179 183 184 185 186 187 188 192 196 198 200 202 203 204 205 207 209 210 211 212 213 214 215 216 222 224 225 229 230 231 232 237 241 244 245 246
47 179 180 181 183 185 186 187 190 191 192 193 195 196 197 198 200 203 204 205 206 207 208 209 212 213 217 218 220 221 222 223 224 227 228 229 230 231 232 234 235 237 239 240 243 245 247 248
22 178 187 188 191 194 199 205 206 215 216 217 224 226 227 231 232 233 237 239 243 244 245
31 177 179 181 186 188 190 191 192 194 198 199 201 203 205 207 210 211 215 216 217 219 222 225 228 232 233 239 243 244 246 247
11 183 205 211 213 223 224 231 233 241 243 248
15 180 189 192 193 194 195 198 199 204 212 213 215 216 229 238
25 180 184 189 193 194 201 202 205 207 213 214 215 216 218 221 222 224 228 231 234 235 238 240 244 246
17 180 185 186 192 193 203 219 220 222 223 228 229 235 241 242 246 248
24 179 181 187 190 191 192 193 195 203 204 205 208 217 218 221 225 227 230 237 240 242 244 246 248
23 177 179 187 191 200 201 203 205 206 207 209 212 214 217 225 226 227 234 238 241 242 243 246
48 177 178 179 182 183 184 187 188 189 190 191 192 195 196 198 199 200 201 202 203 204 205 207 208 209 210 211 213 214 215 217 218 219 220 222 223 224 229 231 234 236 237 241 242 244 245 246 248
17 180 182 196 200 202 204 206 209 216 218 219 226 232 235 237 238 244
11 186 187 205 206 208 215 221 223 226 228 234
12 178 190 197 199 208 211 219 220 223 230 232 236
16 179 182 184 185 187 196 200 203 206 216 233 235 238 239 247 248
43 177 179 185 187 189 190 193 195 196 198 199 201 205 207 209 210 213 214 215 216 217 218 219 222 225 226 227 229 230 233 234 235 236 238 239 240 241 242 243 245 246 247 248
25 184 189 195 196 197 200 201 205 210 212 213 217 219 220 223 228 231 233 234 237 238 241 243 245 247
30 177 179 182 183 189 190 192 195 198 200 201 202 207 208 210 213 214 217 218 221 222 224 227 229 235 236 237 238 243 247
7 189 192 193 202 224 226 229
29 178 180 181 182 183 184 186 188 191 192 194 197 200 202 203 204 206 208 211 212 220 221 223 224 228 231 232 237 244
19 178 180 181 194 197 201 207 208 211 212 213 217 218 219 221 222 231 232 243
14 182 183 189 193 194 196 204 227 229 230 231 238 241 242
21 179 185 186 187 192 196 200 203 204 210 212 217 227 229 233 237 241 242 243 247 248
16 185 187 188 200 201 206 208 210 211 221 224 233 235 236 237 239
19 177 178 180 184 195 196 198 199 201 206 213 216 230 233 234 235 238 241 244
51 179 180 181 183 184 187 188 189 190 191 192 193 194 195 196 197 198 201 205 206 207 208 209 210 211 214 215 216 217 218 219 220 221 222 223 226 227 230 233 234 235 236 237 238 239 240 241 242 243 244 246
38 177 178 181 182 183 186 191 193 196 197 198 199 200 202 204 207 208 211 219 221 222 223 224 226 227 228 230 231 234 235 237 238 239 240 242 244 245 247
17 184 186 187 189 190 191 192 193 210 218 221 228 230 238 242 244 247
15 188 189 193 196 204 209 212 217 224 225 226 234 241 246 248
23 177 179 184 186 190 191 193 202 205 212 214 219 220 224 225 228 229 233 235 237 241 244 247
37 178 180 183 184 186 188 189 192 193 194 195 196 197 198 200 202 203 205 206 207 208 213 216 217 219 220 221 226 228 229 230 231 233 235 236 246 247
9 177 178 188 201 202 203 211 220 233
18 187 194 198 199 201 205 206 207 211 213 214 215 216 220 231 232 239 242
20 177 179 182 183 184 189 190 198 200 201 202 208 209 210 211 213 221 230 236 247
14 180 186 193 198 207 209 215 216 219 224 230 240 242 243
9 183 185 187 194 217 228 236 239 240
15 177 178 184 195 196 198 199 201 206 213 216 230 233 235 244
11 182 186 193 207 210 215 218 219 225 229 246
21 184 195 196 197 200 205 212 213 217 219 220 223 228 231 233 234 237 238 241 245 247
9 183 184 186 197 223 230 232 242 243
13 180 184 189 193 194 201 205 207 214 215 224 231 238
25 179 186 188 190 191 192 198 201 203 207 210 211 215 216 217 219 222 225 228 232 233 239 243 244 247
12 177 181 184 191 195 201 205 207 214 220 239 248
19 181 186 193 194 197 206 212 225 226 227 228 230 232 233 235 239 240 243 247
9 178 180 194 207 213 219 222 231 232
16 177 179 184 186 190 191 193 202 212 219 220 228 233 235 237 244
13 177 178 182 189 199 202 210 211 215 216 219 233 236
12 192 203 208 211 212 214 221 231 232 237 243 245
33 177 178 181 182 183 186 191 193 196 197 198 199 200 202 208 211 221 222 223 224 226 227 228 230 234 235 237 238 239 240 244 245 247
34 179 180 181 184 188 190 191 192 193 194 195 196 197 198 205 207 209 210 211 214 217 219 220 226 227 233 234 235 237 238 240 241 243 246
13 180 186 206 212 216 226 227 232 233 238 239 240 247
19 181 185 193 194 197 206 216 221 225 226 228 230 232 233 235 239 240 243 247
27 177 178 181 182 183 187 190 193 194 198 199 202 206 207 209 211 221 224 225 226 227 230 232 235 240 242 244
14 180 182 200 202 209 216 218 219 226 232 235 237 238 244
10 178 183 189 196 203 218 221 230 242 245
12 187 198 199 201 205 211 213 214 215 220 231 232
20 179 184 187 188 192 196 198 200 202 209 210 213 214 216 222 224 230 231 245 246
25 177 182 186 188 189 194 200 201 207 210 211 212 214 216 219 220 222 226 228 229 231 233 238 239 247
19 179 181 182 191 202 207 214 217 218 219 225 227 231 240 241 244 246 247 248
14 185 187 188 200 201 206 208 211 221 224 233 235 236 237
6 187 205 208 215 228 234
19 177 182 184 186 188 189 201 210 212 214 216 222 226 228 229 231 233 239 247
17 180 185 186 189 193 198 199 209 215 216 219 224 235 240 242 243 245
31 180 181 182 189 190 191 193 194 195 197 199 201 206 208 218 219 223 226 227 228 233 234 235 236 238 239 240 242 243 247 248
10 183 187 198 210 217 228 234 236 242 243
15 177 179 182 189 190 198 200 202 208 209 210 211 213 221 230
22 178 180 181 189 190 191 193 194 197 206 208 219 223 227 228 234 235 236 242 243 247 248
9 178 197 199 208 211 219 223 230 232
29 179 180 184 185 187 188 190 192 194 195 201 203 205 206 212 213 214 215 217 218 220 225 229 232 233 241 243 246 248
24 178 180 181 183 186 188 192 194 197 202 203 204 206 208 211 212 221 223 224 228 231 232 237 244
23 181 185 186 187 190 192 195 196 198 200 203 204 205 207 209 221 222 228 232 234 245 247 248
14 180 185 186 192 193 203 220 222 223 235 241 242 246 248
13 188 193 203 205 212 218 221 224 225 235 238 243 248
18 179 181 190 191 193 195 203 204 205 208 217 218 221 225 227 240 242 246
14 180 181 182 186 188 191 194 197 202 208 221 224 231 244
14 177 180 185 189 193 207 209 215 216 219 224 226 243 245
24 179 185 189 190 199 205 207 209 215 216 226 230 234 235 236 238 239 240 241 243 245 246 247 248
25 177 179 182 185 190 191 199 204 209 214 215 218 223 224 225 234 237 238 239 240 241 242 243 244 248
14 194 198 199 201 205 206 207 213 214 216 231 232 239 242
17 182 188 194 201 202 210 211 214 215 216 219 226 233 236 241 242 244
9 181 195 197 207 212 218 225 238 240
8 183 188 192 201 223 225 227 248
12 185 186 193 203 219 220 222 223 228 241 242 248
32 178 180 183 184 186 188 189 193 195 196 197 198 202 203 205 207 208 213 217 219 220 221 226 228 229 230 231 233 235 236 246 247
31 177 178 180 181 182 191 193 194 195 197 199 201 206 208 217 218 219 220 221 223 226 227 233 234 236 238 239 240 242 247 248
31 177 180 181 185 186 189 191 192 194 197 199 200 201 204 208 209 210 211 216 217 219 222 227 228 232 236 237 241 244 246 247
13 180 189 192 193 194 195 199 212 213 215 216 229 238
8 178 190 197 208 223 230 232 236
12 182 191 193 200 205 207 209 215 223 225 229 246
21 179 184 185 190 192 194 201 203 205 209 210 214 217 220 225 229 232 233 236 241 248
5 178 201 202 211 233
22 177 181 182 183 186 197 202 207 208 211 221 222 223 226 230 231 234 237 239 240 244 245
7 177 178 201 202 203 211 220
12 178 183 188 191 196 201 203 222 223 225 227 237
9 186 205 206 208 215 221 223 226 228
16 181 186 188 190 194 198 199 203 205 207 211 217 222 225 228 232
8 188 195 201 204 227 234 240 243
11 179 188 203 204 220 221 224 231 237 245 248
14 185 188 201 206 208 210 211 221 224 233 235 236 237 239
26 185 193 195 196 198 199 201 205 209 210 213 216 217 222 226 227 229 230 235 236 238 239 240 241 243 247
10 181 195 196 197 207 212 214 234 238 240
17 180 183 184 185 187 189 195 202 208 213 214 220 223 226 229 231 242
9 183 185 187 190 194 197 202 227 236
17 178 188 191 199 205 206 215 216 224 226 227 231 232 233 237 244 245
14 180 184 188 191 197 211 216 219 228 230 241 242 244 246
22 180 184 185 187 188 189 190 195 201 205 206 209 210 212 213 214 215 217 225 232 243 248
11 179 183 195 198 207 215 220 229 233 234 242
6 205 213 223 233 243 248
11 181 182 188 191 198 206 209 225 226 239 245
13 181 189 191 193 200 205 210 215 218 219 225 246 247
14 180 185 186 192 193 203 219 220 222 228 229 242 246 248
11 179 185 188 190 197 199 203 208 211 223 229
18 178 180 181 184 188 191 197 204 206 208 211 212 220 221 223 224 228 232
18 191 200 201 203 205 206 209 212 214 217 225 226 227 234 238 241 242 243
15 180 183 184 185 187 195 196 197 202 204 208 220 223 234 242
28 179 180 184 185 190 191 192 197 198 200 207 209 210 213 214 216 217 222 224 225 232 235 237 240 243 246 247 248
17 177 181 184 192 193 201 205 207 214 220 221 224 230 239 240 241 247
24 177 181 182 185 190 191 201 204 209 210 212 215 218 222 224 232 234 237 238 239 240 242 244 248
14 179 182 184 185 187 196 200 216 233 235 238 239 247 248
8 178 182 196 203 218 242 245 246
10 184 186 189 191 210 218 221 230 244 247
9 182 193 196 204 229 231 238 241 242
7 178 197 211 219 220 223 236
21 177 178 182 184 188 194 199 202 210 211 214 215 216 219 226 233 236 238 242 244 246
13 177 182 183 184 189 198 202 208 211 213 221 230 247
14 180 193 194 197 212 221 225 227 228 230 232 233 235 243
12 186 188 192 203 204 208 215 216 218 222 239 248
18 177 178 182 185 186 199 200 202 203 204 212 213 224 225 228 231 232 248
14 179 181 188 194 198 203 214 222 232 234 237 239 240 245
24 180 181 182 186 188 189 190 193 197 198 202 208 213 215 218 221 223 224 229 230 233 235 237 248
26 177 181 183 191 193 196 197 198 202 207 211 219 221 222 223 228 230 234 235 237 238 239 240 242 244 245
15 200 206 209 212 218 221 227 230 235 236 238 240 241 245 248
9 187 193 212 218 221 225 238 240 248
17 177 182 187 190 191 193 194 206 211 214 221 224 230 235 240 242 246
10 178 182 183 187 189 196 218 221 245 246
10 189 193 204 212 217 224 226 234 241 246
8 194 195 210 211 216 236 244 247
16 177 180 185 186 193 199 207 209 216 219 224 226 230 240 243 245
10 178 180 185 198 199 213 235 236 241 245
10 212 218 221 224 235 238 240 241 245 248
10 182 196 204 206 209 218 219 226 232 237
24 177 179 183 184 186 191 192 195 200 202 203 218 219 222 223 227 229 233 236 237 240 243 245 247
9 180 193 203 219 222 223 228 229 242
9 190 191 193 210 218 238 242 244 247
7 178 183 185 196 222 228 240
25 179 183 184 188 192 196 202 203 205 207 209 210 211 213 215 216 222 224 225 229 230 231 241 244 246
13 183 186 187 189 198 212 215 217 227 228 231 243 245
10 179 188 203 211 212 221 231 232 243 245
24 177 181 185 189 191 196 197 200 202 204 208 210 211 213 216 217 219 222 223 227 239 241 244 246
24 180 181 187 192 193 198 203 204 206 208 209 212 213 218 220 223 224 229 232 237 239 240 245 247
28 177 180 181 185 186 194 196 197 199 200 201 202 208 209 210 211 213 216 217 219 227 236 237 239 241 244 246 247
22 184 189 195 196 197 200 201 205 212 213 217 219 220 223 228 231 233 234 237 238 241 243
27 181 182 183 186 191 193 196 197 199 204 207 211 219 221 222 223 227 228 230 231 234 237 238 239 244 245 247
7 183 196 222 223 225 237 241
31 179 180 181 184 185 190 191 192 195 197 198 199 200 207 209 210 212 214 216 217 222 224 236 237 239 240 243 244 245 247 248
9 188 189 193 196 212 217 224 241 248
10 182 189 193 194 196 204 227 231 238 241
15 178 182 188 189 194 199 210 211 214 219 226 238 242 244 246
26 178 182 183 185 186 187 188 193 199 201 203 206 207 210 211 213 214 216 219 220 221 222 227 231 234 240
38 177 179 185 187 189 193 195 196 198 199 201 209 210 213 216 217 218 219 222 225 226 227 229 230 233 234 235 236 238 239 240 241 242 243 245 246 247 248
11 187 194 201 205 206 213 214 220 231 232 239
13 187 194 201 205 206 211 213 214 215 216 220 231 232
9 189 193 194 195 204 213 215 229 238
13 178 179 185 190 197 199 208 211 213 222 223 229 233
11 185 199 200 203 204 212 225 228 229 231 247
11 207 209 215 216 219 224 226 235 240 242 243
31 179 180 181 190 191 192 195 197 198 200 202 204 212 217 223 224 225 226 228 232 233 235 236 237 239 241 242 243 246 247 248
12 179 193 205 208 217 221 225 227 242 244 246 248
12 188 189 193 196 209 217 224 225 226 241 246 248
20 177 181 186 194 197 199 200 201 202 204 208 210 211 213 219 223 228 241 244 246
17 181 186 189 191 193 200 207 209 210 215 218 219 222 223 225 229 246
13 188 194 199 205 216 224 226 227 231 233 243 244 245
29 179 180 183 184 188 191 193 194 195 197 198 201 205 207 208 210 211 215 216 218 219 223 230 235 236 237 239 244 246
13 180 192 194 195 198 199 204 212 213 215 216 229 238
12 184 187 190 194 197 206 212 213 231 233 234 246
10 183 185 187 190 194 202 226 228 236 242
39 180 181 183 184 187 189 190 191 194 195 196 197 198 201 205 206 207 208 210 214 215 216 217 218 219 220 223 226 227 230 233 234 235 236 237 240 242 244 246
29 179 181 182 185 187 190 199 201 204 210 214 215 218 222 223 224 225 227 232 234 237 238 239 241 242 243 244 245 248
17 181 182 186 189 191 193 200 205 207 209 210 215 219 225 229 246 247
23 179 184 185 187 188 190 192 201 205 206 209 210 214 216 218 220 229 232 233 241 243 246 248
20 177 178 184 188 189 194 199 201 202 210 211 214 215 216 225 233 236 241 244 246
26 177 179 182 183 189 190 195 198 201 202 207 208 210 213 214 217 218 221 222 224 229 235 237 238 243 247
13 180 185 192 193 219 220 222 223 228 235 241 246 248
27 178 183 185 186 187 188 194 199 201 203 205 206 207 208 211 213 214 215 216 221 222 227 229 231 234 238 240
6 186 187 205 206 208 221
9 188 192 195 201 204 211 217 227 243
33 185 187 189 190 193 196 198 199 205 207 209 210 215 216 217 218 222 225 226 227 229 230 233 234 235 236 238 240 241 242 243 245 246
19 178 187 188 191 194 199 205 206 215 217 226 227 231 232 233 237 243 244 245
11 178 191 192 196 201 203 222 223 225 237 241
21 177 179 182 190 191 202 214 217 218 219 220 222 225 226 227 231 244 245 246 247 248
9 179 184 185 187 196 216 233 238 248
22 179 187 193 195 196 199 201 205 210 213 214 216 219 230 233 235 236 241 242 243 245 247
12 186 193 194 196 206 209 212 223 226 233 234 245
8 205 206 215 221 223 226 228 234
25 179 180 183 185 187 190 192 193 196 198 206 207 209 213 220 222 223 227 228 231 232 234 237 240 243
10 178 182 187 189 196 203 221 230 245 246
7 190 211 219 220 223 232 236
20 177 182 186 188 189 194 207 210 211 212 216 219 220 224 228 229 231 233 239 247
14 180 184 187 191 197 199 204 205 211 228 230 240 242 246
27 180 183 190 191 193 194 195 196 197 198 201 214 215 216 222 223 227 230 233 234 235 237 238 239 242 243 246
14 179 180 181 188 198 199 203 208 212 214 232 234 240 245
11 179 181 197 198 199 202 208 212 222 234 245
25 181 185 186 191 194 197 200 201 202 208 211 213 216 217 219 223 227 228 232 236 237 239 241 244 247
9 185 186 192 204 208 216 218 236 248
10 189 193 196 204 212 217 225 234 246 248
13 187 188 200 201 210 211 221 224 233 235 236 237 239
20 179 181 192 195 198 199 200 207 213 214 216 224 225 235 236 237 239 240 243 248
12 187 199 201 205 206 211 215 216 231 232 239 242
12 184 189 194 201 213 218 221 222 224 231 234 246
14 182 187 194 197 204 210 213 231 233 234 238 239 246 247
16 177 187 200 201 203 205 206 212 217 225 226 227 234 242 243 246
9 189 193 194 196 204 227 229 231 241
14 180 182 196 200 202 204 206 216 218 219 226 232 235 244
8 178 199 211 219 223 230 232 236
14 180 185 186 189 198 207 209 215 216 219 224 230 240 245
22 177 186 188 190 191 192 194 199 201 203 205 207 210 211 215 217 219 222 228 243 246 247
19 178 180 191 193 195 197 199 201 206 208 217 218 219 226 233 240 242 243 248
35 179 180 181 185 186 187 190 191 192 196 197 198 203 204 206 207 208 209 212 218 222 224 227 228 229 230 231 232 235 237 239 243 245 247 248
40 179 180 181 183 186 187 190 191 192 193 195 196 197 198 200 203 205 206 208 212 213 217 218 220 221 223 224 227 230 231 232 234 235 237 239 240 243 245 247 248
17 177 179 190 191 193 205 212 214 219 220 225 228 229 233 237 241 247
7 178 183 185 196 199 239 240
16 182 184 187 194 197 202 212 213 221 231 233 234 238 239 246 247
15 186 187 189 198 210 212 215 217 227 228 231 234 236 243 245
21 177 178 182 187 190 191 193 194 198 207 209 211 214 224 225 226 230 240 242 244 246
7 197 204 207 212 218 238 240
19 179 180 181 182 188 194 197 198 199 202 203 208 214 226 232 234 237 240 245
8 179 181 200 211 217 229 236 244
14 181 184 193 195 201 205 214 220 224 230 239 240 247 248
19 177 178 182 191 193 194 197 199 206 217 220 221 223 233 234 235 239 247 248
19 177 178 185 195 196 200 201 204 206 207 209 216 217 219 220 227 229 235 236
9 186 192 193 220 228 235 242 246 248
15 179 185 186 187 192 203 204 212 217 227 229 233 243 247 248
14 181 191 200 205 207 209 215 218 219 222 225 229 246 247
21 181 184 185 187 188 191 197 203 204 205 211 216 219 225 228 230 240 241 242 244 246
17 177 184 191 193 205 212 214 219 220 224 225 228 229 233 237 244 247
15 182 184 187 190 202 204 206 210 213 231 233 234 238 246 247
12 187 193 203 205 212 218 221 225 235 238 240 243
30 177 180 181 185 186 189 191 192 194 197 200 201 202 208 209 210 211 213 216 217 219 222 227 228 232 236 239 241 246 247
10 186 187 190 192 193 210 218 221 228 247
11 178 179 185 188 197 199 208 213 223 229 233
9 189 192 194 198 204 212 215 216 238
27 177 179 180 181 189 190 192 195 196 198 200 202 204 212 217 228 232 233 235 236 241 242 243 244 246 247 248
20 177 178 184 189 194 199 201 210 211 214 215 216 219 225 226 233 236 238 244 246
15 177 178 182 185 186 199 200 202 213 224 225 229 231 245 248
10 185 188 203 204 208 215 216 222 236 248
13 179 182 183 184 190 198 200 201 208 211 213 230 236
20 177 179 182 183 191 192 195 208 210 218 219 221 222 227 229 230 236 238 240 243
13 178 181 184 185 188 199 211 219 225 240 241 244 246
9 186 205 206 208 215 221 226 228 234
13 191 202 207 217 218 220 222 225 226 244 246 247 248
13 198 199 201 205 211 213 214 215 216 231 232 239 242
9 192 195 199 212 213 215 216 229 238
8 187 205 206 208 215 223 226 234
25 180 181 190 195 197 198 199 207 209 210 213 217 222 224 225 235 236 239 240 243 244 245 246 247 248
10 178 183 195 206 214 220 226 231 233 234
24 187 189 190 205 207 209 210 213 214 215 216 218 219 222 226 234 235 239 240 242 243 245 246 247
12 189 193 196 204 209 212 217 224 225 226 241 246
32 182 188 189 190 192 193 199 202 204 207 209 210 211 213 216 218 219 221 222 223 224 226 229 230 233 234 239 240 241 242 247 248
46 178 179 180 182 185 186 190 191 192 193 194 196 197 198 199 201 202 203 204 208 209 210 211 215 217 218 219 221 223 224 225 228 229 232 233 234 236 237 240 241 242 243 244 245 246 247
47 177 178 179 182 184 185 186 187 188 189 190 191 192 193 195 200 201 205 207 209 211 212 214 215 216 217 218 221 223 224 227 228 229 231 232 233 234 235 236 237 239 241 242 245 246 247 248
41 178 179 180 182 186 187 189 190 191 192 193 194 195 196 197 199 203 204 205 206 210 215 219 220 221 222 227 230 231 232 233 234 235 236 237 241 243 244 245 246 247
49 177 179 180 181 184 185 186 187 189 191 192 195 196 197 198 201 202 203 205 206 207 208 209 210 211 212 214 215 216 217 218 219 222 223 224 225 228 229 230 231 233 235 237 238 239 240 243 247 248
34 177 178 182 184 185 190 191 193 196 198 199 201 207 210 212 213 214 215 217 220 221 222 225 231 234 236 238 241 242 243 244 245 246 247
26 182 183 186 188 193 194 195 196 199 207 208 210 214 216 218 222 227 230 231 234 237 242 243 245 246 247
27 180 181 182 188 191 195 198 204 210 212 213 216 218 220 221 227 228 230 231 232 234 235 236 242 243 246 247
50 177 178 179 181 183 184 185 186 187 190 192 193 195 196 197 198 199 201 204 205 206 207 209 210 212 214 215 216 217 218 219 221 223 227 231 232 233 234 235 236 237 238 240 241 242 243 244 245 247 248
45 179 180 181 182 183 184 185 186 187 188 189 190 192 193 194 195 196 201 204 206 207 208 209 210 211 212 215 216 221 222 223 224 226 227 230 231 232 234 236 237 240 243 244 247 248
27 177 182 184 185 191 192 196 198 199 202 206 208 209 212 214 215 219 221 222 223 225 228 234 238 239 241 247
27 178 179 180 181 183 184 186 190 191 196 201 203 210 211 212 213 214 215 216 221 225 227 228 229 239 245 247
29 180 182 183 185 193 195 196 200 205 206 208 209 211 212 213 214 215 220 222 223 225 229 231 234 236 243 245 247 248
49 181 182 183 184 185 186 187 188 189 190 197 201 202 203 204 205 207 209 210 211 212 213 215 216 217 218 219 220 221 222 224 225 226 227 229 231 232 233 234 235 237 238 239 240 241 242 243 244 246
42 177 179 180 182 183 187 189 192 193 196 199 200 201 205 206 207 208 209 211 212 213 214 216 218 220 221 222 223 224 225 226 227 229 230 232 233 234 235 236 237 245 246
41 178 181 182 183 184 185 188 189 193 194 196 197 199 200 201 203 205 206 207 210 213 214 216 218 219 220 221 225 229 230 231 235 236 237 238 239 241 242 243 246 248
25 187 188 190 191 195 200 201 203 206 207 208 212 215 219 221 223 227 228 234 236 241 242 244 245 247
40 177 178 179 181 182 185 186 188 191 193 195 196 197 198 200 202 204 206 208 210 214 215 217 220 221 223 229 230 231 232 233 235 237 239 241 243 244 245 246 247
32 179 180 183 184 189 191 194 195 200 201 202 207 208 213 215 216 217 218 221 222 223 226 229 230 233 235 237 240 242 243 246 248
22 183 187 190 193 194 199 203 210 211 217 220 224 225 226 232 233 239 241 242 245 246 247
26 181 182 186 187 191 195 196 197 198 201 202 204 206 208 213 217 219 222 230 231 232 233 235 237 241 245
24 180 186 187 190 191 195 199 201 202 208 209 215 217 218 222 223 226 228 229 231 238 242 244 246
33 181 183 184 186 189 191 192 198 199 200 203 205 206 209 210 211 212 213 214 217 218 219 222 223 227 228 230 234 238 239 242 243 246
35 180 181 182 183 184 185 186 188 190 191 193 198 201 204 211 214 217 218 219 220 221 223 224 225 226 227 230 231 233 237 238 239 244 245 248
35 177 180 182 186 188 191 192 194 197 199 200 203 204 207 209 216 217 219 221 223 224 228 231 232 234 236 237 238 240 241 242 245 246 247 248
28 177 179 183 184 186 187 191 193 194 198 200 201 204 206 209 213 215 216 218 221 222 224 226 229 233 238 240 246
42 177 179 181 188 190 191 192 193 194 197 198 201 203 204 205 206 207 209 212 214 215 217 218 219 220 221 225 226 229 231 232 233 235 236 237 241 242 243 244 245 247 248
24 179 186 189 201 203 206 208 210 214 215 216 217 222 223 225 226 230 231 234 237 239 245 246 247
25 177 180 182 184 188 193 195 197 199 201 211 215 217 219 223 224 226 230 231 233 235 238 239 240 244
36 179 181 184 187 192 194 195 197 199 201 202 203 204 205 208 210 211 212 214 215 217 218 222 223 226 227 229 230 232 233 234 240 242 243 244 246
25 178 180 185 186 188 189 190 199 200 202 204 205 206 207 208 209 210 221 222 232 239 240 242 243 244
31 178 183 184 185 191 192 194 198 199 203 204 205 210 211 213 216 219 221 222 229 230 235 237 238 239 240 242 243 244 245 247
42 177 178 179 185 186 187 188 189 190 191 193 194 196 198 200 204 206 207 208 209 211 212 214 215 218 219 222 223 224 226 227 231 232 233 234 236 237 239 240 244 245 248
24 182 183 185 188 190 193 201 202 210 215 218 219 221 224 225 226 231 232 234 235 237 238 241 246
26 183 184 185 187 190 194 198 199 201 203 206 209 211 214 215 222 224 228 230 233 235 236 241 245 246 248
47 177 178 180 181 182 183 184 185 186 187 188 190 191 193 194 195 196 199 200 201 203 206 209 211 212 213 215 217 220 223 226 227 228 230 231 232 234 236 237 238 239 241 242 244 245 246 247
30 183 187 190 191 194 199 202 203 206 208 209 211 214 215 216 217 218 219 221 224 227 229 231 234 235 236 239 242 244 245
38 178 180 182 185 187 188 189 190 192 193 195 196 197 198 200 201 205 206 207 209 210 211 212 214 215 218 219 220 221 222 223 224 230 233 234 237 241 247
49 178 181 182 185 186 187 188 189 190 191 192 194 195 196 198 199 200 201 203 204 205 206 207 208 209 210 211 212 215 217 218 224 225 226 227 228 229 231 232 233 234 235 237 238 239 240 241 246 248
25 177 178 182 184 191 195 197 198 199 202 203 206 208 209 210 217 219 227 228 232 235 236 238 242 245
26 177 181 183 185 190 192 196 197 198 200 206 207 208 214 219 221 222 225 230 231 232 233 235 236 244 247
27 182 187 188 193 194 195 196 197 201 204 205 206 208 212 213 215 218 219 220 221 224 233 239 242 244 245 248
31 184 186 188 192 193 195 196 197 198 199 201 202 204 207 212 214 215 217 219 220 224 225 226 230 231 232 233 239 242 243 247
30 179 182 186 187 189 191 194 196 200 207 210 211 214 216 217 220 221 223 226 227 230 233 238 240 241 242 243 245 246 247
35 178 187 191 192 193 194 196 197 198 199 204 205 206 208 209 210 211 212 213 214 215 216 220 221 222 223 226 230 232 234 239 241 243 244 245
26 179 183 184 185 186 187 196 197 199 200 201 202 205 213 215 221 222 223 224 227 228 231 232 234 242 244
47 177 178 181 182 184 185 186 187 189 190 191 192 193 194 197 198 199 200 201 202 203 206 207 208 209 213 216 217 218 219 222 224 226 227 229 230 233 234 236 238 241 242 243 245 246 247 248
30 177 179 180 185 186 187 188 194 196 197 199 208 209 214 215 216 220 221 222 225 228 232 233 235 241 242 245 246 247 248
42 178 179 181 182 184 185 186 187 191 193 194 195 197 198 201 202 203 204 205 206 207 209 212 213 214 215 217 218 220 221 224 226 230 231 232 233 238 241 242 245 246 248
46 177 180 183 185 186 187 189 191 192 193 194 195 196 197 200 201 203 206 207 208 209 210 211 216 217 219 220 222 223 224 225 229 230 232 233 234 236 237 239 240 242 243 244 245 247 248
35 177 178 180 188 189 190 191 192 193 196 197 198 199 204 205 209 210 211 212 213 214 218 224 230 232 233 235 236 238 241 243 244 246 247 248
25 178 179 187 190 194 197 198 203 209 211 214 215 219 223 224 226 227 228 235 238 239 240 242 243 245
35 178 179 181 183 189 190 191 195 200 201 202 204 205 207 210 211 212 217 219 220 222 227 228 229 230 231 232 233 236 237 241 242 244 247 248
31 177 179 184 185 188 189 190 192 193 194 195 199 200 203 206 207 209 211 212 214 216 217 229 230 231 232 235 237 238 242 248
29 178 179 180 187 188 189 192 195 197 198 201 202 204 206 214 215 217 218 224 225 227 228 229 233 236 240 244 246 248
36 177 178 181 182 183 185 189 191 193 195 201 202 203 204 205 206 208 210 211 216 217 221 223 224 226 228 231 233 234 236 239 240 241 243 244 246
41 181 182 185 186 188 189 190 191 192 196 197 198 199 201 203 205 207 208 209 212 214 215 218 219 220 221 223 224 226 228 229 230 231 233 234 236 238 239 242 245 246
46 180 181 182 183 185 187 190 191 198 199 200 201 202 203 204 205 206 207 210 211 212 214 216 217 218 220 221 222 223 226 227 228 230 232 233 234 236 237 239 240 242 243 244 245 246 247
23 184 186 189 195 196 197 203 207 213 217 220 221 223 226 228 229 232 235 236 241 243 244 246
34 179 180 181 185 186 190 195 196 197 201 202 203 204 206 207 208 209 210 211 212 217 220 221 222 224 225 230 231 234 239 241 245 246 248
36 178 179 180 185 186 187 189 190 191 194 195 200 201 203 204 205 212 214 215 217 221 223 225 226 227 228 230 231 232 237 238 240 241 245 246 248
48 177 178 179 180 184 185 186 188 189 190 191 194 195 197 200 201 202 203 204 205 206 207 209 210 212 213 217 219 220 221 223 224 225 226 227 228 229 230 231 234 235 236 237 240 241 242 246 248
23 186 187 193 195 196 197 199 201 202 203 205 206 209 211 212 214 216 220 225 227 230 236 238
49 178 179 181 182 185 187 188 189 190 194 195 197 198 200 201 202 204 205 206 207 208 210 211 212 214 215 217 219 220 221 222 224 226 227 230 231 232 233 235 237 238 239 240 241 243 244 245 246 248
28 178 179 181 182 184 185 187 188 189 191 197 199 204 206 207 208 209 213 216 217 229 236 238 239 241 242 244 247
24 178 182 186 187 194 195 196 205 206 207 212 213 221 223 226 228 229 231 234 235 236 238 245 248
46 177 178 179 180 182 183 184 188 189 191 192 194 195 196 198 200 201 202 203 204 205 207 208 209 211 213 215 217 218 219 221 222 226 228 229 232 233 234 236 237 238 241 244 245 246 248
34 181 186 188 192 194 195 196 198 199 205 206 207 209 213 214 216 218 220 221 222 225 226 227 228 229 234 235 237 239 240 241 243 244 245
36 177 179 180 183 186 190 192 195 196 198 200 202 203 204 208 210 211 213 216 217 218 219 222 223 229 230 231 234 235 238 239 240 242 246 247 248
49 180 181 183 184 185 186 188 189 190 191 192 195 196 197 198 199 200 201 202 205 207 208 209 210 212 215 216 217 218 220 221 222 224 225 226 228 229 230 231 234 235 236 237 241 242 243 245 246 248
25 178 179 181 183 185 190 194 198 200 208 212 214 216 218 223 227 229 230 235 237 240 243 244 245 246
43 177 178 181 182 183 188 192 194 195 196 200 203 205 207 208 209 210 211 212 213 214 215 218 219 222 223 225 226 227 228 229 230 232 233 234 236 239 242 243 245 246 247 248
28 177 178 180 186 192 194 195 200 201 202 203 204 205 206 211 213 215 217 220 228 231 233 236 237 239 240 241 242
35 178 179 180 182 185 190 192 193 194 196 197 198 207 210 213 215 219 220 221 222 223 224 226 227 228 229 233 237 238 240 243 244 245 246 248
36 177 181 182 183 190 192 194 195 196 197 198 201 204 205 206 207 210 211 212 216 218 220 222 223 227 228 230 232 233 237 238 239 240 242 246 247
25 177 178 182 195 196 198 200 203 206 210 212 213 214 221 225 228 229 230 232 233 234 235 236 239 241
26 183 184 186 188 194 196 198 199 200 202 204 205 212 216 217 222 223 226 227 228 229 230 231 233 237 241
44 177 178 179 180 181 184 185 187 192 193 195 196 197 198 199 200 201 203 204 205 206 207 209 210 211 212 219 220 222 225 226 227 228 230 231 232 236 237 239 242 243 244 246 248
27 178 179 184 186 188 191 192 194 195 196 203 212 213 217 218 219 221 224 226 227 229 232 234 237 238 242 247
28 177 178 182 183 188 191 195 196 197 199 201 202 205 206 207 211 213 218 220 221 230 231 235 237 238 241 245 247
41 177 179 180 181 182 183 184 185 188 189 190 191 193 194 199 200 201 202 206 207 208 209 216 217 218 221 223 224 226 229 231 233 234 237 238 239 240 241 245 246 248
49 177 178 181 182 183 184 186 187 189 192 193 194 195 196 197 200 201 202 203 204 205 207 209 210 211 212 213 214 215 216 217 218 223 224 225 229 230 232 233 234 238 239 240 242 243 244 245 246 248
32 177 181 184 186 189 191 192 193 194 197 201 202 203 204 206 207 208 213 214 216 217 218 219 222 224 232 233 238 239 241 245 247
31 177 182 186 190 194 196 198 199 202 206 208 209 210 212 214 215 220 223 226 227 229 231 232 233 234 235 237 238 243 245 248
29 177 179 180 182 184 187 190 194 197 198 200 203 204 207 209 210 215 216 222 224 225 226 230 234 237 240 241 245 248
48 178 182 184 186 187 188 191 192 193 194 195 196 198 199 201 202 203 204 205 206 207 209 210 211 212 213 214 216 218 219 220 221 222 224 226 228 230 231 233 234 235 236 240 241 243 245 246 247
23 181 184 185 187 191 196 198 199 200 202 203 205 214 224 225 230 232 236 239 240 243 244 247
38 177 178 179 180 181 182 185 187 191 192 195 196 197 202 204 206 207 210 212 213 214 215 216 217 219 221 222 223 224 225 232 234 238 240 242 244 246 248
34 178 180 182 183 184 186 187 189 190 195 196 199 201 204 206 207 208 209 210 212 219 220 221 222 226 228 231 232 234 235 237 238 242 247
29 177 181 184 186 187 189 190 192 194 195 197 199 201 202 203 205 207 219 220 226 227 233 234 237 239 240 241 243 246
49 177 180 182 183 184 186 189 191 193 194 195 196 198 199 201 202 204 205 206 207 208 209 210 213 214 216 218 219 221 222 223 224 225 226 227 228 229 231 233 234 235 238 239 240 241 243 245 246 248
37 177 179 180 181 182 183 185 187 188 189 190 192 194 197 198 200 203 204 208 209 211 212 213 214 218 219 224 228 231 233 235 236 238 240 243 246 247
40 177 178 179 180 181 185 187 189 190 194 196 197 198 199 200 201 202 203 204 208 210 213 216 219 220 221 222 223 224 225 226 227 228 229 230 231 233 237 241 245
49 179 180 181 182 183 184 185 186 188 189 191 192 193 195 198 199 200 201 202 203 204 205 208 210 211 213 214 215 217 218 220 221 223 225 226 227 228 229 230 231 232 233 236 240 242 243 244 246 248
33 179 182 187 188 189 191 192 195 197 200 201 203 204 206 207 210 211 212 215 217 220 222 223 224 226 230 231 233 234 235 237 240 245
32 179 180 183 184 185 190 196 197 201 204 208 209 210 211 213 215 216 217 218 219 221 222 229 230 235 238 240 243 244 245 246 248
49 177 179 180 181 182 183 184 185 186 187 189 190 193 194 195 196 199 200 201 202 204 205 206 207 209 212 213 216 218 220 222 223 224 225 226 227 228 229 230 231 233 234 235 237 240 242 243 245 248
47 177 178 179 180 182 183 185 186 188 189 190 193 194 195 197 198 201 204 205 206 207 208 210 213 214 215 216 218 219 220 221 222 223 225 226 227 228 231 232 235 237 240 241 244 245 246 248
43 177 178 179 181 182 185 186 188 189 190 192 193 195 198 200 201 202 203 204 205 207 208 209 211 212 213 214 216 219 224 226 227 228 230 231 232 234 238 239 240 242 245 248
29 185 186 187 199 201 202 206 207 209 211 213 214 216 218 219 220 221 222 225 226 227 232 234 235 236 243 244 245 246
34 178 179 184 189 191 194 196 197 198 199 200 202 203 204 207 208 210 211 213 218 220 222 224 225 228 230 232 233 235 239 240 242 243 245
38 177 178 181 182 183 184 185 186 187 188 189 192 194 196 197 198 199 202 203 206 210 213 215 217 219 221 222 225 226 232 233 234 238 240 241 243 244 245
44 177 180 184 187 189 190 191 192 193 194 198 199 202 205 206 208 209 210 211 215 216 217 219 220 223 224 225 226 227 228 230 232 233 235 236 239 240 241 243 244 245 246 247 248
29 177 178 179 181 187 188 189 191 193 195 200 207 209 210 220 222 223 224 225 226 231 232 233 238 239 240 245 247 248
34 178 180 181 190 192 196 198 199 202 203 205 209 210 214 215 216 218 220 221 222 223 231 233 234 235 237 239 240 241 242 244 245 246 248
45 178 182 183 184 185 186 187 189 190 191 194 195 198 200 201 204 206 207 208 209 210 211 213 215 216 217 218 220 222 223 224 225 226 227 228 230 231 232 233 236 237 238 239 243 246
23 183 184 187 188 193 195 196 198 206 207 209 214 223 225 232 233 235 237 239 240 241 243 244
40 177 180 181 183 186 187 189 193 196 197 198 200 201 202 203 205 208 210 211 212 216 217 218 219 221 224 225 226 227 228 229 231 232 238 239 241 242 244 245 246
27 177 184 185 186 188 189 190 194 199 200 201 202 207 209 213 219 221 222 225 226 230 231 237 238 240 244 246
39 177 179 181 184 185 187 188 189 190 196 197 198 202 205 207 209 211 215 216 217 218 219 220 221 223 225 226 227 229 230 231 233 234 235 238 240 243 245 248
41 181 182 186 188 189 190 191 193 197 199 200 201 202 204 205 206 207 208 209 210 211 212 213 214 215 218 220 221 222 224 225 226 231 234 235 236 238 241 245 247 248
21 178 179 181 182 184 186 196 198 199 201 203 206 213 218 223 224 228 229 234 235 243
37 177 178 179 182 184 185 187 188 193 195 196 201 203 204 205 207 210 212 213 218 219 221 222 227 228 230 232 235 236 238 239 241 243 244 245 247 248
35 177 179 182 183 185 187 189 190 191 193 195 196 200 201 203 205 206 207 209 211 212 215 218 221 224 226 227 231 237 239 240 241 243 244 245
49 177 179 180 181 183 185 186 187 188 189 191 193 196 197 200 202 203 204 205 207 208 209 210 211 213 214 215 216 217 218 219 221 223 224 225 226 229 231 233 234 235 236 237 238 241 242 245 246 248
39 178 179 180 181 183 184 185 186 187 191 195 199 200 201 202 206 208 212 214 217 218 219 220 223 225 227 228 229 230 232 233 234 236 237 239 240 242 244 248
28 183 184 185 191 192 195 196 197 203 204 205 208 211 212 215 222 223 227 229 233 234 237 238 242 243 244 246 247
23 179 188 189 193 195 197 199 205 208 209 210 211 212 214 217 218 219 231 232 234 236 238 247
43 178 179 184 185 187 188 189 191 192 193 194 195 196 197 199 203 205 206 208 209 210 213 214 215 216 217 219 222 223 224 225 226 229 231 232 233 234 238 240 242 244 245 248
24 186 187 189 192 193 194 198 201 206 214 217 221 222 223 224 225 229 231 232 233 238 241 242 247
40 178 179 181 182 183 184 190 191 194 196 197 198 199 200 202 204 205 206 207 208 209 210 214 216 224 225 226 227 231 232 233 234 238 239 240 243 244 245 246 247
38 178 182 184 187 189 191 193 197 198 200 202 203 205 208 209 210 211 212 213 215 216 218 219 224 226 229 230 231 232 233 234 236 237 239 241 243 245 248
35 179 181 184 185 186 191 192 197 198 202 204 205 206 207 208 212 213 214 215 216 218 219 221 224 227 228 229 230 231 232 235 236 238 239 243
41 177 178 180 182 183 184 185 187 190 191 192 195 196 198 199 203 204 205 207 210 212 215 216 217 219 221 223 227 228 229 230 234 235 238 239 240 241 242 244 246 248
28 179 180 182 189 192 196 200 201 202 206 207 208 209 211 218 220 221 224 228 229 234 236 238 240 241 242 243 245
46 177 178 179 180 181 182 184 186 188 189 191 192 194 196 198 199 201 202 205 207 208 209 210 211 212 213 214 215 217 219 220 221 223 225 226 228 230 231 232 233 235 237 239 242 245 248
26 177 178 181 183 191 195 196 199 201 202 203 204 207 208 209 210 211 219 220 225 227 228 238 239 244 245
24 190 195 199 202 203 204 206 208 209 210 216 217 218 219 220 226 227 230 232 238 241 243 244 247
25 177 179 186 190 191 192 198 201 202 204 208 209 212 215 217 221 222 228 229 231 233 234 238 241 242
41 177 178 179 180 181 182 183 184 185 187 188 189 190 191 192 193 196 201 203 204 205 208 210 211 214 215 216 217 219 221 227 228 231 234 235 237 243 244 245 247 248
46 178 181 182 183 185 186 187 189 190 192 194 196 197 198 200 201 202 203 205 207 208 209 210 211 213 214 215 216 217 218 219 220 223 224 225 226 229 230 231 232 234 235 237 243 244 248
46 177 179 180 182 183 184 185 186 187 188 189 192 193 195 196 197 198 201 203 204 205 207 208 210 211 212 213 214 215 218 219 221 222 223 226 228 229 231 233 234 235 238 240 244 246 247
40 177 178 181 182 186 187 188 191 193 194 197 198 199 201 202 204 205 206 207 209 216 218 219 220 221 223 224 226 228 230 231 232 234 235 237 239 242 244 245 248
29 178 180 181 183 184 187 189 196 197 200 201 205 211 212 217 221 222 223 224 228 230 232 233 235 238 239 243 245 246
30 177 180 181 182 183 186 191 194 195 204 207 209 215 218 222 224 225 226 227 228 229 230 232 233 234 236 238 241 242 246
28 177 178 183 195 196 197 200 201 202 204 205 208 215 216 218 220 221 223 225 226 230 231 232 238 241 243 245 246
44 178 180 183 184 185 186 187 188 190 191 192 193 195 196 197 198 199 201 202 203 206 209 210 213 214 216 217 220 222 223 226 227 228 229 232 233 234 237 239 240 241 242 246 248
22 177 180 181 182 187 188 190 194 195 197 200 203 209 214 219 231 233 236 238 239 242 246
38 177 180 181 184 187 188 189 190 191 193 194 196 197 199 202 205 207 209 210 212 213 216 217 223 225 226 229 231 232 234 235 236 238 239 242 243 245 247
48 178 179 181 185 186 187 189 191 192 193 195 196 198 200 201 202 203 204 205 206 207 208 209 210 212 214 215 216 219 220 222 223 224 225 226 227 228 232 235 236 237 239 241 242 245 246 247 248
31 180 183 187 189 190 191 192 193 200 201 202 203 206 208 209 216 217 218 219 220 222 223 224 230 237 238 239 240 246 247 248
43 177 178 179 180 181 183 186 188 189 190 192 193 194 195 198 199 201 203 204 209 210 211 213 214 215 216 218 220 221 222 224 225 226 234 236 237 240 241 243 244 245 247 248
24 180 181 182 183 191 192 196 197 198 199 200 203 205 206 216 219 220 223 231 241 244 246 247 248
22 177 180 187 191 194 195 196 205 207 209 214 216 218 220 221 227 231 232 236 239 244 248
26 177 178 179 183 184 187 194 195 198 206 207 210 211 216 218 219 220 221 223 226 232 233 235 239 242 248
45 177 178 179 180 182 186 187 188 190 193 194 195 197 198 199 201 202 203 204 206 208 212 213 215 217 219 220 221 222 223 224 225 228 229 230 231 232 233 235 236 240 241 243 245 246
47 177 179 180 182 184 185 186 188 189 192 193 195 196 197 198 199 200 201 203 207 209 210 211 212 213 214 215 216 218 219 222 224 225 227 228 231 233 234 235 236 238 241 244 245 246 247 248
24 177 182 183 184 185 187 189 197 198 201 204 205 208 210 212 215 216 220 221 231 232 234 235 248
21 179 180 183 185 187 193 196 198 208 217 218 219 223 224 228 231 232 236 237 242 248
21 180 184 185 190 199 200 202 205 207 210 214 215 222 225 231 233 234 237 240 241 247
47 177 178 179 180 181 182 185 186 188 190 191 192 194 196 197 198 200 203 205 207 208 210 211 212 213 214 216 217 218 219 220 221 223 225 226 227 228 233 239 240 241 242 243 244 245 246 248
28 177 178 179 180 181 182 183 189 190 200 201 204 205 206 209 210 222 223 224 226 227 228 232 235 240 243 245 246
39 177 178 179 180 183 186 190 195 196 197 198 199 202 203 204 206 208 209 210 213 217 219 221 222 223 226 228 229 231 235 236 237 240 241 242 244 245 247 248
38 177 179 181 184 185 187 192 193 194 195 199 200 205 206 207 211 212 213 214 217 218 219 220 221 222 223 224 226 228 229 231 232 239 240 241 242 244 247
48 177 180 181 184 185 186 187 188 190 191 192 193 194 195 196 197 202 203 204 205 207 209 210 213 216 217 218 219 221 222 223 224 225 226 227 229 230 232 233 234 235 237 240 241 244 245 246 247
38 178 179 184 185 187 188 192 193 196 198 199 200 202 204 205 206 208 209 211 212 213 217 219 222 224 225 226 227 228 232 234 235 239 240 241 242 243 244
22 178 179 185 191 193 194 206 209 211 213 215 216 217 222 223 238 240 241 243 244 245 247
39 178 179 180 181 182 185 186 187 188 189 191 193 195 197 199 201 202 203 206 207 208 210 212 213 218 219 222 223 225 226 227 230 233 238 239 240 241 242 243
37 177 179 180 182 183 185 186 188 190 191 195 197 199 201 202 203 204 206 207 208 211 213 215 216 218 219 221 223 229 230 233 235 238 240 242 243 244
42 177 178 179 180 181 182 183 184 185 186 187 188 189 191 193 194 195 196 198 199 200 201 204 208 211 212 213 215 216 217 218 219 222 224 226 228 231 232 234 238 240 245
44 178 181 182 183 184 185 186 187 189 191 192 193 195 198 200 203 204 206 207 209 210 211 214 215 216 217 218 220 221 225 226 228 229 230 232 234 238 239 240 241 243 245 246 247
22 182 185 186 194 195 196 199 203 205 206 208 209 210 222 225 226 231 234 235 236 238 247
22 178 181 183 186 187 193 195 197 201 202 203 206 217 221 230 232 238 241 242 243 244 248
37 178 179 180 183 189 190 191 192 193 194 196 198 199 203 204 205 206 207 208 210 212 213 214 220 225 228 229 230 231 234 235 237 239 242 245 247 248
31 177 181 186 188 190 191 192 194 198 199 200 204 206 207 208 210 212 215 216 218 219 221 226 227 230 232 233 234 236 238 245
41 178 179 183 186 187 188 189 190 191 193 194 195 196 198 199 201 209 210 213 216 217 218 220 221 222 224 225 226 227 228 230 231 232 233 234 236 241 243 244 246 248
34 177 178 180 181 183 185 187 188 190 191 195 197 198 199 201 202 212 213 214 215 219 220 223 224 225 226 228 234 235 238 240 245 246 247
45 179 181 182 183 184 185 190 194 195 196 197 199 200 202 205 206 207 209 210 211 212 213 214 215 218 219 220 225 226 229 230 231 232 234 235 237 238 239 240 241 242 243 246 247 248
23 177 178 183 185 191 192 194 199 200 204 212 213 214 218 223 227 229 230 234 241 244 246 247
30 177 179 185 187 190 192 195 196 197 198 204 207 211 212 216 219 220 221 223 234 235 236 237 239 241 243 244 245 246 248
29 179 180 183 187 189 192 199 201 202 203 206 210 211 215 216 219 221 223 225 228 232 237 238 239 241 242 244 245 248
25 177 182 187 191 194 195 196 200 204 206 208 218 219 222 224 229 230 231 233 236 237 239 243 244 245
28 178 180 182 184 193 195 199 200 202 204 207 209 211 213 218 221 222 223 225 230 231 232 233 235 236 237 241 248
43 177 179 180 181 182 183 185 186 189 190 191 192 194 195 196 197 200 201 202 203 204 206 209 210 212 216 217 219 223 224 228 229 230 231 234 236 237 238 239 241 245 246 248
29 178 179 180 181 182 183 184 185 188 190 194 196 198 200 207 209 210 212 215 217 220 226 229 230 232 233 244 247 248
25 182 183 186 189 191 192 194 196 202 203 204 216 217 222 224 226 228 229 231 237 239 240 242 246 248
37 178 179 180 181 182 185 187 188 190 193 196 199 200 201 202 203 207 209 211 212 214 217 218 222 223 226 227 233 234 235 238 240 244 245 246 247 248
26 178 179 181 187 191 196 197 198 202 208 211 214 216 217 218 219 221 222 225 228 233 236 239 240 245 248
40 180 183 188 189 191 192 193 195 196 197 198 200 201 202 203 205 206 207 209 210 214 217 219 221 222 223 224 226 227 228 230 232 235 236 240 241 242 243 244 248
38 177 180 186 191 193 194 195 196 199 203 205 206 208 211 213 216 217 220 221 222 223 224 225 227 229 230 231 233 234 238 239 240 241 242 244 245 247 248
31 180 181 182 185 188 189 191 192 193 194 198 201 202 203 204 206 209 212 213 215 216 220 225 226 229 234 240 242 243 244 248
31 178 179 181 182 184 185 189 192 193 195 200 202 203 204 206 208 209 216 218 220 222 223 225 227 230 231 234 236 237 241 242
26 177 181 183 185 186 190 192 193 195 200 203 205 206 209 210 211 213 214 215 217 220 225 234 237 247 248
47 177 180 181 182 183 184 185 186 187 188 191 192 194 195 196 197 198 200 201 203 204 205 206 207 208 209 211 213 215 217 219 220 221 222 226 229 230 231 232 233 234 236 238 244 245 246 248
22 181 184 185 190 197 199 201 205 207 209 211 215 216 220 224 228 230 232 237 242 243 246
47 177 181 182 183 184 187 188 189 190 191 193 195 196 199 200 201 202 203 206 207 208 209 211 214 215 218 220 221 222 223 224 225 227 229 230 232 233 234 236 238 240 241 242 244 246 247 248
42 177 181 185 186 189 190 191 192 193 194 195 196 200 201 202 203 204 205 206 207 209 210 212 213 215 216 219 221 223 226 229 231 232 234 235 236 238 239 241 242 243 247
22 179 182 183 184 185 190 195 205 206 211 216 217 222 223 224 227 232 233 235 238 242 244
47 177 180 181 183 186 188 190 191 192 193 197 200 201 203 204 205 206 207 208 209 210 211 212 213 215 216 217 218 219 220 221 224 225 227 228 229 230 231 233 236 237 239 240 241 242 245 247
48 177 178 179 180 181 182 184 187 188 189 191 192 193 194 195 196 198 200 201 202 204 206 207 211 212 214 216 217 218 221 222 223 224 225 226 227 229 233 235 236 237 238 239 240 242 243 245 248
30 178 184 185 187 191 192 193 196 199 200 201 202 203 207 211 214 216 218 221 222 223 225 229 231 233 235 236 238 242 246
32 183 184 191 195 202 203 204 205 206 209 212 214 218 219 220 222 223 225 226 227 228 229 231 235 236 237 238 239 240 241 242 243
26 178 186 187 191 194 195 198 199 201 202 205 206 207 217 218 219 223 224 226 228 229 231 232 235 238 247
28 179 182 186 188 189 190 193 195 196 198 200 207 209 210 211 213 214 221 227 228 229 233 234 236 241 242 243 246
35 177 178 180 181 184 186 187 189 190 191 192 198 199 200 202 204 206 210 211 217 219 220 221 222 223 224 226 231 233 234 235 244 246 247 248
49 178 179 180 181 184 188 190 191 193 194 197 198 199 200 201 202 203 204 206 208 209 210 212 213 215 216 217 219 220 221 223 225 227 228 229 230 232 233 234 235 236 239 240 241 243 244 245 246 248
41 177 178 179 182 183 186 188 189 196 197 199 200 201 203 208 209 210 211 212 214 217 220 223 224 225 226 227 232 233 234 235 236 237 238 239 240 242 243 245 246 247
36 177 182 183 184 186 187 188 193 197 199 203 204 206 207 208 211 212 214 215 217 218 220 221 224 226 229 232 233 235 236 237 240 241 242 244 248
45 177 179 180 181 182 185 187 189 190 193 198 200 201 203 204 206 207 208 209 210 212 215 216 220 222 223 224 225 226 228 229 230 232 233 234 235 236 237 239 240 241 243 245 246 247
43 177 178 181 183 184 186 187 188 189 190 191 192 194 197 199 200 202 203 205 206 210 213 214 215 216 217 218 219 220 222 223 226 228 231 232 235 239 240 241 243 244 247 248
34 178 179 180 181 182 186 187 189 194 196 198 201 203 205 208 209 210 212 213 215 217 219 220 226 227 230 233 234 235 236 239 241 246 247
27 186 193 194 200 201 202 204 209 212 214 215 216 219 221 222 223 224 225 226 227 235 236 239 240 246 247 248
29 182 186 187 190 192 195 196 197 198 199 202 203 206 208 210 211 212 213 216 221 223 226 228 232 234 239 243 246 247
32 177 179 180 184 187 188 195 196 199 200 201 202 203 204 205 208 210 212 214 216 217 220 222 224 225 228 231 232 234 236 244 246
31 177 180 183 185 186 187 188 193 194 195 197 201 202 203 204 208 209 211 212 213 215 217 219 221 222 225 231 236 237 241 246
34 178 181 183 184 185 188 189 190 191 192 193 199 200 202 204 206 207 208 209 210 212 219 223 229 232 233 237 238 240 241 245 246 247 248
42 177 179 181 186 187 190 192 194 196 197 201 202 206 207 208 209 210 211 213 214 216 218 220 222 223 224 225 226 227 229 230 231 232 233 234 236 238 239 240 241 243 247
41 178 179 180 181 182 183 186 188 189 193 196 197 198 199 200 201 202 205 206 207 208 209 210 211 213 214 215 217 223 224 227 228 230 231 235 238 239 240 242 246 247
35 177 178 179 182 185 190 191 195 197 198 199 200 206 207 208 210 213 215 219 221 222 224 225 227 229 234 235 236 237 241 242 243 244 247 248
31 185 186 187 189 190 192 193 197 198 202 204 205 210 211 212 215 217 218 222 227 230 231 232 234 237 241 242 244 245 246 247
32 177 180 181 184 187 188 191 193 195 197 199 202 203 204 205 207 211 212 215 219 223 225 226 228 230 232 233 235 236 241 242 243
46 177 179 182 183 184 187 188 189 190 193 194 196 197 199 200 202 203 206 207 209 214 215 217 219 220 221 224 225 226 227 228 229 230 231 232 233 236 237 239 240 241 243 244 245 246 248
24 180 181 182 184 185 186 194 195 196 197 200 204 207 209 211 216 221 223 228 230 232 235 239 243
23 177 178 184 185 190 191 201 202 206 207 208 210 212 218 223 226 229 235 237 241 243 247 248
40 177 183 184 185 186 187 190 191 193 194 195 196 197 200 202 203 206 208 212 217 218 219 222 224 225 226 227 228 229 231 232 233 234 237 238 241 242 244 245 248
25 179 181 185 186 188 191 195 197 209 213 215 220 222 223 225 228 229 232 233 235 236 237 241 242 247
25 178 180 182 185 186 187 189 194 198 200 201 202 214 215 218 222 224 232 233 235 239 240 243 244 248
34 177 178 181 184 185 186 187 188 189 192 194 195 197 201 202 203 207 209 211 212 214 217 218 219 224 227 228 230 231 235 240 243 244 248
44 178 179 180 183 184 187 188 191 197 198 199 201 203 206 210 211 212 215 217 219 220 222 224 225 226 227 228 229 230 231 232 233 235 236 237 238 239 240 241 242 243 244 246 248
49 177 180 181 182 184 185 186 187 188 189 190 192 194 195 197 198 201 202 203 204 205 207 208 209 210 211 212 214 215 216 218 220 222 223 224 225 228 231 232 233 234 235 236 238 240 241 242 244 245
26 179 183 185 187 189 190 193 194 197 204 205 209 212 215 221 223 224 227 228 230 231 232 233 236 238 242
42 177 178 179 182 184 188 189 190 192 195 197 200 201 204 206 207 208 210 212 213 215 217 220 221 222 224 226 227 230 231 232 233 236 238 239 240 241 242 243 244 246 248
35 177 180 182 186 187 189 194 196 198 200 201 203 204 208 209 211 213 217 222 223 224 226 227 229 230 231 233 235 237 238 239 240 241 247 248
37 178 179 182 184 186 187 190 196 197 198 200 202 203 207 208 210 211 212 213 214 218 223 224 225 227 228 229 230 231 233 234 236 238 241 243 246 247
