215 864
80 1 2 3 4 5 6 7 8 9 10 11 12 13 14 15 16 17 18 19 20 21 22 23 24 25 26 27 28 29 30 31 32 33 34 35 36 37 38 39 40 41 42 43 44 45 46 47 48 49 50 51 52 53 54 55 56 57 58 59 60 61 62 63 64 65 66 67 68 69 70 71 72 73 74 75 76 77 78 79 80
42 2 3 4 6 7 10 12 13 14 18 22 23 25 28 29 30 33 34 38 40 43 44 45 46 49 50 51 52 53 54 57 59 60 62 65 67 68 70 73 75 76 80
37 4 8 9 11 12 14 18 19 22 26 29 30 31 32 33 35 36 37 38 39 41 42 43 45 46 47 50 52 53 54 56 63 68 69 74 79 80
41 1 3 4 7 10 11 12 13 14 18 19 20 21 24 25 29 32 33 34 35 37 40 43 44 46 47 48 57 59 60 62 64 65 67 68 70 73 76 77 78 79
62 1 2 3 4 5 7 8 9 12 14 15 17 18 19 20 21 22 23 24 25 28 29 30 32 33 35 36 37 38 39 40 43 44 46 47 48 49 50 51 52 53 54 55 57 59 61 62 64 66 67 68 69 70 71 72 73 74 75 76 77 79 80
49 1 3 5 7 8 9 11 12 13 15 16 17 19 20 21 22 23 24 25 26 28 29 31 33 34 36 37 43 44 46 47 48 49 52 56 58 60 64 67 68 69 71 72 73 74 75 78 79 80
51 1 2 3 4 5 6 7 8 10 11 12 17 18 19 20 23 27 28 29 32 33 34 35 36 39 40 41 42 43 44 47 49 51 52 53 54 56 57 60 62 63 65 68 69 70 71 73 75 77 78 80
61 1 3 4 5 7 8 9 10 14 15 18 19 20 21 22 23 24 25 26 28 29 30 31 32 33 35 36 37 38 39 40 41 42 43 45 46 47 48 49 52 53 54 55 56 57 59 60 62 63 66 67 68 71 72 73 74 75 76 77 78 79
34 1 2 5 7 9 11 12 19 23 25 27 29 31 32 34 36 41 43 46 47 49 52 59 61 63 64 66 67 68 71 72 76 78 79
58 2 3 4 5 8 10 12 13 14 15 17 18 19 20 21 22 23 24 25 26 27 28 29 30 32 33 34 35 36 37 39 40 41 42 43 44 45 48 50 51 54 55 56 57 58 59 61 62 66 67 68 69 72 73 75 77 78 79
48 4 5 6 11 14 15 16 18 19 20 23 24 25 26 27 28 30 33 34 36 37 38 39 40 41 43 46 47 48 49 51 52 55 57 58 59 62 63 64 65 66 67 68 70 71 73 75 79
35 81 82 83 84 85 86 87 88 89 90 91 92 93 94 95 96 97 98 99 100 101 102 103 104 105 106 107 108 109 110 111 112 113 114 115
12 85 86 93 99 100 101 103 105 107 111 113 114
16 83 84 85 86 87 88 90 93 94 95 96 102 107 110 111 114
19 81 82 83 85 87 88 89 91 94 96 97 99 100 103 104 110 113 114 115
10 83 88 89 92 99 105 106 113 114 115
22 81 82 85 86 87 88 89 90 91 92 93 94 97 101 104 106 107 109 111 112 114 115
22 82 83 84 85 86 89 90 91 92 93 94 96 98 99 100 103 106 108 110 111 112 115
11 84 87 88 92 98 99 103 106 109 112 115
21 81 82 83 84 85 88 90 92 93 94 95 96 97 99 100 101 103 107 111 112 115
12 81 83 84 87 99 100 102 106 108 109 112 114
17 82 84 85 88 89 96 97 98 102 103 105 107 110 112 113 114 115
14 81 82 84 86 88 93 94 97 104 105 107 109 110 113
10 89 90 93 95 97 102 105 107 112 115
23 81 82 83 84 85 87 88 90 91 93 97 99 103 104 105 106 108 109 111 112 113 114 115
18 82 84 85 88 89 92 93 95 96 99 101 105 107 109 111 112 114 115
12 82 83 87 88 90 100 101 102 104 107 111 114
15 86 88 89 92 96 97 99 101 102 105 107 110 111 113 115
23 82 83 86 87 88 89 90 91 93 94 95 100 101 102 103 104 105 107 108 110 112 113 114
17 82 83 84 86 87 90 92 93 95 96 98 99 102 104 109 111 113
15 81 85 87 89 90 91 92 95 97 98 99 102 107 108 113
27 81 82 83 84 85 86 88 89 90 92 93 94 96 97 98 99 100 101 103 105 107 108 109 110 112 113 114
13 82 84 85 88 90 91 92 97 100 104 105 106 107
25 83 84 85 87 89 90 91 94 95 97 98 99 100 101 103 104 105 107 108 109 110 111 112 113 114
15 87 89 90 92 93 95 96 97 99 100 101 104 106 110 113
13 81 83 84 87 90 96 99 106 110 111 112 113 114
15 83 87 90 94 95 98 101 103 105 106 107 111 112 113 114
20 82 83 86 87 88 89 90 94 95 96 97 101 102 107 108 109 110 111 113 114
18 81 82 83 85 86 87 88 93 95 98 99 102 105 108 109 110 111 112
19 81 83 85 88 90 92 93 94 96 98 100 105 108 109 110 111 112 114 115
13 81 85 87 90 91 92 96 97 103 104 106 108 114
13 81 82 83 85 93 96 97 98 99 103 106 110 111
20 81 82 83 84 85 88 89 92 93 94 97 99 100 103 105 107 109 112 113 115
13 81 83 87 89 91 96 97 98 101 102 103 106 110
16 85 88 89 90 91 92 94 96 98 100 106 108 109 110 113 114
23 83 85 86 88 89 92 93 94 95 96 97 98 101 102 104 105 106 108 109 111 112 113 115
13 85 89 91 93 94 95 101 102 106 108 109 110 112
25 82 83 84 87 88 89 90 91 92 93 94 95 98 100 102 105 106 107 108 109 111 112 113 114 115
13 82 83 85 87 90 92 96 97 101 103 104 106 109
16 81 83 85 86 87 88 91 95 96 98 99 103 104 107 108 115
17 82 83 90 92 93 94 95 96 99 102 104 105 106 107 109 111 112
10 88 89 90 91 96 97 98 99 110 111
25 81 82 83 85 86 87 90 91 92 93 96 99 100 102 104 105 106 107 108 110 111 112 113 114 115
19 81 83 84 85 86 87 88 90 91 92 93 94 96 98 103 105 110 111 112
21 81 85 86 88 90 92 93 94 95 96 100 104 105 106 107 108 109 110 111 114 115
19 81 83 84 85 88 89 90 92 93 94 101 102 106 108 109 111 112 114 115
27 81 82 83 85 86 88 90 91 94 95 96 97 98 101 102 103 104 105 106 107 108 109 111 112 113 114 115
13 81 83 88 92 95 98 99 103 105 106 113 114 115
26 82 84 85 86 88 91 92 94 95 96 97 98 99 100 101 103 104 105 106 107 109 111 112 113 114 115
25 81 82 83 85 86 87 89 90 92 95 97 99 100 101 102 105 106 108 109 110 111 112 113 114 115
15 84 86 88 91 92 94 96 99 103 105 106 107 108 110 115
10 81 82 83 85 96 97 103 110 112 113
18 83 85 86 87 94 95 97 98 99 100 101 102 103 106 110 112 113 114
23 81 82 84 87 89 91 92 93 96 97 98 99 100 101 103 104 105 106 108 109 110 112 115
24 82 83 84 85 87 88 90 91 92 94 95 97 101 102 103 104 105 107 108 109 111 112 114 115
18 81 83 86 89 90 92 94 95 96 97 98 100 102 104 106 113 114 115
26 81 83 84 85 86 88 89 90 91 92 94 96 97 98 99 101 102 104 105 106 108 110 112 113 114 115
15 81 84 85 91 92 93 95 96 97 104 105 107 111 112 115
14 86 88 89 90 91 94 98 99 104 105 106 107 109 110
12 81 91 93 99 102 105 106 107 108 110 114 115
16 81 82 89 91 92 95 96 97 99 100 103 104 109 110 111 114
21 82 84 85 88 89 90 92 95 97 98 99 101 102 103 104 105 106 107 108 109 110
20 81 83 84 85 87 91 94 95 96 98 99 101 102 104 107 109 110 111 113 114
20 81 82 83 84 86 90 92 94 95 97 98 99 100 102 103 105 106 111 113 115
23 81 82 84 85 86 87 88 90 91 93 94 95 96 97 99 101 104 105 108 110 112 113 115
21 83 84 85 86 88 89 92 96 97 99 101 102 103 106 107 108 109 110 112 113 115
26 83 84 85 86 87 88 89 90 91 94 95 97 98 99 100 101 102 103 106 107 108 109 110 112 114 115
16 81 84 88 89 90 91 93 95 97 100 101 104 106 107 108 112
15 81 87 88 90 91 96 98 100 101 102 103 106 107 110 111
9 117 122 126 127 128 130 132 134 135
8 123 128 130 131 132 133 134 135
5 120 122 123 134 135
4 120 121 122 126
11 117 118 119 120 121 123 124 125 127 130 134
6 117 118 119 124 131 135
3 120 131 132
4 123 126 127 133
12 116 117 120 121 124 125 126 127 131 132 133 135
5 117 118 126 131 134
5 116 118 120 126 128
6 116 120 123 125 131 133
3 126 129 132
5 122 125 128 129 131
4 118 124 128 130
2 124 133
6 120 123 130 132 133 134
5 119 120 121 122 129
6 117 120 121 127 131 134
11 116 121 125 126 128 129 130 131 132 133 135
9 117 118 119 120 122 123 124 127 134
6 125 126 127 129 132 133
4 121 122 125 134
5 116 119 124 132 133
5 118 119 121 124 129
6 116 117 118 125 126 127
4 117 130 131 135
4 116 123 131 135
6 117 120 123 129 132 133
4 118 122 124 125
8 116 119 121 126 128 131 132 133
11 120 121 123 125 127 128 130 132 133 134 135
7 117 122 127 130 132 133 134
7 120 123 125 127 128 129 135
5 123 124 127 128 129
5 116 117 118 119 124
7 117 118 119 122 124 134 135
8 116 117 119 128 129 130 131 132
1 124
3 116 129 133
4 117 118 127 129
11 116 117 118 119 120 122 124 126 128 131 135
3 122 133 135
4 116 123 128 131
4 121 126 127 135
4 117 119 121 125
4 116 126 128 129
9 117 118 124 127 128 129 130 131 134
11 117 118 119 120 121 122 124 126 127 128 132
4 123 125 129 130
3 120 121 130
4 117 123 125 135
11 116 118 119 121 122 124 126 127 130 131 134
4 120 121 134 135
6 117 119 123 125 130 135
5 120 128 129 132 133
10 116 119 120 122 123 125 126 132 133 135
11 116 117 118 119 123 126 127 128 129 130 135
9 121 123 125 127 129 130 132 133 134
9 116 117 118 119 122 124 126 129 131
3 124 125 130
5 122 126 130 132 134
6 117 123 126 127 129 133
7 118 119 122 124 126 128 135
1 121
15 117 119 120 121 122 123 125 126 128 129 130 131 132 133 135
4 119 124 125 129
6 123 125 130 131 134 135
7 116 118 119 125 132 133 134
8 118 119 122 123 128 129 130 134
11 116 118 120 121 122 124 127 128 131 133 134
14 116 120 121 122 123 125 126 127 128 129 130 132 133 134
7 116 118 119 125 130 134 135
4 121 123 131 135
3 116 132 133
3 121 122 130
7 120 121 122 124 128 131 132
10 116 119 121 122 125 126 127 131 134 135
5 116 118 124 127 134
7 118 120 124 127 128 129 133
2 131 132
2 124 125
6 117 119 128 129 130 131
3 117 123 133
8 116 118 119 123 126 127 128 130
3 121 126 135
5 121 122 124 131 132
3 116 132 133
6 117 122 127 130 132 133
2 121 127
5 117 122 127 130 134
3 117 121 134
2 117 119
8 116 118 122 124 127 130 131 134
2 121 122
6 116 118 119 122 124 134
5 116 128 129 130 131
3 123 125 130
9 117 118 119 123 126 127 128 129 135
5 118 119 125 134 135
3 118 119 131
2 120 122
7 116 118 119 124 126 128 135
2 119 121
4 117 119 123 130
7 118 119 123 128 129 130 135
2 121 130
4 116 125 133 134
8 116 117 118 119 120 126 128 131
4 120 128 129 133
2 121 134
1 122
2 120 131
6 119 120 121 125 130 134
2 124 127
6 123 130 132 133 134 135
6 120 123 125 127 129 135
2 129 132
1 120
3 122 123 134
2 116 128
3 123 125 130
1 124
3 124 128 130
3 122 132 134
12 116 120 121 122 123 125 126 127 128 129 132 133
5 118 124 127 129 133
4 117 118 119 135
2 126 127
4 116 118 119 124
1 133
3 119 122 124
3 119 124 125
2 121 125
3 116 123 131
4 118 123 128 130
2 116 126
6 117 118 119 122 134 135
6 116 117 128 130 131 132
5 116 117 118 125 126
8 116 118 119 123 126 127 128 135
4 121 122 131 132
2 121 134
2 123 135
3 116 117 127
7 119 120 122 123 126 132 135
7 128 130 131 132 133 134 135
3 123 125 131
5 117 120 123 129 132
4 119 120 121 129
5 116 118 119 130 135
4 118 122 124 135
5 117 121 127 131 134
5 127 128 129 130 131
4 117 129 131 134
2 120 130
2 116 123
6 116 117 124 125 131 135
2 117 118
12 119 120 122 123 125 128 129 130 131 132 133 135
4 116 126 131 133
5 119 120 123 126 132
1 133
7 116 117 118 119 126 129 131
5 120 123 127 130 134
2 126 129
3 117 132 133
3 117 119 125
1 130
3 126 127 133
3 121 122 125
2 118 124
4 116 119 122 126
2 123 135
3 118 124 128
7 116 117 118 122 124 129 131
2 123 131
3 116 126 128
2 129 132
9 117 118 121 122 124 126 127 128 132
5 117 122 127 130 133
6 116 119 122 124 126 129
3 132 133 134
2 120 122
2 116 135
3 120 127 129
4 120 123 125 131
2 124 129
8 121 123 127 128 130 132 133 134
3 118 124 131
6 116 120 121 124 126 131
7 116 120 122 123 127 130 133
2 120 121
3 116 117 118
2 122 133
3 119 125 129
1 130
3 123 127 128
5 124 127 130 131 134
6 119 121 125 126 134 135
8 120 121 122 124 127 128 131 133
6 120 122 124 127 131 133
7 116 118 119 122 124 129 131
3 116 120 125
4 116 118 120 126
3 120 129 132
7 119 120 122 124 126 128 135
10 116 121 122 125 126 127 130 132 133 134
5 117 119 123 127 134
2 120 121
5 117 120 127 131 134
2 116 132
7 118 119 120 122 124 127 134
1 131
1 124
4 116 120 131 133
5 128 131 132 133 134
3 126 127 133
8 117 120 121 123 125 127 130 134
3 120 121 134
8 116 119 121 122 125 126 127 131
2 133 135
2 122 125
8 116 119 120 123 125 126 132 133
2 131 135
2 120 132
12 116 117 123 125 127 128 129 130 131 132 134 135
7 117 118 121 131 133 134 135
6 118 124 128 130 131 134
7 116 117 124 126 127 130 134
9 117 118 121 123 126 127 130 132 135
6 116 118 120 121 124 130
8 118 121 123 131 132 133 134 135
8 117 119 120 121 125 126 127 129
10 116 117 119 121 124 125 126 129 130 133
8 116 117 120 121 124 132 133 134
8 120 122 124 127 128 130 132 135
7 117 118 119 120 121 132 135
11 118 119 121 123 124 125 126 128 129 132 135
10 117 118 120 121 123 128 129 130 132 133
9 116 118 121 122 123 124 129 130 134
8 116 119 123 124 125 128 133 135
11 118 119 120 121 122 123 124 125 127 129 134
13 116 117 120 122 123 127 128 130 131 132 133 134 135
11 116 118 119 121 122 123 125 127 133 134 135
7 116 122 123 124 125 126 128
10 118 122 123 124 125 126 127 132 134 135
13 116 117 118 120 121 125 127 128 129 132 133 134 135
13 116 118 120 122 125 127 128 129 131 132 133 134 135
6 116 119 126 128 132 135
13 116 117 118 120 121 123 124 126 127 130 133 134 135
6 116 117 121 126 128 133
12 116 117 119 120 122 123 124 125 126 127 131 132
11 118 119 120 121 124 126 128 129 130 131 134
9 116 119 123 124 125 127 129 132 133
12 116 122 124 125 126 127 128 129 131 132 133 134
7 116 121 124 125 126 129 132
10 116 118 120 123 124 126 129 130 133 134
11 116 117 122 123 125 127 128 131 132 134 135
8 118 121 123 124 129 130 131 134
6 116 119 120 125 130 134
12 117 118 120 122 124 128 129 130 131 132 133 134
7 123 124 127 128 129 133 135
9 116 117 120 122 127 128 130 132 135
6 116 121 125 127 131 133
9 119 122 123 124 125 126 127 130 132
7 116 119 120 124 129 131 133
9 117 120 123 127 128 130 132 134 135
10 116 118 121 123 124 125 126 127 133 134
8 117 123 127 128 129 131 133 135
12 116 117 118 119 120 124 125 126 128 129 132 133
10 116 117 119 120 122 123 125 126 129 132
13 116 118 119 120 122 123 124 125 128 129 131 133 134
13 116 120 121 122 123 124 125 127 130 131 133 134 135
7 116 119 120 122 125 127 129
9 117 118 121 123 125 126 128 131 133
10 117 120 121 123 124 127 129 130 131 135
6 118 121 124 129 130 134
8 116 119 120 127 128 129 133 135
7 118 119 120 121 123 126 129
11 116 117 119 122 123 124 125 126 131 134 135
7 120 122 126 128 130 134 135
10 118 124 125 126 129 130 131 133 134 135
7 116 121 125 128 129 130 131
12 116 117 118 120 121 125 128 131 132 133 134 135
9 117 118 119 123 124 125 126 130 134
12 117 120 121 122 123 124 127 128 129 133 134 135
11 117 118 119 120 121 123 128 130 132 133 134
6 116 123 124 127 131 133
10 119 120 121 122 123 125 127 128 132 134
10 117 118 119 120 121 122 127 128 129 131
10 117 118 119 124 126 127 128 129 130 132
10 118 119 121 122 125 127 128 132 133 135
12 117 118 119 120 122 123 125 126 127 130 132 133
9 119 121 122 123 126 129 132 134 135
9 116 117 118 123 124 126 127 128 131
8 116 118 119 123 128 130 131 134
10 116 117 119 122 126 129 131 132 133 135
9 116 118 123 127 129 130 131 132 135
13 117 120 121 122 123 124 125 126 129 130 131 134 135
9 117 119 121 123 126 128 131 132 134
13 117 118 119 120 121 122 123 126 128 132 133 134 135
7 118 121 123 126 128 132 133
6 116 119 123 127 131 132
12 116 117 119 120 121 124 125 126 127 128 131 135
7 118 120 121 123 129 132 135
8 116 123 125 126 130 131 132 134
9 119 120 125 126 127 128 130 131 134
9 120 121 122 123 127 128 131 134 135
11 116 117 119 121 122 127 129 131 132 134 135
8 116 119 120 122 123 129 131 132
10 116 118 120 125 126 127 129 131 134 135
12 116 117 119 120 121 124 127 128 129 130 134 135
13 116 117 118 119 121 123 125 126 127 128 130 133 135
10 116 119 123 125 126 127 129 131 132 133
11 117 118 121 122 125 127 130 132 133 134 135
13 116 117 118 120 125 126 127 128 129 130 131 132 135
9 118 119 121 122 124 125 127 129 132
8 116 120 124 126 128 131 132 133
10 118 119 122 123 125 126 127 130 133 135
13 116 118 120 121 123 126 127 128 129 130 131 133 134
10 118 119 123 125 127 128 129 130 134 135
12 116 117 118 120 121 123 124 125 127 128 133 135
13 117 118 119 121 122 125 126 127 128 129 132 133 134
12 116 120 121 123 125 126 128 129 130 131 132 134
11 117 119 122 123 124 125 127 128 131 133 135
9 116 120 121 123 125 127 130 132 135
8 118 120 121 124 126 132 133 134
10 116 119 122 124 125 126 128 132 134 135
6 118 119 122 129 132 135
6 120 122 124 125 132 133
12 117 119 120 121 123 124 126 130 131 132 133 135
10 116 117 118 119 121 122 123 124 130 131
10 116 118 123 124 126 129 131 132 133 135
10 117 119 120 121 122 123 124 126 128 130
13 116 117 118 122 123 124 125 127 128 129 130 131 135
6 119 124 125 129 130 132
9 116 117 119 128 129 130 131 132 133
7 116 117 121 124 127 131 133
12 117 120 122 123 124 126 127 128 129 130 134 135
6 116 121 127 128 132 134
6 117 121 124 129 130 131
9 116 118 119 122 124 125 131 132 134
11 117 118 120 121 122 123 130 131 132 133 134
10 116 117 118 120 121 124 125 126 132 134
7 117 120 122 125 126 130 132
8 117 119 120 125 126 127 133 134
11 116 117 120 122 124 128 129 130 133 134 135
12 116 117 118 119 121 122 127 128 130 131 132 135
12 116 118 119 120 122 123 124 125 127 128 131 132
10 118 121 123 124 125 127 129 130 133 135
12 117 118 120 121 124 125 126 128 129 131 133 134
8 116 117 118 120 121 122 125 128
12 116 117 119 120 122 123 126 127 129 130 132 135
12 116 117 118 120 126 128 129 130 131 133 134 135
7 118 120 121 124 126 128 131
10 116 117 119 122 124 125 130 131 132 134
12 116 117 118 119 120 121 129 130 131 132 134 135
11 116 119 120 121 123 126 128 129 130 131 133
11 117 118 121 122 123 124 125 126 127 131 133
10 116 117 119 121 123 124 126 130 132 135
13 116 117 119 120 124 125 126 127 128 130 132 134 135
9 117 118 122 124 127 128 130 132 134
12 116 117 120 121 125 126 127 130 131 132 133 134
7 116 117 121 128 130 132 133
8 118 120 122 127 128 131 132 135
8 118 122 123 129 131 133 134 135
11 117 118 119 122 123 124 126 127 129 130 134
10 116 118 120 121 123 124 125 129 130 134
13 116 118 119 120 123 125 127 128 130 131 132 133 134
12 116 119 121 122 123 124 125 128 129 130 133 134
9 119 120 121 122 126 129 130 132 134
11 116 118 119 122 123 128 129 132 133 134 135
33 136 138 140 141 144 147 149 153 154 159 161 162 164 169 171 174 176 178 179 180 181 182 189 190 191 197 203 204 205 208 210 212 215
27 136 137 139 140 144 146 152 154 163 165 168 170 171 176 177 180 186 187 188 195 204 206 210 211 212 213 214
19 137 140 142 143 150 172 173 174 175 180 182 183 187 190 193 196 200 209 212
44 136 139 140 144 146 147 149 151 152 153 154 156 158 160 161 162 163 164 165 166 167 170 171 173 174 175 182 185 187 188 189 195 196 197 198 199 200 202 203 206 207 211 212 214
19 142 150 155 160 163 168 175 177 185 188 192 194 195 199 200 201 202 207 213
19 139 143 151 154 156 166 167 170 172 175 181 183 186 190 193 199 204 209 212
20 136 141 145 152 153 154 156 158 165 168 169 176 181 194 197 198 206 207 211 214
38 138 141 142 145 147 148 149 150 156 158 159 162 166 167 168 169 171 173 175 176 178 180 181 182 187 188 195 196 197 199 200 201 203 204 205 212 213 215
27 138 144 146 151 155 157 161 163 164 166 167 171 177 179 184 185 186 188 189 191 192 199 201 202 205 208 213
38 136 137 138 139 142 143 144 146 149 150 151 153 158 161 163 165 166 167 169 173 175 176 177 179 181 182 186 187 190 192 193 197 199 203 206 210 213 214
43 136 137 139 142 147 149 150 151 152 153 154 156 157 159 160 163 166 167 168 169 172 175 176 178 182 183 184 185 186 187 188 189 191 194 198 199 205 206 209 210 212 213 214
23 140 141 143 145 147 148 154 159 160 161 167 174 179 186 189 190 192 195 199 201 203 210 212
27 137 138 139 141 143 144 145 146 153 155 156 158 159 165 167 171 172 176 177 184 190 192 197 200 201 206 212
36 139 144 149 151 155 156 157 158 162 163 164 166 168 169 170 172 175 178 180 181 183 188 191 193 196 197 198 200 202 205 206 207 208 209 214 215
21 138 142 146 156 157 158 161 174 177 181 182 184 187 191 195 196 206 208 209 211 215
11 139 140 148 170 173 182 189 190 192 194 198
34 138 140 148 153 155 156 157 158 159 160 161 162 163 173 174 178 179 180 182 183 184 185 186 187 190 198 201 202 203 204 207 211 214 215
17 137 138 143 150 155 157 159 168 177 181 183 184 193 194 204 205 208
51 138 140 141 143 147 148 149 151 153 154 155 156 157 159 160 161 166 167 168 170 171 172 173 175 176 177 179 180 181 184 185 186 187 190 191 192 194 196 197 200 201 203 204 207 208 209 210 211 212 213 214
10 136 137 145 154 159 163 183 199 201 203
54 137 139 140 141 143 144 145 146 147 149 150 151 153 154 155 156 158 159 161 162 164 165 166 168 169 170 172 173 174 175 176 178 181 183 184 185 186 188 189 190 192 193 194 195 196 197 199 200 202 203 205 206 207 213
15 142 143 144 157 160 162 164 177 178 183 195 197 199 210 214
6 143 150 161 174 184 203
28 136 142 146 147 149 152 154 164 165 166 169 170 171 175 176 181 189 192 193 194 195 197 199 205 209 210 212 213
20 137 145 148 161 162 165 171 182 185 191 192 196 198 202 203 205 207 208 211 214
18 137 139 141 143 144 145 150 151 167 168 172 177 188 191 196 200 206 208
20 137 139 143 152 153 157 164 165 172 174 177 183 184 186 189 190 191 192 193 208
22 136 140 144 146 151 154 155 160 161 163 170 179 185 194 198 202 206 207 209 210 211 214
15 138 140 155 168 173 175 177 179 185 194 195 197 205 206 209
29 136 137 139 142 144 145 146 150 152 158 162 163 164 165 169 174 178 182 183 188 189 193 195 198 199 202 205 206 215
40 138 140 141 142 144 146 149 151 152 153 154 159 161 162 163 165 166 174 175 178 182 185 186 188 190 194 195 196 197 198 199 200 202 204 205 207 208 209 210 215
21 141 147 149 158 171 173 175 180 181 184 187 189 190 192 193 198 201 202 204 205 207
28 142 143 144 149 150 155 156 160 164 166 167 172 174 175 178 183 184 185 190 191 198 200 202 204 205 209 214 215
42 140 141 145 147 148 152 154 155 156 157 159 160 162 164 168 170 171 172 174 178 180 183 184 185 188 189 191 194 195 196 198 200 201 202 204 205 207 208 209 211 212 215
20 137 142 144 147 150 152 156 157 166 169 172 178 179 180 186 187 197 202 209 213
47 136 137 138 139 142 143 144 145 146 148 149 150 154 159 160 163 164 165 167 169 171 172 175 177 178 181 183 186 189 192 194 196 197 198 199 201 202 204 206 207 208 209 211 212 213 214 215
3 137 143 162
17 138 140 148 150 153 165 166 168 169 172 176 179 188 200 209 213 215
21 139 141 147 149 152 153 162 164 165 178 180 185 188 190 193 197 198 204 205 207 214
21 136 142 147 149 151 157 162 164 168 169 174 175 178 179 180 181 195 196 203 209 210
37 136 137 139 140 141 145 147 153 157 158 161 162 163 165 168 169 170 171 176 180 181 182 188 189 192 193 194 195 196 197 199 201 203 207 210 211 213
19 136 138 139 142 145 148 151 154 156 159 169 181 182 186 192 201 209 212 215
29 137 139 142 146 147 148 149 151 153 154 156 159 160 164 170 173 177 178 182 185 186 190 194 195 197 205 206 208 210
8 136 140 142 144 169 175 185 205
19 140 141 146 155 157 160 165 168 172 174 176 177 190 194 199 200 205 206 210
14 136 143 159 161 163 164 167 175 185 188 200 211 212 214
47 138 141 142 145 147 148 149 151 153 155 156 157 158 159 160 162 164 166 167 169 172 173 175 178 179 181 182 183 185 189 190 191 192 193 194 196 197 198 199 200 201 202 205 207 208 209 215
35 138 141 145 146 149 151 153 154 155 158 160 162 165 168 171 174 176 177 181 183 184 191 193 195 196 199 201 203 204 205 206 207 208 210 215
22 145 147 149 151 152 155 158 161 166 174 184 189 190 192 195 196 197 203 206 208 210 213
23 137 141 144 146 149 157 158 159 165 166 172 176 180 181 183 192 196 198 199 202 204 211 215
21 136 137 138 142 146 150 152 153 165 171 173 176 177 182 184 185 187 194 204 211 213
14 137 140 141 146 149 151 155 161 164 178 180 187 196 202
48 136 137 139 141 144 145 146 147 148 149 150 151 153 154 156 157 160 161 164 165 166 167 168 169 170 171 173 175 177 179 184 188 191 192 194 195 197 198 199 200 201 202 204 205 207 213 214 215
24 143 145 148 155 158 160 167 168 170 171 173 176 177 179 180 181 183 184 189 192 193 211 212 214
7 145 151 173 183 184 198 206
21 143 144 150 158 161 166 167 170 171 175 178 183 193 196 197 198 202 203 204 207 208
32 138 140 142 143 152 155 158 159 162 163 172 174 176 178 180 181 182 183 185 186 187 189 190 193 196 203 206 208 209 210 211 212
21 136 138 144 146 147 150 155 159 160 163 164 168 174 176 179 187 189 195 197 213 215
15 138 146 148 151 152 154 159 173 177 179 186 187 206 208 212
25 138 145 152 160 163 166 167 169 171 172 182 183 189 191 192 194 197 199 201 205 206 208 210 211 214
28 140 143 144 148 150 151 155 160 166 167 168 169 170 171 172 173 175 176 179 186 189 192 194 200 202 210 212 213
37 136 139 145 147 148 150 151 152 153 154 156 160 161 163 164 169 170 171 174 178 184 186 187 188 189 190 191 193 200 201 203 207 208 210 212 213 214
21 137 147 149 152 153 162 163 164 173 179 180 184 185 187 188 189 191 195 211 213 214
5 142 143 162 167 182
32 140 148 150 152 154 160 161 163 166 170 173 182 183 185 186 187 188 189 191 193 194 198 199 202 204 205 207 208 211 213 214 215
14 139 147 148 149 159 160 162 170 178 195 203 204 210 215
18 136 143 147 148 162 170 173 174 175 179 184 188 195 198 200 209 212 213
21 137 139 143 146 148 152 156 157 158 165 166 167 170 172 186 187 193 196 209 211 214
20 140 141 142 149 152 153 157 158 169 173 177 178 180 184 188 194 200 201 206 210
47 138 139 141 146 148 150 153 154 156 157 159 160 163 164 165 167 168 170 171 172 173 176 177 178 179 180 181 182 183 186 187 188 191 193 194 198 199 200 201 202 204 207 209 211 212 214 215
23 139 142 144 150 153 154 156 157 158 159 165 168 176 177 181 185 186 190 193 203 204 207 215
51 136 138 140 141 143 144 145 150 152 155 157 158 161 162 163 165 166 167 168 169 171 172 174 175 176 179 180 181 183 184 187 188 189 191 192 193 196 198 199 200 201 202 203 204 207 209 211 212 213 214 215
16 136 137 139 147 150 156 157 164 169 172 187 191 201 203 206 213
26 136 138 142 148 152 157 160 163 167 171 177 179 180 182 187 191 198 201 204 208 209 210 211 212 214 215
33 140 141 147 151 152 153 155 156 157 158 161 162 166 168 170 173 174 176 179 180 182 184 185 187 188 190 191 193 195 200 203 205 210
37 138 140 141 143 144 145 146 148 155 158 161 162 164 165 170 171 173 174 177 179 180 181 190 192 193 195 196 197 200 201 202 203 204 207 208 211 215
19 141 142 145 148 169 172 176 178 179 180 186 190 191 192 201 209 210 213 215
27 136 137 139 145 146 151 152 154 155 156 159 161 163 167 170 174 182 185 186 191 194 196 203 206 208 211 212
9 142 144 157 162 164 177 178 183 195
3 143 161 203
12 138 145 160 169 172 183 192 194 201 206 208 211
17 145 152 160 166 167 169 171 182 183 189 191 194 197 201 205 208 211
13 142 144 147 150 152 156 157 166 172 179 180 187 209
29 140 141 142 144 146 149 152 154 161 162 163 165 174 178 185 186 188 190 194 195 196 197 199 200 204 205 208 210 215
12 136 144 146 155 160 163 174 176 179 187 189 197
8 138 143 150 157 168 181 205 208
11 137 140 141 155 161 164 178 180 187 196 202
16 137 139 152 154 155 156 161 170 174 185 186 194 203 206 208 211
1 162
14 142 147 149 151 157 162 164 169 174 175 180 181 209 210
14 145 152 160 163 171 172 182 183 191 192 199 201 208 214
28 138 142 146 149 153 154 159 161 162 166 174 175 178 182 186 188 194 195 196 197 199 200 204 205 208 209 210 215
18 138 144 157 161 163 164 167 171 179 184 186 188 189 192 201 205 208 213
12 156 157 158 174 181 182 184 187 196 206 209 211
12 141 142 145 148 172 176 178 180 186 191 201 213
4 136 140 175 185
36 140 141 143 147 148 149 151 154 155 160 161 166 167 168 170 172 173 176 177 179 180 181 184 185 186 187 190 191 192 200 201 203 204 209 211 214
15 141 145 147 154 160 161 167 179 189 190 192 195 199 203 212
11 144 158 166 167 170 175 196 197 202 203 207
16 137 139 143 146 148 152 156 157 158 165 170 172 187 193 196 214
15 138 146 156 157 158 161 177 182 195 196 206 208 209 211 215
10 146 150 152 165 171 176 177 182 187 211
12 138 142 156 157 158 161 174 177 181 187 206 211
19 137 141 144 146 157 158 159 165 172 176 180 181 183 192 196 198 199 204 215
12 138 146 148 154 159 173 177 179 186 206 208 212
13 138 148 153 165 166 168 169 172 176 179 200 209 213
22 136 137 139 140 144 146 152 163 165 168 177 180 186 187 188 195 204 206 210 211 212 214
20 138 141 142 145 148 149 158 159 166 171 173 176 182 187 197 200 201 203 204 215
36 136 140 144 146 147 151 152 154 156 158 162 163 165 167 171 173 174 175 182 185 187 188 189 195 196 197 198 199 200 202 203 206 207 211 212 214
30 141 146 147 149 151 153 154 157 161 164 165 166 167 170 171 175 177 179 188 192 197 198 199 201 202 204 205 207 213 214
17 136 142 146 147 149 154 169 175 176 189 192 193 194 205 210 212 213
12 137 139 148 152 156 157 158 170 172 186 209 211
9 139 148 173 182 189 190 192 194 198
40 137 139 140 141 143 144 145 146 149 150 151 155 156 158 159 161 162 164 166 168 169 172 176 178 181 183 184 186 188 189 190 192 193 195 196 202 203 205 206 213
14 140 141 145 147 148 154 160 161 179 192 195 201 203 210
12 151 157 162 164 168 169 174 175 178 180 196 210
20 143 145 148 158 160 167 168 170 171 173 176 177 179 180 183 184 189 193 211 214
14 145 151 154 155 159 170 174 182 186 194 196 203 211 212
10 139 143 144 150 167 172 188 191 196 206
30 138 141 145 146 149 151 153 154 155 160 162 165 168 171 174 176 177 183 184 191 193 196 201 203 204 205 206 207 210 215
2 143 162
10 138 155 173 175 177 179 185 194 195 197
16 141 149 152 164 165 178 180 185 188 190 197 198 204 205 207 214
36 138 139 141 146 148 150 153 156 159 164 165 168 171 172 176 177 178 179 180 181 182 183 186 187 188 191 193 194 198 200 202 207 209 211 212 214
34 136 137 142 143 144 145 146 148 149 150 154 159 160 163 164 165 167 171 172 177 178 181 183 186 194 196 197 199 204 207 209 212 213 215
26 136 139 145 147 151 152 154 156 161 163 164 170 174 184 186 187 188 189 190 191 200 207 208 210 212 213
15 136 143 147 148 170 174 175 179 184 188 198 200 209 212 213
14 140 142 152 157 169 173 177 178 180 188 194 201 206 210
17 145 148 158 167 170 171 173 176 177 179 181 183 184 189 193 211 214
30 136 137 140 141 145 157 158 161 162 163 165 169 170 171 176 181 188 189 192 193 195 196 197 199 201 203 207 210 211 213
11 137 149 163 173 179 180 184 187 188 191 213
14 138 166 169 171 182 189 191 194 199 201 205 206 210 211
28 137 144 147 148 149 150 151 153 154 160 164 165 166 168 169 170 171 173 175 177 191 195 197 199 200 201 214 215
13 149 152 162 163 164 179 187 188 189 191 211 213 214
34 136 139 141 145 147 148 149 150 151 156 157 160 161 164 165 166 167 168 169 170 173 177 188 192 194 195 199 201 202 204 207 213 214 215
35 138 139 141 148 153 156 157 159 160 163 164 165 167 168 171 172 173 176 177 179 183 187 188 191 193 194 198 199 200 201 202 209 211 214 215
37 136 137 138 139 142 143 144 145 146 149 150 154 159 160 163 164 165 169 172 175 181 189 192 194 196 197 198 199 201 202 206 207 208 211 212 213 215
16 136 142 152 163 171 177 179 180 182 191 198 208 209 210 212 215
15 141 146 149 158 159 165 172 180 181 192 196 198 204 211 215
15 140 141 142 149 153 157 158 169 173 177 180 184 188 200 206
25 141 145 148 155 156 157 159 160 168 170 172 174 178 180 183 185 188 198 202 204 205 207 208 209 211
13 137 142 150 152 156 166 169 172 180 186 187 197 209
19 138 140 144 145 146 158 161 171 173 179 180 190 192 195 196 197 200 202 208
20 142 143 149 150 155 156 160 164 167 172 183 184 185 190 198 200 204 209 214 215
36 141 142 147 149 151 153 155 156 157 160 164 166 167 169 173 178 179 181 182 183 185 189 190 192 193 196 197 198 199 200 201 202 205 208 209 215
20 138 145 158 159 162 167 168 169 171 175 178 180 181 188 195 196 199 201 205 213
17 137 140 142 143 150 172 174 175 180 182 183 187 190 193 196 200 209
13 145 161 162 165 171 182 185 192 196 198 203 205 207
21 137 139 141 143 145 146 153 155 158 159 165 167 172 176 177 190 192 197 200 206 212
20 136 139 141 145 147 153 157 161 162 168 171 176 180 181 189 193 196 210 211 213
13 141 144 146 149 158 165 166 183 192 196 198 211 215
10 140 146 155 165 168 176 190 205 206 210
15 141 145 147 148 154 161 174 179 186 190 192 199 201 203 210
12 137 145 148 161 162 182 191 202 205 207 211 214
27 138 140 141 143 144 145 146 148 155 158 162 165 171 177 179 180 181 190 192 195 196 197 200 202 204 208 215
16 137 139 143 146 148 152 156 157 158 166 170 186 187 196 209 214
13 136 142 148 151 154 156 159 169 182 186 192 212 215
25 136 137 139 144 145 150 152 158 162 163 164 165 169 174 178 182 183 188 193 195 198 199 202 205 215
27 139 145 147 148 151 153 154 156 163 164 169 170 171 174 178 186 188 190 191 193 200 201 207 208 212 213 214
26 141 145 147 148 149 151 153 156 157 162 166 173 178 179 181 183 185 190 193 194 196 197 198 208 209 215
32 136 137 139 140 145 147 157 158 161 162 163 165 168 169 170 171 176 180 181 182 188 189 192 195 196 197 199 201 203 207 210 211
16 140 141 145 148 154 159 160 167 174 179 189 192 195 199 203 212
38 138 141 147 148 149 151 153 156 157 158 159 160 162 164 166 167 169 172 173 178 179 181 182 183 189 190 192 193 198 199 200 201 202 205 207 208 209 215
4 142 175 185 205
28 136 139 147 153 157 158 162 163 165 168 176 180 181 182 188 189 192 193 194 195 196 197 201 203 207 210 211 213
12 137 143 146 148 158 165 166 167 172 186 209 211
12 144 154 157 159 165 181 185 186 193 203 207 215
25 140 154 155 156 159 161 168 170 172 173 175 176 179 186 191 194 196 197 200 201 203 209 212 213 214
12 137 138 155 157 159 177 181 184 194 204 205 208
28 138 141 145 146 149 151 153 154 158 162 168 171 174 176 177 181 183 184 191 193 195 196 199 203 204 206 208 215
15 137 142 144 145 150 162 164 165 178 188 189 193 195 205 215
11 136 144 147 155 159 160 164 168 179 187 213
26 138 140 143 146 148 158 161 162 164 170 173 174 177 179 180 181 190 196 200 201 202 203 204 207 208 215
5 150 161 174 184 203
7 159 161 163 185 188 200 212
9 141 146 155 157 168 177 199 206 210
31 138 140 141 144 146 149 152 153 162 163 165 166 174 175 178 182 185 188 190 194 195 197 198 200 204 205 207 208 209 210 215
12 137 142 144 147 156 166 169 172 178 179 187 197
17 141 147 149 158 171 173 175 181 184 187 189 192 193 198 201 204 205
17 149 151 152 155 158 161 166 174 184 189 190 195 197 203 206 210 213
24 137 139 142 146 147 148 149 151 153 154 156 159 160 164 170 173 177 178 190 195 197 205 206 210
14 138 144 146 155 161 163 164 167 177 179 185 189 201 205
17 140 141 142 149 152 153 157 158 173 177 178 184 194 200 201 206 210
13 139 146 148 152 156 158 165 167 170 172 193 209 211
16 155 161 163 164 166 179 184 185 186 188 189 192 201 202 208 213
13 143 148 158 160 168 170 171 173 179 180 181 183 211
43 143 144 145 146 147 149 150 153 155 158 159 161 162 164 165 166 168 169 172 173 175 176 178 181 183 184 185 186 188 189 190 192 193 194 195 196 197 199 202 203 205 207 213
10 141 142 148 169 178 191 201 209 210 215
30 138 140 141 143 144 145 146 148 155 161 164 165 170 171 173 174 179 180 181 190 193 195 196 200 201 202 203 204 211 215
31 138 140 143 151 154 155 156 159 161 166 167 171 176 177 181 184 185 186 190 194 196 197 204 207 208 209 210 211 212 213 214
15 138 139 142 145 148 151 156 169 181 182 186 192 201 209 212
23 138 140 148 153 155 157 159 160 162 163 173 174 178 179 180 183 185 190 201 202 203 207 211
42 136 138 140 141 143 144 145 152 155 157 158 161 163 165 166 167 169 171 172 174 175 176 179 180 181 183 184 187 188 189 191 196 198 199 200 203 204 207 209 211 213 215
29 136 139 140 146 149 151 152 153 154 158 161 163 164 166 167 170 171 173 174 185 196 197 199 200 202 206 207 212 214
27 138 141 145 149 153 155 158 160 162 165 168 174 176 177 183 184 191 195 196 199 201 203 204 206 207 208 210
17 141 147 149 158 171 173 175 180 181 184 187 189 190 192 193 202 204
45 136 138 140 141 143 144 145 150 152 155 157 158 161 162 165 166 167 168 169 171 172 175 176 179 180 181 183 184 187 188 189 192 196 199 200 201 202 203 204 209 211 212 213 214 215
18 153 155 156 157 158 161 162 166 173 174 179 180 182 185 191 195 203 205
23 136 145 147 148 150 153 156 160 161 164 171 174 178 184 190 200 201 203 207 208 210 212 214
13 137 141 149 158 159 172 176 180 196 198 204 211 215
26 139 148 150 151 152 153 154 156 161 163 164 170 174 178 184 186 187 189 190 191 193 201 207 208 210 214
22 138 145 152 160 163 167 169 171 172 182 183 189 191 192 194 197 205 206 208 210 211 214
10 136 143 163 164 175 185 200 211 212 214
23 138 141 145 148 149 150 156 159 162 169 175 176 178 181 182 188 195 196 197 199 203 212 215
3 151 184 198
16 141 146 155 157 160 165 174 176 177 190 194 199 200 205 206 210
21 139 142 146 147 148 149 153 154 156 160 164 173 178 182 186 190 194 195 197 206 210
16 136 141 145 152 153 154 156 158 165 168 169 176 194 198 206 214
22 141 144 149 151 152 154 159 161 162 163 165 174 175 178 186 190 194 195 200 204 209 210
14 136 137 142 146 150 153 165 173 182 184 187 194 211 213
14 142 150 163 168 175 185 188 192 194 195 199 200 201 213
25 136 139 145 146 148 156 157 160 161 165 167 170 173 179 188 192 194 197 198 199 200 202 204 213 214
15 143 144 150 158 170 171 175 183 193 196 197 198 202 204 207
8 137 141 146 155 164 178 187 202
26 138 146 153 154 156 164 165 168 170 172 173 177 178 179 180 181 182 183 186 193 198 204 207 211 212 214
10 141 160 165 172 174 176 177 190 194 200
25 140 147 151 152 153 155 157 158 161 162 166 168 170 173 176 179 182 187 190 191 193 195 200 205 210
17 143 150 161 166 167 170 175 178 183 193 196 197 198 203 204 207 208
16 140 141 142 149 153 157 158 173 178 180 188 194 200 201 206 210
13 144 153 154 156 157 158 159 168 176 181 190 203 215
28 141 145 147 148 152 154 156 157 160 162 168 170 178 180 183 184 185 188 189 194 195 196 198 202 205 209 211 212
31 136 139 141 146 148 150 151 153 154 156 157 160 161 164 167 168 169 170 171 173 175 191 192 194 199 201 205 207 213 214 215
18 147 149 151 152 155 166 174 184 189 190 192 195 197 203 206 208 210 213
10 139 143 154 183 186 193 199 204 209 212
11 136 143 161 163 164 167 185 188 211 212 214
4 173 183 198 206
32 140 141 144 145 151 153 158 159 161 166 168 169 170 173 174 176 183 184 185 189 192 193 194 195 196 197 199 200 202 203 206 213
26 136 139 140 141 157 161 162 163 165 168 169 170 171 176 180 182 188 192 196 197 201 203 207 210 211 213
13 136 137 138 142 150 165 173 177 182 187 194 204 211
15 137 139 141 143 144 145 151 167 168 177 188 191 200 206 208
17 140 143 147 148 154 160 167 174 186 189 190 192 195 199 201 203 210
17 141 152 153 154 158 165 168 169 176 181 194 197 198 206 207 211 214
15 138 145 152 160 166 167 169 171 172 183 191 192 201 205 211
11 138 140 148 150 153 165 166 168 172 200 215
17 137 139 146 148 152 156 157 165 167 170 172 186 187 193 209 211 214
12 137 140 146 149 151 155 161 164 180 187 196 202
14 137 141 143 145 150 151 167 168 172 177 188 191 200 206
17 136 142 146 147 152 165 170 171 175 176 189 192 195 199 209 210 213
9 142 144 160 162 183 195 197 199 214
22 142 145 147 148 149 158 159 166 169 173 175 176 180 182 187 188 196 197 201 204 205 212
10 143 150 161 170 171 193 197 202 204 208
11 138 148 151 152 154 159 177 179 186 187 208
13 138 145 160 163 166 169 171 189 192 205 208 210 214
4 145 151 173 183
11 139 148 149 160 162 170 178 195 204 210 215
52 136 137 141 145 146 147 148 149 150 151 154 157 159 160 161 163 164 165 167 169 170 171 172 173 174 175 177 180 181 182 183 184 187 188 189 190 192 193 195 196 197 199 201 203 205 206 207 208 211 212 213 214
36 136 140 145 146 148 150 155 156 158 160 163 164 166 167 170 174 177 182 184 185 186 188 189 190 191 193 194 195 196 200 202 203 206 207 211 215
33 137 138 149 153 155 158 159 161 162 164 165 166 168 169 173 175 178 181 182 183 187 189 191 194 198 200 203 206 208 209 211 213 215
32 137 138 139 143 144 147 153 157 158 159 160 161 162 163 164 168 173 180 181 184 186 187 188 193 197 198 202 203 205 211 213 215
24 142 143 144 145 149 150 151 156 165 170 173 174 179 180 183 185 189 200 206 208 210 213 214 215
32 136 137 142 144 145 147 151 155 157 161 162 163 166 173 175 176 177 184 187 188 190 193 195 196 200 202 205 206 208 211 212 214
43 136 137 138 139 140 147 150 151 152 157 159 160 161 162 164 165 167 168 170 172 173 176 177 181 186 187 188 192 193 194 198 202 203 204 205 206 207 208 209 210 211 213 215
27 137 142 144 145 147 149 151 152 154 157 160 161 168 169 170 172 177 180 184 188 189 192 201 202 204 208 210
36 138 139 141 144 145 146 147 148 150 152 153 154 155 156 167 168 172 174 177 178 179 181 187 188 190 194 200 201 203 204 206 210 211 212 213 214
47 140 141 143 144 145 151 152 153 154 156 157 158 161 164 165 168 170 171 172 173 174 175 177 178 180 181 182 183 184 185 186 187 188 189 192 193 196 197 200 204 205 206 208 209 210 212 214
31 143 145 147 148 156 157 159 162 168 169 174 175 180 181 182 183 185 186 187 188 189 191 193 194 195 197 198 202 205 213 214
28 138 145 152 155 158 161 163 165 166 167 171 175 176 180 185 186 189 192 194 195 196 197 198 199 205 207 210 213
50 136 140 141 142 143 144 145 146 147 149 155 157 159 160 161 162 163 166 167 168 171 172 173 174 176 177 179 180 181 183 184 187 189 190 191 193 195 196 197 199 201 202 203 204 207 208 209 212 214 215
29 139 144 150 152 154 155 158 160 161 162 163 164 166 167 173 174 177 178 179 180 184 187 190 193 194 198 200 203 215
39 137 138 139 140 145 146 147 150 152 154 155 156 160 161 164 165 166 168 173 174 175 178 180 182 184 185 186 189 191 193 194 198 200 201 202 205 207 208 211
45 139 143 144 147 148 150 151 152 153 155 156 157 159 160 161 162 164 166 167 171 172 174 177 178 180 184 185 188 189 192 195 196 197 198 199 201 202 203 204 207 208 209 210 211 215
44 137 140 142 143 145 146 147 150 153 154 155 158 161 166 169 170 171 172 175 176 177 179 181 182 183 186 189 190 191 192 193 194 198 199 200 202 204 205 207 209 210 211 212 215
27 138 139 143 144 148 152 153 155 156 159 160 161 165 169 175 179 181 183 189 193 194 197 201 204 205 209 212
53 136 137 138 139 141 144 148 149 150 152 154 155 156 157 159 161 162 163 164 165 166 167 168 172 173 174 176 177 179 181 182 183 184 185 187 188 190 192 193 194 195 196 197 198 201 203 204 206 208 210 211 213 215
44 136 137 138 140 141 143 144 145 147 148 150 151 156 157 160 162 163 164 165 167 168 170 173 174 175 180 181 182 183 186 187 189 191 199 200 201 202 204 206 208 209 211 212 215
27 143 144 153 154 160 163 164 168 170 171 172 175 183 184 185 186 193 194 195 196 200 201 202 203 204 209 212
48 137 138 139 140 142 143 145 146 147 150 151 152 157 158 159 160 164 166 170 171 172 173 176 177 179 180 181 182 183 185 186 190 191 193 195 196 200 201 202 203 205 206 207 208 210 213 214 215
37 137 138 139 140 141 143 144 145 147 148 150 154 157 159 160 161 162 165 169 170 171 175 176 182 184 186 187 188 189 190 193 201 203 204 207 210 214
34 138 141 142 145 147 150 151 159 161 162 163 164 167 168 170 176 178 180 182 183 184 185 188 189 190 192 194 198 199 201 202 207 213 215
45 137 138 139 141 145 146 147 148 151 152 153 154 155 156 158 163 166 170 171 172 173 174 178 182 183 186 188 189 191 193 194 195 196 197 198 199 201 203 204 205 206 208 212 213 214
44 137 138 145 148 150 151 152 154 155 156 159 160 163 165 167 168 169 170 171 172 174 175 176 177 179 180 181 183 184 185 186 187 190 192 193 195 196 197 200 202 203 207 208 209
46 138 139 140 144 146 147 148 149 150 151 152 153 154 155 156 160 161 163 167 168 169 170 171 173 175 177 178 179 182 185 187 188 194 197 198 200 201 203 204 205 206 208 209 211 212 215
33 136 137 139 140 142 145 146 151 155 156 157 162 164 168 171 172 173 177 181 182 183 186 187 191 197 200 202 204 205 207 209 210 213
33 136 139 140 142 144 147 150 151 158 164 165 168 172 175 181 183 187 189 191 193 195 196 197 198 201 202 203 205 206 210 211 212 213
42 136 137 138 141 142 143 145 146 148 149 152 153 155 159 161 168 169 170 171 173 174 176 177 178 179 181 182 184 185 189 190 191 195 196 198 199 202 205 208 209 214 215
55 136 137 138 139 140 142 143 145 147 148 149 151 152 154 156 157 160 161 163 164 168 169 170 171 172 173 176 177 178 179 180 181 182 183 184 185 186 187 188 189 191 193 194 197 198 200 201 203 205 209 210 212 213 214 215
48 136 137 140 141 142 144 149 150 151 152 153 154 155 158 160 161 162 163 164 165 167 168 171 174 176 179 180 182 183 184 185 187 189 190 191 194 195 196 197 201 204 205 206 207 208 212 214 215
26 139 141 142 143 146 148 150 156 162 164 166 172 174 176 182 183 184 186 187 192 195 196 197 205 206 207
38 138 140 141 142 143 147 148 152 154 156 158 161 165 166 167 168 169 172 173 175 176 177 180 181 182 183 184 186 187 193 201 202 203 204 207 209 214 215
38 136 137 138 139 148 149 150 154 155 156 157 158 160 162 163 165 166 171 178 181 182 183 185 188 189 190 194 195 196 199 203 204 206 207 208 209 210 211
34 136 137 141 142 143 147 151 152 154 157 162 166 168 169 170 172 174 175 176 183 188 190 191 192 193 196 198 199 200 201 203 209 212 214
31 138 139 142 145 149 153 156 158 161 164 166 167 168 174 176 177 180 184 188 190 193 194 196 198 200 201 206 209 211 214 215
53 137 139 140 141 142 143 144 145 147 148 150 152 155 158 159 161 162 163 167 169 170 171 173 177 178 180 181 182 184 185 186 187 189 190 191 192 194 195 196 199 200 201 203 205 206 207 208 209 210 211 212 213 215
47 137 138 142 145 146 147 149 151 152 153 155 156 157 160 161 162 165 168 169 171 172 173 177 178 180 181 182 183 184 185 186 189 190 191 192 193 194 195 196 197 198 200 202 204 206 207 208
37 137 141 145 148 152 157 158 159 162 165 166 168 170 172 173 174 175 176 177 179 182 183 184 185 190 192 193 195 196 198 199 200 202 203 205 211 212
44 137 138 139 141 143 144 146 147 148 152 155 157 158 159 162 163 164 166 167 168 169 170 171 175 183 184 185 186 187 194 195 199 200 201 202 203 204 205 208 209 210 211 212 214
31 139 140 141 143 146 151 153 156 157 158 159 160 161 164 168 170 171 172 179 181 183 190 191 195 196 197 198 207 209 211 215
36 136 137 141 143 144 145 148 150 154 160 162 164 165 167 168 169 170 171 176 178 179 182 183 188 193 195 197 199 201 205 207 209 210 211 212 213
38 136 137 138 140 142 144 147 148 149 150 156 161 164 166 167 168 169 170 171 172 176 178 180 182 188 189 192 194 196 197 198 201 203 204 206 207 208 214
25 136 139 141 144 147 150 152 158 159 161 165 169 172 175 177 178 181 184 187 188 191 193 194 201 206
47 137 138 139 140 141 143 144 146 148 153 154 156 157 158 159 161 164 165 166 168 169 171 173 175 176 177 178 179 180 183 186 187 188 189 190 191 192 194 195 196 200 202 203 207 208 214 215
50 136 137 138 139 141 142 144 145 147 148 149 150 151 153 155 157 158 159 161 164 166 169 170 172 174 175 176 179 180 181 182 184 185 187 189 193 195 196 197 198 199 200 204 205 207 209 210 211 212 213
24 137 138 141 148 154 155 156 159 172 175 184 187 190 191 196 197 198 199 200 207 209 210 213 214
43 138 140 143 148 149 150 152 153 156 157 160 161 163 165 166 168 169 171 172 175 177 178 180 182 184 186 187 189 190 191 192 195 198 200 201 203 204 207 209 212 213 214 215
38 136 137 138 139 142 144 145 146 147 153 154 155 157 158 160 166 168 170 173 174 177 179 182 186 188 191 192 193 194 197 198 199 201 203 205 208 209 212
44 137 138 139 144 145 146 148 149 150 152 155 156 157 158 161 163 164 165 167 172 173 174 175 178 179 181 185 187 188 190 191 196 197 198 200 203 204 205 207 208 211 212 213 215
34 137 141 142 146 148 150 151 152 155 157 162 164 165 167 168 169 170 171 177 182 185 187 189 190 192 193 194 197 199 201 203 204 208 209
43 137 138 140 142 143 145 147 148 149 150 152 153 157 158 159 161 162 163 165 170 173 174 175 176 178 179 180 186 187 188 189 192 195 197 198 202 206 207 208 209 211 212 213
31 136 138 140 142 144 149 151 152 155 156 157 163 166 170 173 175 178 181 183 184 185 187 189 192 193 195 202 207 212 213 215
29 136 144 145 149 150 156 158 159 161 162 164 167 168 171 173 175 176 183 185 186 191 195 196 197 202 203 208 211 212
25 138 144 148 150 151 153 165 167 168 170 172 173 176 179 181 183 188 189 193 198 201 208 209 213 215
42 136 138 139 140 141 142 143 144 146 147 150 152 154 156 158 159 160 162 167 169 173 176 178 181 183 184 185 186 187 188 189 190 192 196 199 203 205 206 207 209 210 211
40 136 138 141 143 144 145 148 149 153 155 156 161 163 164 165 167 172 173 174 177 180 181 182 183 185 187 189 190 193 195 197 199 201 202 204 205 207 209 210 211
38 136 142 143 145 149 153 154 156 159 161 163 165 166 167 168 173 174 175 177 179 181 184 187 189 190 192 196 197 199 200 201 202 205 206 209 210 211 215
37 138 141 146 148 149 152 156 158 159 162 164 165 167 169 172 176 178 179 180 181 184 185 188 189 193 194 196 200 202 203 204 205 206 209 212 214 215
24 136 137 138 142 143 149 156 157 159 162 167 169 179 185 187 188 189 196 197 198 201 206 211 213
39 136 139 142 143 144 148 150 151 155 156 158 159 160 161 164 166 172 175 176 177 179 180 187 188 190 192 194 195 196 197 198 199 200 201 203 204 205 208 209
41 136 137 139 142 144 145 148 151 153 155 156 157 158 161 165 166 167 169 170 172 173 176 180 181 182 183 185 187 188 189 191 193 195 197 202 203 206 208 210 211 214
39 136 140 141 147 148 149 151 154 155 158 159 160 164 167 169 171 172 173 174 179 180 181 182 184 187 188 191 192 195 197 199 200 201 202 206 210 213 214 215
27 136 137 139 141 142 145 155 159 160 162 164 167 173 178 180 182 184 187 191 192 198 200 204 208 209 213 214
40 141 147 148 152 159 160 162 163 167 168 170 173 174 176 177 179 182 184 186 188 189 190 192 193 195 197 199 200 202 204 205 206 207 208 209 210 211 212 213 214
53 136 138 139 140 141 142 143 144 148 149 152 153 154 155 157 158 160 161 162 163 164 165 167 168 169 170 171 172 173 175 177 180 181 182 185 187 188 190 194 195 198 199 200 201 202 203 204 206 209 210 211 213 214
51 137 139 142 143 144 146 147 148 150 151 152 153 155 156 157 158 162 163 164 165 167 169 170 171 172 173 174 177 178 182 183 184 188 190 191 192 196 197 198 199 201 203 204 205 206 208 210 211 213 214 215
35 136 137 138 140 144 145 148 150 154 156 161 164 167 169 172 174 176 177 178 181 183 184 185 187 189 190 191 192 193 194 197 209 210 211 212
45 136 137 139 140 142 143 144 145 149 155 156 157 158 159 161 163 164 169 170 172 175 178 179 180 182 184 185 187 189 190 191 192 193 194 195 196 198 199 201 205 208 210 212 213 214
52 138 139 140 142 143 144 145 146 148 149 151 156 157 159 161 163 164 165 168 170 173 175 176 177 178 179 180 181 182 184 185 186 187 189 191 193 195 196 198 200 202 203 204 205 206 207 208 209 211 212 213 214
40 136 137 139 143 147 148 151 153 157 160 161 162 164 167 168 170 171 172 173 174 175 182 184 185 186 187 188 189 191 195 196 198 201 203 204 206 207 209 211 213
43 136 137 138 140 142 143 145 146 150 151 153 155 156 157 158 161 163 167 169 170 175 176 177 178 182 186 188 189 190 191 194 198 199 200 202 203 204 207 208 210 211 212 215
42 136 139 140 142 143 145 146 147 151 157 159 161 162 164 165 166 167 168 169 170 171 172 173 178 180 181 182 186 188 189 191 193 194 195 196 198 199 201 203 206 207 215
37 140 143 149 150 151 153 155 156 159 162 164 167 172 173 174 175 176 177 180 181 183 184 185 187 189 190 195 196 197 200 201 203 206 208 209 213 214
52 136 137 139 140 142 144 145 147 148 152 153 154 155 156 157 159 160 161 163 165 168 169 172 173 174 175 176 177 178 183 185 186 187 188 189 190 191 192 193 194 198 199 200 201 202 204 205 206 207 212 214 215
47 139 140 141 142 143 144 145 146 147 150 152 153 154 155 157 158 159 160 162 165 166 168 173 174 175 176 177 179 180 181 182 183 184 185 186 187 188 191 193 197 198 200 201 203 206 213 214
34 140 142 144 145 146 147 148 149 150 151 155 157 160 165 168 169 170 172 174 177 178 185 186 191 194 195 197 198 201 204 207 210 212 213
47 137 138 139 144 145 146 147 148 153 154 155 156 161 162 163 164 165 169 172 174 175 176 178 180 182 183 184 185 186 189 190 192 193 194 195 196 197 198 199 200 202 206 207 208 210 213 215
25 136 139 143 145 150 159 162 166 169 175 184 187 188 193 197 198 199 202 204 206 208 210 211 212 215
47 136 137 139 141 144 145 146 148 149 150 152 154 155 157 158 160 163 166 167 168 169 170 173 174 175 179 180 181 184 185 186 188 189 192 194 195 199 200 201 202 205 207 208 211 212 213 215
44 137 139 140 141 142 143 145 147 149 152 153 154 155 158 161 163 164 167 171 173 174 175 178 181 183 185 186 189 190 191 192 193 194 196 197 199 202 203 204 205 206 209 214 215
47 136 137 138 139 140 147 149 152 153 154 155 156 157 158 159 161 162 163 164 165 166 171 173 174 175 179 180 181 182 183 185 186 187 189 190 191 195 198 199 200 201 203 204 205 207 213 215
29 137 139 149 152 154 159 161 162 164 165 166 167 171 172 178 179 181 186 189 191 194 202 204 205 207 208 210 211 215
35 136 141 144 148 150 151 152 154 156 160 163 164 165 166 167 170 173 174 177 178 179 180 182 184 185 186 193 194 195 196 197 201 204 211 214
25 137 138 141 142 143 145 151 155 157 162 171 175 176 178 184 185 188 194 202 209 210 211 212 213 215
29 136 138 139 141 142 143 148 152 154 155 157 158 159 163 164 165 171 172 173 187 189 194 196 197 204 206 207 211 215
55 136 137 139 142 143 144 145 146 147 148 149 151 154 155 156 157 158 159 160 162 163 164 165 166 167 168 169 170 172 173 175 176 178 179 183 185 186 189 191 192 195 196 197 199 200 201 202 206 207 209 210 211 213 214 215
28 137 138 142 143 148 150 151 157 167 168 170 173 176 178 188 191 192 199 200 201 203 207 208 209 211 212 213 214
24 140 141 143 145 147 148 158 167 176 177 178 179 183 184 189 190 192 193 196 197 200 206 208 209
24 136 141 144 149 151 163 166 167 171 175 176 177 180 183 184 185 186 188 195 199 200 205 206 211
49 136 137 138 139 140 141 142 143 144 145 147 148 149 150 155 156 157 158 159 162 163 164 165 166 167 168 170 171 173 175 179 180 181 185 189 190 191 192 195 196 197 200 202 204 206 210 212 214 215
30 139 141 149 153 155 158 160 162 168 169 171 173 174 175 177 178 179 183 186 189 190 191 193 198 201 205 207 208 209 210
45 136 139 140 141 143 146 148 149 150 151 155 157 159 160 161 164 165 166 167 168 169 170 171 172 173 176 179 181 183 187 188 189 192 197 198 199 200 203 206 209 210 211 212 213 215
41 137 140 141 147 153 155 157 158 159 161 162 163 164 165 166 167 168 171 172 173 174 177 181 182 185 188 193 194 195 198 199 202 204 205 206 207 209 210 212 213 215
35 136 138 141 142 143 144 149 151 152 154 157 158 161 162 166 169 170 173 174 176 178 180 183 185 191 192 193 197 202 204 207 208 210 211 213
40 136 140 144 145 146 147 151 152 155 156 157 159 161 164 165 166 167 169 170 174 175 176 178 182 185 187 192 195 197 198 199 200 201 202 203 204 205 207 209 214
49 136 137 138 139 141 142 143 144 145 146 147 149 150 156 157 158 161 165 168 169 170 173 174 176 177 179 183 184 186 187 189 192 193 195 196 199 200 202 203 204 205 207 208 209 211 212 213 214 215
48 136 138 141 142 143 144 145 147 150 151 152 153 154 157 160 161 162 163 167 168 172 173 174 175 178 179 180 181 183 184 185 188 191 192 193 194 195 197 199 200 201 202 203 205 209 212 214 215
50 136 139 140 143 148 152 155 157 159 160 161 162 163 164 165 167 169 171 172 173 174 175 176 178 180 181 183 184 185 187 188 189 191 192 194 196 197 198 199 200 202 204 205 207 208 210 211 212 213 214
46 137 138 139 141 142 144 145 147 148 149 150 152 153 155 158 160 161 162 164 166 167 168 169 174 176 178 183 184 188 190 192 193 194 196 197 198 200 202 203 204 206 208 209 211 212 213
30 137 139 140 145 148 150 152 153 154 156 159 160 163 165 166 167 171 173 174 175 178 184 185 186 188 197 202 204 209 213
34 137 139 140 141 147 150 151 152 154 156 157 159 160 162 163 165 166 168 169 170 171 172 174 182 183 184 185 192 193 198 202 203 204 214
40 137 138 139 141 144 146 147 148 149 150 151 153 154 159 162 163 166 167 169 170 172 176 177 180 181 182 183 185 186 192 194 195 198 199 203 205 207 208 211 214
47 137 138 139 141 142 145 147 148 151 152 153 155 157 159 160 161 162 163 165 166 167 169 170 172 173 178 179 181 183 185 186 187 190 191 192 194 195 198 199 203 205 206 208 212 213 214 215
55 136 137 138 140 141 142 143 144 145 147 149 151 153 154 157 158 160 163 166 167 169 170 171 172 174 175 178 179 180 182 183 185 186 188 189 190 192 193 194 197 199 200 201 202 203 204 206 207 209 210 211 212 213 214 215
41 136 137 140 142 147 149 150 152 155 157 158 161 166 169 170 171 173 174 175 176 177 179 181 182 183 185 186 187 190 191 193 197 198 199 200 201 202 204 206 213 215
52 137 138 141 143 145 147 148 149 150 151 152 153 155 156 157 158 159 163 165 167 168 170 171 172 173 175 176 177 178 180 182 184 186 188 189 191 192 194 195 196 197 198 199 200 201 203 204 205 206 212 214 215
52 136 137 140 141 142 144 146 147 148 152 153 154 155 156 158 160 161 162 163 164 166 168 169 172 176 177 179 180 183 185 186 189 190 191 192 194 195 196 197 198 199 201 202 203 204 207 208 210 211 212 214 215
54 136 137 140 141 143 144 145 147 148 149 150 151 152 153 154 155 158 160 161 162 163 164 165 167 168 169 170 171 174 175 176 178 179 181 183 185 186 188 190 192 193 195 196 197 198 200 203 204 206 207 209 210 211 213
40 136 137 139 141 142 145 146 150 151 153 154 156 158 160 161 162 164 167 173 174 175 179 180 183 186 192 194 196 197 200 201 203 204 205 208 209 212 213 214 215
28 137 138 142 144 150 151 155 157 160 162 163 176 179 180 181 182 185 186 193 194 195 197 199 203 204 206 207 209
44 138 139 140 141 142 143 144 145 146 147 150 153 154 155 156 157 158 161 163 164 168 169 170 171 172 173 180 181 182 184 185 187 190 193 194 200 201 203 204 206 209 210 214 215
36 140 144 145 146 147 149 151 152 153 154 155 159 160 161 169 172 173 174 175 176 180 181 183 186 189 190 191 192 196 199 201 202 203 204 206 208
48 139 140 141 142 143 144 145 147 148 149 151 152 153 154 156 159 161 162 169 170 176 177 178 179 181 183 184 185 187 190 191 193 194 196 198 199 201 202 203 204 205 206 207 208 209 212 214 215
40 137 139 140 141 142 146 148 151 153 158 160 162 163 164 165 167 168 170 171 172 173 177 180 182 184 186 189 191 192 193 195 200 202 207 209 210 211 212 214 215
51 136 137 138 139 140 143 144 145 147 148 149 150 153 154 155 156 158 160 161 163 166 167 170 171 172 173 177 179 181 183 184 185 186 187 188 189 190 192 194 195 196 199 202 203 204 205 208 210 212 213 214
51 136 138 142 143 144 145 147 150 151 152 153 155 157 158 159 160 161 162 163 164 166 167 169 170 171 172 173 174 175 176 178 181 182 185 186 188 189 192 194 195 201 202 203 204 206 209 211 212 213 214 215
27 138 140 141 143 145 146 149 151 156 158 165 166 168 174 176 177 180 182 186 193 194 198 200 204 206 214 215
34 136 138 139 143 147 150 151 154 158 162 163 164 170 171 172 175 177 178 180 181 185 187 188 189 191 192 193 196 201 202 209 212 214 215
49 136 138 142 143 145 146 148 149 150 151 155 157 162 163 164 165 166 168 173 175 176 178 179 181 182 183 184 185 186 189 190 191 192 193 194 195 196 197 199 200 201 203 204 206 210 211 212 213 214
42 136 137 138 139 140 141 142 145 147 148 149 158 160 164 165 167 168 169 170 173 174 175 177 178 180 181 182 183 184 185 187 189 194 195 197 199 203 204 205 207 208 212
45 136 140 141 142 145 146 147 148 150 151 152 156 158 160 161 164 168 170 171 172 173 175 176 178 179 180 181 184 185 186 187 189 190 191 193 195 197 198 201 208 209 211 213 214 215
42 139 141 144 145 146 147 148 149 154 157 158 159 160 161 167 169 170 171 172 174 175 177 178 181 183 186 187 189 193 197 198 199 201 202 203 205 207 208 209 210 211 215
43 136 137 139 140 141 142 143 144 147 151 153 155 156 157 159 160 161 162 166 168 169 170 176 180 184 187 189 193 194 195 198 199 202 203 205 207 209 210 211 212 213 214 215
31 136 138 140 142 143 144 145 153 156 163 168 169 170 171 175 176 177 183 185 188 189 191 192 196 197 199 201 202 204 210 211
33 137 138 140 143 145 146 147 149 150 152 155 156 158 160 164 166 167 169 172 177 178 179 180 188 189 191 200 204 205 206 207 212 215
54 136 137 138 139 140 141 143 144 145 146 148 149 150 152 153 154 155 156 157 158 159 160 162 163 164 167 168 169 170 171 172 173 175 176 178 179 185 189 190 194 195 196 197 198 202 203 205 206 207 211 212 213 214 215
24 140 141 142 146 147 148 153 155 163 166 171 174 178 179 182 185 186 192 197 204 205 207 208 211
48 137 138 139 141 143 144 145 146 147 148 149 151 152 154 155 156 158 160 161 162 165 167 170 180 181 182 183 186 187 188 189 191 192 193 194 195 196 197 202 203 204 205 206 207 208 210 211 213
44 140 141 144 147 148 151 152 153 155 156 162 164 169 170 172 173 174 175 178 183 184 185 186 187 189 190 192 196 197 198 199 200 201 202 203 206 207 209 210 211 212 213 214 215
31 138 142 144 149 152 155 159 160 163 165 166 169 170 171 173 178 179 181 183 185 186 196 197 198 199 202 207 210 211 214 215
55 136 139 140 141 143 145 146 148 149 151 153 154 155 157 160 161 162 163 164 165 166 167 168 170 171 173 174 175 176 178 179 180 182 183 184 188 189 191 193 194 195 196 198 200 201 202 204 205 206 207 208 210 213 214 215
51 136 137 139 140 142 143 145 146 152 153 154 155 156 157 158 159 160 162 163 164 166 167 168 169 172 173 174 175 180 182 183 184 185 186 187 192 193 194 196 198 199 200 201 203 205 206 208 210 213 214 215
41 136 140 141 142 143 144 145 147 149 151 153 156 163 165 167 169 170 171 172 174 175 176 177 178 181 182 183 186 188 190 191 194 199 200 203 204 207 208 211 213 214
51 136 137 138 141 142 144 145 146 147 149 150 153 157 159 160 161 162 163 165 166 170 171 172 175 178 179 180 181 182 183 185 186 187 188 190 192 193 195 198 199 200 201 202 203 204 205 206 211 212 214 215
25 136 138 139 142 155 156 159 160 161 162 164 165 167 170 171 177 178 182 184 188 194 201 206 210 214
40 136 141 142 146 147 150 152 154 155 157 164 165 166 168 169 173 174 175 177 178 180 181 186 188 191 193 194 195 196 197 199 200 202 205 206 207 209 210 213 215
28 137 139 143 147 148 153 155 156 157 161 167 169 170 173 174 180 183 184 185 186 191 201 202 205 210 211 212 215
38 137 138 139 141 142 146 147 148 150 153 154 155 156 157 158 159 165 166 167 169 170 173 179 180 181 186 192 194 195 198 200 202 203 207 208 212 213 214
27 137 139 146 151 152 154 158 160 161 164 169 170 174 177 181 185 188 193 194 195 196 197 199 202 203 205 207
35 136 141 144 146 149 150 153 154 156 158 159 160 161 162 163 169 172 176 184 185 186 189 190 195 196 198 200 202 206 207 208 210 212 214 215
25 136 142 144 146 147 150 151 152 156 169 172 176 181 183 184 185 191 193 196 198 199 202 205 212 213
33 138 140 143 145 147 148 149 151 155 157 160 161 162 164 165 170 173 174 176 181 183 185 191 193 198 199 200 201 202 204 205 213 215
42 141 142 143 146 149 153 154 155 156 158 161 163 164 165 167 168 169 170 171 173 177 180 184 185 187 188 189 190 192 193 195 197 201 203 204 207 208 209 210 212 213 215
55 136 138 140 141 142 143 144 145 147 148 150 153 154 155 156 157 158 161 163 165 166 171 172 175 178 179 180 181 182 183 184 185 187 189 190 191 194 195 196 198 199 200 203 204 205 206 207 208 209 210 211 212 213 214 215
25 136 137 140 145 150 155 156 162 165 166 167 169 170 174 175 177 179 182 183 186 190 195 206 209 212
27 142 146 148 149 154 158 159 170 171 173 174 175 176 179 182 185 187 188 192 193 203 204 205 208 213 214 215
42 136 145 146 148 149 150 151 154 155 157 158 160 165 167 168 169 171 173 174 175 176 177 178 179 180 181 182 183 189 195 196 198 199 201 203 205 207 209 210 211 213 214
53 136 137 138 140 143 144 145 149 150 151 152 153 154 156 157 158 160 162 166 167 170 171 172 173 176 177 178 180 181 182 183 184 185 187 188 189 190 193 195 196 197 198 199 200 201 203 206 208 209 210 211 213 214
24 136 148 151 152 155 158 165 166 173 174 176 178 180 186 189 190 191 193 195 198 199 207 208 214
52 136 138 139 142 143 147 148 149 151 154 155 156 157 158 159 160 163 165 166 167 168 169 172 173 174 175 177 179 181 182 185 186 187 188 189 192 193 194 195 196 199 200 201 202 204 205 207 209 210 211 213 214
43 136 137 138 139 142 144 147 150 153 159 160 162 166 167 169 174 176 177 178 180 181 185 187 188 189 190 193 194 195 197 198 199 200 201 202 203 204 206 208 209 211 214 215
38 136 137 140 144 147 148 149 150 151 152 154 156 158 162 163 164 165 169 170 172 176 177 178 179 181 184 186 187 191 192 194 195 199 205 207 209 212 213
24 141 143 147 148 158 164 169 170 172 176 178 180 193 194 196 197 198 203 204 208 211 213 214 215
36 138 140 142 145 147 149 150 152 154 158 159 161 162 163 167 168 169 170 172 175 176 179 181 183 185 192 193 194 197 198 199 201 206 209 213 214
28 136 139 141 142 143 144 145 150 159 160 163 168 171 172 177 179 184 185 189 194 196 201 203 206 207 213 214 215
24 138 139 142 148 151 152 157 158 160 166 173 174 175 176 182 183 189 190 193 195 200 204 206 208
41 137 138 140 142 143 146 147 150 152 154 159 161 162 167 168 169 172 173 175 176 177 178 179 181 182 185 186 187 189 190 191 195 198 199 200 203 204 206 207 209 215
32 139 142 146 149 150 151 153 154 155 159 161 168 170 176 177 178 179 181 182 184 189 190 191 192 193 200 203 206 208 210 211 213
47 136 137 138 139 140 141 143 144 145 146 147 148 150 152 154 155 156 159 164 167 169 170 172 174 175 176 179 183 184 185 187 188 192 193 195 197 198 202 203 205 206 210 211 212 213 214 215
41 137 138 140 142 145 149 150 151 153 154 156 157 158 162 163 164 166 167 168 169 170 171 172 173 175 177 178 180 183 184 185 188 191 192 194 195 196 207 209 211 212
28 138 140 143 144 149 153 159 162 163 165 168 174 175 176 179 180 182 187 189 190 192 200 204 205 206 207 213 215
47 136 138 139 142 143 145 146 149 152 153 154 160 161 163 165 167 168 169 170 173 174 175 176 177 178 180 183 184 186 187 188 189 190 192 195 197 199 200 201 202 206 209 210 211 212 213 215
52 136 137 138 139 140 141 143 144 145 147 148 149 150 151 152 155 157 158 163 164 166 168 170 171 173 175 178 179 181 182 183 185 187 188 189 190 193 194 195 196 197 198 199 200 201 202 205 207 211 212 213 214
51 136 137 139 140 141 142 146 148 151 152 153 154 155 156 157 158 164 165 168 169 170 171 173 175 177 178 179 182 183 184 186 187 188 189 191 193 194 195 197 198 199 200 201 202 204 206 207 208 209 213 214
55 136 138 139 140 142 145 146 147 148 149 150 151 153 154 157 158 159 160 165 166 170 171 172 173 174 175 176 177 178 179 180 181 182 183 184 185 187 191 192 193 194 196 197 198 199 201 203 204 206 210 211 212 213 214 215
