205 1260
56 1 2 3 4 5 6 7 8 9 10 11 12 13 14 15 16 17 18 19 20 21 22 23 24 25 26 27 28 29 30 31 32 33 34 35 36 37 38 39 40 41 42 43 44 45 46 47 48 49 50 51 52 53 54 55 56
41 1 2 5 6 7 9 10 12 13 14 15 16 17 18 19 20 21 22 23 27 28 30 31 33 34 35 36 37 38 41 42 43 45 46 48 49 50 51 52 53 56
32 2 5 9 11 12 14 15 16 18 21 22 23 24 25 27 30 32 33 34 35 37 38 41 46 47 48 49 50 51 52 54 56
18 2 3 6 16 17 18 19 23 24 26 29 30 34 36 41 44 54 56
31 1 4 5 6 9 10 17 18 21 22 25 26 27 29 30 32 33 34 36 37 39 40 42 43 44 49 50 51 53 54 56
37 2 3 4 5 7 8 10 11 14 16 17 18 19 20 23 24 25 27 28 29 30 32 33 35 36 37 39 40 41 42 44 46 47 50 52 54 55
30 1 7 8 9 10 11 12 13 14 15 18 19 21 22 25 27 28 34 35 37 38 42 44 46 47 48 49 50 53 55
18 6 7 8 12 13 19 20 21 23 24 28 29 33 36 38 40 46 53
33 4 6 8 10 12 13 14 17 18 22 24 25 26 29 30 31 32 33 34 35 36 37 39 41 43 44 45 46 47 51 53 54 55
28 1 3 5 7 8 9 13 16 17 20 21 23 24 26 30 32 33 34 35 37 39 40 41 43 47 49 53 56
38 1 2 3 4 5 8 9 10 11 12 15 18 20 22 25 26 27 28 29 30 31 32 33 34 35 37 39 40 42 44 45 46 47 48 49 51 54 56
43 2 6 7 9 11 13 14 16 17 18 19 20 21 22 23 24 25 26 27 28 29 31 32 33 34 37 38 39 40 41 42 43 44 45 46 47 49 50 51 52 53 54 55
34 2 3 4 6 8 11 13 14 15 17 18 19 20 21 22 27 28 32 35 36 37 40 41 42 43 45 46 48 49 51 52 54 55 56
32 2 3 6 11 12 13 15 16 20 21 22 24 25 26 28 30 31 32 33 34 37 38 40 41 44 45 48 49 51 52 53 54
44 1 2 3 5 6 7 8 9 11 12 13 14 15 16 17 18 19 21 22 23 24 26 29 31 32 33 34 36 37 38 40 42 43 45 46 47 48 50 51 52 53 54 55 56
26 1 2 4 5 7 8 10 11 14 16 21 23 24 28 29 33 35 38 39 41 44 45 47 48 49 56
41 2 4 5 7 8 9 10 11 12 13 14 16 17 20 21 22 23 24 25 26 27 29 30 31 32 35 36 38 39 40 41 44 45 46 47 48 49 50 51 52 56
36 2 3 4 6 7 9 11 12 14 19 20 21 24 25 26 29 30 32 33 34 35 38 39 40 41 42 43 44 47 48 49 51 52 53 55 56
39 2 7 10 11 12 15 16 19 20 21 22 23 24 25 26 27 28 29 30 31 32 33 34 35 36 37 38 41 42 43 46 48 49 50 51 53 54 55 56
23 6 9 10 12 13 17 19 20 21 22 23 28 29 32 36 41 42 45 47 49 51 55 56
34 4 7 8 9 10 11 12 13 14 15 20 23 25 26 27 28 30 32 33 34 36 38 39 43 44 45 46 47 48 49 51 52 54 56
27 1 3 5 7 9 10 12 13 14 19 21 23 25 26 30 33 39 40 44 46 47 50 51 52 54 55 56
33 1 6 8 9 13 14 15 16 17 21 22 23 24 26 29 30 33 34 35 37 39 40 41 42 44 47 48 49 50 51 53 54 55
32 3 4 9 10 11 13 15 17 18 19 20 21 24 25 29 33 36 38 41 43 44 46 47 48 49 50 51 52 53 54 55 56
36 3 4 7 8 9 10 11 12 13 15 16 17 18 19 20 21 25 28 29 30 32 33 34 35 36 37 42 43 44 45 46 48 49 51 53 55
43 1 3 4 5 6 7 8 9 10 11 12 14 15 16 17 18 19 20 21 22 23 24 25 26 27 29 31 34 35 36 38 40 41 43 44 45 47 48 49 51 53 55 56
36 2 3 4 8 10 11 12 14 16 17 18 19 20 22 23 24 28 29 31 35 36 39 40 41 42 44 45 47 49 50 51 52 53 54 55 56
31 1 2 3 4 6 7 8 10 12 13 15 16 17 18 19 27 28 30 34 35 37 38 42 44 45 46 47 49 50 51 55
26 1 2 4 5 8 13 16 22 23 24 25 29 30 31 32 33 34 36 40 41 43 44 47 53 55 56
21 2 6 10 15 16 25 26 28 29 31 32 34 37 38 42 44 45 46 49 53 56
27 2 4 5 9 12 13 14 15 16 18 19 20 23 28 29 32 33 35 36 37 38 39 47 48 50 52 54
42 1 2 3 5 7 8 9 10 12 13 14 18 19 20 21 22 24 25 26 27 29 32 33 34 35 36 37 38 39 40 42 43 44 45 46 47 49 50 51 53 54 56
24 4 5 10 11 12 17 20 21 24 25 26 28 30 31 32 33 36 38 42 43 46 48 50 56
18 4 12 13 16 19 30 31 33 37 38 43 44 45 50 51 52 54 55
26 3 5 7 8 9 11 14 15 18 19 20 26 28 29 31 33 39 40 41 42 43 44 48 49 51 53
30 1 2 8 10 12 15 16 20 23 24 26 27 30 31 32 35 38 39 40 41 42 43 44 46 48 49 50 51 53 55
20 1 3 5 9 10 14 15 20 26 27 33 35 36 40 41 48 49 50 52 56
19 1 8 15 21 24 25 27 28 32 34 36 37 39 42 43 48 50 53 56
24 1 3 4 5 6 8 9 10 11 13 18 22 25 29 30 36 39 40 42 46 51 52 53 55
39 1 2 4 5 6 7 8 11 12 15 18 20 21 23 24 25 26 27 28 29 30 31 32 35 36 37 38 39 40 41 44 45 46 47 50 51 53 54 55
20 4 6 9 14 15 19 20 22 23 24 25 27 37 40 41 42 45 50 52 54
33 1 4 5 6 8 9 10 11 14 16 17 18 19 20 21 23 24 27 29 31 33 38 41 42 43 46 48 49 50 51 54 55 56
37 2 5 6 7 8 9 11 13 14 15 17 19 20 21 23 24 27 28 29 31 32 33 34 37 38 39 40 41 42 43 45 47 49 51 54 55 56
18 6 8 10 16 19 20 23 24 27 31 33 36 38 42 44 47 50 55
19 1 3 6 7 8 11 16 17 21 23 24 28 37 43 44 45 51 52 54
40 1 2 3 5 7 8 10 12 13 14 15 16 17 18 23 24 25 26 27 28 29 30 31 32 33 35 36 37 39 40 41 42 44 45 46 50 51 53 54 55
29 1 2 3 5 6 8 9 11 13 15 16 17 19 20 22 23 24 25 31 34 37 38 44 45 50 51 53 54 56
37 2 3 4 5 6 10 11 13 14 15 16 18 19 20 21 24 25 26 29 30 31 32 33 34 35 37 43 44 45 46 48 49 50 51 53 54 56
32 2 3 9 10 11 12 15 17 18 20 21 22 25 26 27 30 31 32 35 36 37 38 39 41 42 47 49 51 53 54 55 56
27 1 3 4 6 7 10 11 12 13 15 16 20 21 22 24 25 26 28 29 30 32 34 36 44 45 47 55
22 3 5 6 8 14 16 17 18 19 26 27 35 36 37 40 44 46 48 49 50 53 54
40 1 2 3 4 6 7 9 10 11 13 14 15 16 17 18 19 20 21 24 25 26 27 31 32 35 36 37 39 40 42 43 44 45 46 48 49 50 52 54 55
23 3 6 9 13 14 16 17 18 20 23 28 31 34 35 36 37 38 44 45 46 47 48 52
31 1 2 6 7 9 11 16 20 22 23 24 27 29 32 35 36 37 38 39 40 43 44 45 48 49 51 52 53 54 55 56
44 1 2 3 4 5 6 7 8 9 10 11 13 14 15 16 18 20 21 22 24 25 27 29 30 31 32 34 36 37 39 41 42 43 44 45 46 47 48 49 50 51 52 54 55
17 1 6 10 16 17 20 29 35 37 38 40 43 48 49 50 51 55
26 2 5 7 9 10 12 14 18 19 21 24 25 26 27 29 30 32 38 39 40 43 45 46 47 52 54
32 1 4 5 8 11 12 13 15 17 18 25 27 28 29 30 33 34 36 37 38 39 40 41 43 45 46 49 50 51 52 55 56
24 2 3 4 7 11 15 18 22 25 26 29 31 32 34 35 36 37 40 43 44 49 50 53 55
44 2 3 5 6 7 9 10 12 13 14 15 17 18 19 20 21 24 25 26 27 28 29 30 31 32 33 36 37 38 40 41 42 43 44 45 46 47 48 49 50 51 52 53 56
18 1 4 5 6 15 17 19 20 21 26 32 34 35 39 41 47 49 53
28 1 2 5 6 9 11 12 13 15 16 17 18 22 23 26 29 31 32 33 35 39 40 41 46 48 50 55 56
21 4 6 7 9 11 17 18 19 20 21 25 28 29 30 32 33 34 40 43 46 47
43 1 2 3 4 5 6 7 8 9 10 11 13 15 16 17 18 20 21 23 24 25 26 27 28 31 33 34 36 37 39 41 42 43 45 46 47 48 49 50 51 54 55 56
34 1 2 3 6 8 10 11 12 18 20 21 24 25 26 28 29 32 33 34 35 36 37 38 41 42 44 45 46 47 49 50 51 53 55
26 1 2 3 4 8 14 15 16 18 20 21 25 26 29 30 31 33 34 35 37 41 42 43 47 49 50
36 1 3 5 6 7 10 11 14 18 19 21 22 23 24 25 27 28 29 31 32 33 34 35 36 37 43 44 45 48 49 51 52 53 54 55 56
43 1 2 3 4 5 6 7 8 9 10 11 12 13 14 16 17 19 22 23 24 26 28 29 31 32 33 34 35 36 37 38 39 40 42 43 45 46 49 50 51 52 54 56
19 2 3 4 7 10 12 14 15 22 26 32 35 36 41 42 48 50 52 56
40 1 5 6 7 8 10 11 13 15 16 17 18 19 20 22 23 24 25 26 27 28 30 32 33 34 35 36 38 39 40 41 42 43 44 46 49 52 53 55 56
43 1 2 3 4 5 7 11 12 13 14 15 16 17 18 19 20 22 23 24 25 28 29 30 31 32 33 34 35 36 38 40 41 42 43 44 46 47 49 50 51 53 55 56
29 1 3 5 7 9 10 11 13 16 20 23 24 27 33 35 36 37 39 40 43 45 46 49 50 51 52 53 55 56
30 1 4 7 8 9 12 13 14 18 19 22 23 24 25 28 29 30 32 33 35 36 40 42 44 45 46 47 48 50 56
38 1 2 3 6 9 10 11 12 13 15 16 17 18 19 20 23 24 27 29 31 32 33 35 36 37 38 40 42 43 44 46 47 48 50 51 52 53 54
40 1 2 3 4 5 6 7 8 10 11 12 13 14 19 20 21 24 25 27 28 30 31 34 35 36 37 38 39 40 41 42 44 45 47 48 50 51 54 55 56
26 4 7 8 11 12 14 15 17 23 24 27 30 33 34 35 36 39 40 43 45 47 48 53 54 55 56
35 3 4 5 9 11 12 14 16 17 18 19 20 22 23 25 27 29 30 31 32 33 34 36 38 39 43 44 45 46 47 48 49 50 54 56
39 1 2 4 5 6 7 9 10 13 14 16 17 18 19 21 22 23 24 25 27 29 30 31 32 33 34 35 36 38 40 42 43 44 46 49 52 53 55 56
24 2 5 6 10 11 12 14 21 22 24 29 32 33 34 36 37 39 40 41 43 44 45 46 49
17 6 11 12 14 16 17 21 24 30 43 46 47 48 49 51 54 55
33 1 2 3 5 7 8 9 10 12 13 14 15 17 18 22 24 28 33 34 35 37 38 39 40 42 46 47 48 49 50 51 53 56
18 3 5 6 10 12 14 17 20 22 23 33 38 43 47 48 54 55 56
33 1 2 3 4 9 10 11 13 15 18 19 20 21 25 26 27 28 29 30 31 32 33 34 37 40 42 45 46 47 50 54 55 56
58 57 58 59 60 61 62 63 64 65 66 67 68 69 70 71 72 73 74 75 76 77 78 79 80 81 82 83 84 85 86 87 88 89 90 91 92 93 94 95 96 97 98 99 100 101 102 103 104 105 106 107 108 109 110 111 112 113 114
45 57 58 59 60 61 62 63 64 65 66 67 68 69 70 72 73 75 77 79 80 81 83 84 85 86 87 88 89 90 92 93 94 97 98 99 100 102 103 104 105 106 108 111 113 114
41 58 61 62 63 64 65 66 67 68 69 72 73 75 76 77 79 81 82 83 84 85 86 88 89 91 92 93 95 96 97 98 99 101 102 103 104 106 107 108 110 111
21 58 60 63 64 66 69 70 73 76 79 82 85 93 96 98 101 103 105 109 112 114
39 57 58 59 61 62 63 66 68 69 71 72 74 76 78 79 80 81 82 84 86 87 89 91 92 93 95 101 102 103 104 105 106 107 108 109 111 112 113 114
45 57 58 59 60 61 62 63 64 65 66 67 68 69 70 72 73 74 75 79 80 81 83 85 86 87 88 90 95 97 98 99 100 101 102 103 104 105 106 107 108 109 110 111 113 114
24 57 58 60 61 66 69 73 76 77 79 80 82 86 89 92 96 97 98 99 100 101 109 110 112
32 58 59 60 61 65 67 68 70 72 73 76 77 78 79 80 88 89 90 91 92 93 94 95 96 98 99 102 104 108 109 112 113
28 57 61 63 64 67 68 69 70 71 72 73 77 80 82 85 88 90 91 92 93 95 96 103 104 107 108 113 114
36 57 58 59 61 62 63 64 65 66 67 70 71 72 73 75 78 79 80 81 84 86 91 94 95 97 98 101 103 104 105 106 107 108 109 110 114
17 60 62 68 72 75 76 79 80 93 96 98 99 101 105 106 113 114
19 59 60 62 65 70 72 74 76 79 80 82 83 84 85 87 97 98 109 114
35 58 59 60 64 65 70 71 72 73 74 75 78 79 80 83 87 88 90 91 92 93 94 95 96 98 99 103 104 105 107 108 110 111 113 114
25 59 61 62 67 68 69 71 77 78 79 81 86 88 91 94 97 99 100 103 104 105 106 107 109 110
17 58 59 64 71 72 74 77 78 80 85 90 94 96 100 103 107 113
12 115 119 126 128 132 140 148 149 152 153 156 159
10 115 118 122 130 139 141 147 155 156 162
24 115 119 120 122 125 126 131 132 133 134 135 137 142 144 145 146 149 152 153 156 159 161 162 163
21 119 122 123 124 127 132 133 134 135 136 140 142 144 146 149 155 156 158 160 161 163
8 117 126 132 136 141 155 159 161
12 117 120 122 127 128 140 148 151 152 154 159 163
21 115 116 118 123 125 126 130 132 134 136 138 142 143 144 145 147 153 156 157 158 160
23 115 119 120 122 125 128 130 133 134 135 138 139 140 145 146 147 148 149 151 152 154 157 158
20 117 118 122 125 127 129 133 136 137 141 142 145 147 148 151 152 153 156 158 163
16 115 116 120 121 124 136 137 138 139 141 145 146 148 150 159 161
16 115 121 128 130 132 134 135 137 141 143 146 150 153 155 158 161
14 115 116 118 119 120 124 125 133 141 144 147 159 161 162
9 115 118 120 124 129 130 146 155 162
13 118 119 121 123 127 130 133 137 146 149 150 151 162
12 117 120 122 127 131 132 138 143 144 147 148 157
7 115 122 131 141 142 158 162
8 125 136 139 143 147 156 159 161
13 116 119 125 129 133 134 135 140 141 150 151 152 162
10 120 125 129 136 140 147 148 150 152 156
5 115 130 142 153 163
22 115 116 117 124 126 128 129 130 133 136 138 139 141 142 143 146 148 150 151 157 158 161
24 116 121 124 125 129 130 131 134 135 136 137 139 141 143 147 150 151 154 155 157 158 161 162 163
18 119 120 121 125 127 128 135 136 138 143 144 146 147 148 151 154 158 159
13 117 134 135 136 140 142 144 148 150 151 153 161 163
18 117 118 119 122 126 131 132 133 135 137 138 139 143 145 146 150 156 161
26 115 116 119 121 123 125 127 128 130 131 132 133 134 135 137 141 142 143 144 147 148 149 151 156 162 163
9 115 120 123 141 147 153 154 158 159
17 117 121 124 126 128 129 135 137 141 142 145 146 147 149 155 161 162
22 116 121 124 125 127 128 129 130 134 136 140 142 144 148 149 151 152 155 157 160 162 163
12 124 125 127 131 134 142 156 157 159 160 161 163
25 116 117 118 121 123 124 127 128 129 130 136 138 139 140 141 143 147 148 150 151 154 155 157 158 160
28 115 116 117 118 120 121 125 126 128 129 130 131 137 138 139 141 143 145 147 148 150 151 152 153 154 157 159 162
19 117 127 128 129 130 132 133 136 141 143 146 148 151 152 154 156 158 160 163
25 115 116 117 118 119 120 121 123 129 132 133 134 141 142 144 147 148 149 153 155 156 157 161 162 163
19 117 119 121 126 127 128 130 133 134 135 137 138 145 149 151 153 157 160 161
23 117 118 120 122 124 126 129 136 138 139 140 145 146 150 152 153 154 155 157 158 159 160 161
16 116 119 120 121 123 127 128 129 132 133 143 145 152 154 157 159
8 118 128 133 143 147 158 161 163
25 118 121 122 124 127 128 130 131 132 135 136 138 139 142 143 144 145 146 147 153 154 155 157 160 162
14 119 125 127 134 136 138 140 144 148 149 150 151 159 162
2 150 154
19 118 121 123 124 126 128 136 137 139 145 146 149 154 155 156 158 159 160 161
20 116 118 120 122 124 133 135 137 142 143 144 148 149 151 152 156 158 159 162 163
8 116 136 144 145 147 152 153 159
13 119 121 129 131 133 135 139 141 146 150 155 161 162
3 121 156 163
30 115 116 118 119 120 121 122 123 124 125 126 131 134 135 137 138 139 140 142 144 145 147 149 150 153 155 157 159 161 162
10 118 119 122 123 131 132 139 148 150 156
3 124 137 149
15 115 120 127 130 133 136 138 143 152 153 154 158 159 160 163
24 117 121 123 126 127 128 129 130 131 132 134 136 137 138 140 145 146 148 151 152 153 155 160 163
13 117 118 120 122 123 127 133 138 142 144 145 146 160
24 115 116 117 119 120 123 125 126 129 133 134 137 140 141 148 149 150 151 152 156 158 159 161 163
15 116 118 123 124 127 129 131 137 142 143 144 150 153 160 162
24 122 124 125 126 127 128 130 131 135 136 137 138 139 140 143 145 146 150 151 152 154 158 159 160
27 118 119 122 123 125 126 128 129 131 132 133 134 135 143 144 147 149 151 152 153 155 156 157 158 160 162 163
17 115 117 118 122 123 124 129 130 131 134 137 141 152 153 156 160 161
6 126 132 145 146 153 156
12 115 117 121 132 133 137 139 143 144 148 150 151
27 118 119 120 121 122 123 125 127 131 132 134 135 137 140 144 145 147 149 152 153 154 155 156 159 160 162 163
10 124 125 126 131 137 138 146 149 158 160
7 117 119 124 133 148 151 162
19 119 121 122 123 132 133 135 137 138 141 142 144 145 149 150 151 153 157 163
10 116 118 125 127 131 136 147 152 157 160
7 116 125 134 140 144 151 157
29 115 116 119 120 121 123 124 126 128 130 131 132 134 135 138 139 140 143 144 146 149 150 154 155 157 159 160 161 162
5 135 138 140 157 163
9 122 135 139 142 143 149 156 157 158
16 120 122 123 126 129 138 139 140 142 144 145 149 154 156 159 163
6 117 127 130 140 142 154
15 118 119 126 128 129 130 136 140 141 146 149 152 153 154 158
13 116 118 123 124 132 139 143 144 146 154 155 159 163
29 115 117 119 121 123 125 126 127 128 129 130 131 132 134 136 138 139 140 141 145 146 147 150 153 154 155 157 160 161
13 116 117 126 127 128 131 134 140 148 152 154 158 160
10 116 120 122 123 135 138 145 147 155 162
23 115 117 120 122 124 125 126 128 129 131 132 134 139 141 142 143 148 154 155 156 158 160 161
14 116 126 132 133 139 140 142 145 149 150 155 157 162 163
21 115 116 117 120 121 122 123 124 129 130 131 135 137 139 141 142 152 154 155 157 160
9 120 122 127 148 151 152 154 159 163
13 116 123 125 132 136 138 142 144 145 147 156 157 160
12 119 122 125 133 134 137 146 152 153 159 161 162
5 141 147 153 158 159
22 116 117 118 121 123 124 127 128 129 130 136 138 139 141 143 147 150 151 154 155 157 160
7 118 119 122 123 131 132 156
12 115 120 121 136 137 138 139 141 146 150 159 161
15 122 125 126 127 128 131 135 136 137 138 143 146 151 154 160
1 154
5 116 125 134 144 151
9 118 119 128 136 140 141 149 152 153
12 117 121 124 126 128 141 145 147 149 155 161 162
7 126 131 138 146 149 158 160
9 119 123 127 133 137 146 149 150 162
13 115 118 125 130 132 142 144 145 147 153 156 157 160
6 117 121 137 148 150 151
18 115 116 118 119 120 122 125 131 135 139 140 142 145 150 153 155 157 159
11 119 120 125 127 136 138 143 146 148 151 154
16 115 119 120 122 125 126 131 132 133 134 135 145 146 153 159 161
8 115 126 132 140 152 153 156 159
3 135 140 157
14 115 117 118 122 123 124 129 130 131 134 137 141 152 153
5 115 122 131 141 142
10 118 131 133 137 139 143 145 146 150 156
3 134 144 157
12 115 116 120 124 137 138 139 141 145 146 148 161
21 119 120 122 123 125 127 131 132 134 135 137 140 144 147 152 153 155 156 160 162 163
16 115 116 124 126 128 129 130 133 136 138 139 142 143 146 148 157
6 115 137 143 144 148 151
6 124 126 131 149 158 160
14 119 120 121 123 127 128 129 132 133 145 152 154 157 159
8 116 125 134 135 141 151 152 162
4 117 119 133 151
10 117 122 127 132 138 143 144 147 148 157
23 116 117 120 125 126 128 129 130 137 138 139 141 143 145 147 148 150 151 153 154 157 159 162
15 115 117 124 128 130 133 136 138 139 143 148 150 151 157 158
4 120 123 153 158
8 117 122 123 133 138 144 145 146
6 124 125 137 149 158 160
6 122 135 142 149 156 157
9 124 125 127 131 142 156 157 161 163
12 115 127 130 133 136 138 152 153 154 158 160 163
1 121
6 124 131 134 142 156 163
8 115 118 122 130 139 141 147 162
6 115 118 124 129 130 155
16 127 128 129 130 132 136 141 143 146 148 151 152 154 156 158 160
14 121 122 123 132 133 137 141 142 144 145 149 151 153 163
16 121 124 125 134 135 136 137 139 141 143 147 150 158 161 162 163
21 115 116 119 121 123 127 128 130 131 132 134 135 137 141 142 143 144 148 151 156 163
20 115 119 120 121 122 123 124 125 126 134 135 138 139 142 144 150 157 159 161 162
17 122 124 127 131 132 135 142 143 144 146 147 153 154 155 157 160 162
6 128 143 147 158 161 163
12 123 126 128 130 137 138 145 146 148 151 155 163
5 118 119 123 132 156
14 116 117 119 120 121 129 133 141 142 147 148 157 162 163
10 116 123 124 132 139 143 146 154 159 163
15 115 117 120 124 126 128 131 134 139 141 143 148 155 156 161
10 116 118 123 124 139 143 154 155 159 163
20 118 121 124 127 131 132 135 136 138 139 142 143 144 145 146 147 153 157 160 162
11 119 125 127 138 140 144 148 149 151 159 162
5 122 123 138 145 147
18 115 116 120 134 135 137 138 139 142 144 147 149 153 155 157 159 161 162
13 116 121 123 125 128 130 131 132 134 135 147 149 163
12 117 119 121 127 128 130 135 137 153 157 160 161
8 121 133 135 139 141 146 150 162
8 121 128 134 137 141 143 158 161
16 115 119 120 122 128 130 133 135 138 139 145 148 151 152 154 158
15 115 116 120 122 123 124 129 130 135 137 142 152 154 155 160
8 124 125 127 131 134 142 156 157
8 124 126 131 138 146 149 158 160
9 120 121 127 128 136 138 146 147 158
8 134 136 144 148 151 153 161 163
8 116 120 123 127 133 145 154 157
7 131 133 141 146 150 161 162
20 116 117 121 123 127 128 130 136 138 139 140 141 143 147 150 151 154 155 158 160
9 115 119 126 132 148 149 152 156 159
4 115 122 142 158
9 116 119 125 133 140 141 150 151 162
10 115 120 127 130 133 136 143 152 154 159
3 130 142 153
9 119 121 129 135 141 146 150 155 161
4 122 131 142 162
4 126 132 145 156
5 126 132 141 155 159
9 118 122 131 132 135 137 143 145 156
7 140 144 150 151 153 161 163
8 126 132 133 140 145 150 162 163
12 117 118 126 131 135 137 139 143 145 146 150 156
9 115 132 134 135 137 141 143 146 155
9 119 120 121 136 143 147 148 151 158
9 120 123 128 143 145 152 154 157 159
8 124 125 126 131 137 146 158 160
15 115 116 123 128 132 134 138 139 140 143 144 146 149 150 161
3 117 130 142
3 117 127 154
18 115 116 119 121 125 127 128 130 131 132 133 134 142 147 149 151 156 162
6 122 123 132 148 150 156
11 118 120 122 123 127 133 138 142 145 146 160
2 124 149
11 116 119 125 129 133 134 135 141 150 152 162
6 115 118 120 129 130 146
6 115 123 147 154 158 159
9 117 120 127 131 132 138 144 147 148
19 115 120 122 125 126 131 132 133 135 137 142 144 146 149 153 159 161 162 163
2 156 163
5 118 120 124 146 155
12 115 119 122 131 134 135 145 146 149 159 161 162
7 119 121 123 127 130 149 162
5 115 120 130 146 155
7 120 129 136 140 147 148 152
19 117 118 120 122 124 126 136 138 139 140 145 150 153 154 155 158 159 160 161
6 115 119 126 148 153 156
16 115 116 118 123 132 134 136 138 142 144 145 153 156 157 158 160
4 126 132 145 156
5 116 120 145 155 162
22 118 119 120 121 122 123 127 132 134 135 137 140 145 147 149 153 154 155 156 159 160 163
10 119 125 134 136 140 144 149 151 159 162
11 117 134 135 140 142 144 150 151 153 161 163
3 135 138 140
5 117 127 130 140 142
7 115 120 141 153 154 158 159
20 115 120 122 124 126 128 129 131 132 134 139 141 142 143 148 154 155 156 158 161
8 118 119 121 123 127 137 149 162
17 115 119 125 126 134 135 137 142 144 145 149 152 156 159 161 162 163
10 117 132 133 137 139 143 144 148 150 151
12 116 121 125 130 131 134 141 154 155 157 162 163
7 118 128 133 147 158 161 163
9 121 124 129 141 146 147 155 161 162
5 118 128 147 161 163
13 115 121 128 130 134 135 137 143 146 153 155 158 161
6 125 127 131 136 147 157
12 115 116 120 124 137 138 139 141 145 148 150 159
12 117 119 127 128 130 133 135 138 149 153 160 161
15 115 116 117 119 123 126 133 140 141 149 150 151 152 158 159
10 119 120 128 136 138 143 144 146 154 159
10 122 123 124 132 134 135 155 160 161 163
4 119 124 151 162
15 118 119 120 121 123 129 132 133 141 144 149 153 156 161 163
15 117 119 121 126 128 130 133 134 137 145 149 153 157 160 161
12 115 116 118 119 124 125 133 141 144 147 159 162
8 118 125 127 131 147 152 157 160
14 119 122 124 133 135 140 142 144 149 156 158 160 161 163
1 137
7 120 127 128 148 151 152 154
18 115 116 117 118 119 120 121 123 132 142 144 147 148 153 155 157 161 163
11 116 118 123 124 132 143 144 154 155 159 163
8 117 120 122 127 131 138 148 157
8 116 120 135 138 145 147 155 162
12 117 119 121 127 130 133 135 138 149 151 157 160
8 118 119 122 123 131 132 148 150
5 125 131 138 146 149
3 142 153 163
17 116 121 123 127 128 131 132 133 134 135 137 141 144 148 149 151 163
7 124 126 137 138 149 158 160
4 119 124 133 151
5 119 124 148 151 162
20 115 119 120 122 125 126 131 132 133 134 135 137 142 146 149 152 156 159 162 163
6 148 151 152 154 159 163
16 116 124 125 128 129 130 136 140 144 148 151 152 155 157 160 162
20 115 119 120 123 124 128 130 131 132 135 139 140 143 144 149 154 159 160 161 162
8 117 126 128 137 145 147 155 161
2 156 163
18 115 117 120 122 124 125 126 128 129 131 132 134 139 141 154 156 158 161
13 119 121 127 128 136 138 143 144 148 151 154 158 159
19 115 117 120 122 124 125 128 129 131 132 134 139 141 142 143 156 158 160 161
24 116 119 120 121 123 124 126 128 130 131 134 135 138 139 140 143 144 149 150 154 157 159 160 161
6 144 145 147 152 153 159
15 116 118 121 127 129 136 139 140 143 147 148 150 155 157 158
14 116 121 124 125 127 129 130 134 136 142 149 151 152 160
21 115 117 119 121 123 126 127 128 129 134 138 140 141 145 146 147 150 153 155 160 161
15 119 121 122 123 132 133 141 142 145 149 150 151 153 157 163
19 117 119 121 126 127 129 130 131 132 134 138 140 141 147 150 154 155 160 161
15 121 125 127 128 130 132 134 135 137 141 147 148 149 156 163
18 122 124 125 126 130 135 137 138 139 140 143 145 146 150 152 158 159 160
10 118 120 122 135 137 142 144 152 156 158
7 115 121 132 133 137 150 151
20 115 119 120 121 126 128 131 132 134 138 140 143 146 150 154 155 157 159 160 162
9 121 126 129 137 141 142 147 155 161
13 119 120 121 127 135 136 138 144 146 147 148 154 159
9 121 124 126 128 142 146 147 161 162
10 127 129 133 137 141 142 145 152 153 163
6 118 133 143 147 161 163
16 118 120 122 124 133 135 144 148 149 151 152 156 158 159 162 163
12 117 118 122 127 136 141 142 145 147 148 151 152
10 128 132 133 136 148 152 154 158 160 163
11 122 124 129 130 134 141 152 153 156 160 161
15 115 116 117 123 133 134 141 142 147 148 149 155 157 161 162
8 124 125 126 131 138 149 158 160
14 115 116 118 123 125 126 130 134 136 138 147 153 157 158
5 132 136 155 159 161
16 117 122 125 127 133 136 137 142 145 147 148 151 152 156 158 163
13 119 120 121 125 128 135 136 138 143 144 146 151 158
4 116 144 153 159
8 115 119 126 140 148 149 152 153
2 137 149
6 117 126 136 141 155 161
3 127 140 154
16 116 121 124 129 130 134 135 136 137 139 147 150 151 155 158 162
10 118 123 124 132 139 146 154 155 159 163
18 118 119 123 125 128 134 135 143 144 147 149 151 152 153 156 157 162 163
20 115 118 119 120 123 124 125 131 135 137 139 140 142 144 145 149 150 153 157 159
11 120 122 123 126 129 138 144 145 154 156 163
11 116 132 133 140 145 149 150 155 157 162 163
6 126 137 138 146 149 158
5 118 125 131 136 160
12 116 120 121 127 129 133 143 145 152 154 157 159
12 115 116 125 133 134 137 140 141 151 156 161 163
7 117 126 132 136 141 159 161
8 120 125 129 140 147 148 152 156
17 116 121 124 125 127 128 129 130 134 144 149 151 152 157 160 162 163
6 115 119 126 128 132 156
4 116 152 153 159
17 115 116 117 124 126 128 129 130 133 138 139 141 143 146 150 151 158
3 119 124 133
17 116 117 119 123 126 133 134 137 141 148 149 150 152 156 158 159 163
2 153 163
13 115 118 125 126 132 136 143 144 145 147 153 157 158
8 116 122 123 135 138 147 155 162
21 118 120 122 123 127 131 132 134 135 137 144 147 149 152 153 154 156 159 160 162 163
17 115 117 119 120 123 132 133 134 141 142 144 149 153 155 156 161 163
2 124 137
26 116 118 119 121 122 123 124 126 131 134 135 138 139 140 142 144 145 147 149 150 153 155 157 159 161 162
12 120 125 135 138 139 145 146 148 151 152 154 158
5 117 126 136 155 161
13 119 120 122 132 135 137 142 145 149 153 156 159 163
17 115 116 117 123 125 126 129 134 137 140 148 149 150 151 158 159 163
5 128 147 158 161 163
4 116 136 144 147
11 121 128 130 134 135 137 143 146 150 155 158
18 119 122 123 132 133 135 136 140 142 144 146 149 155 156 158 160 161 163
7 115 120 123 147 153 154 158
7 116 125 134 135 140 141 152
13 122 124 125 128 131 135 138 145 146 152 154 158 160
8 121 124 126 128 129 141 149 155
4 139 142 143 149
12 115 118 122 123 124 129 130 137 152 153 160 161
10 122 125 127 133 136 142 148 151 152 156
7 124 125 142 156 159 160 163
7 118 122 133 138 144 146 160
10 117 118 119 122 131 132 137 139 146 156
11 119 121 129 133 135 139 141 146 155 161 162
21 115 116 117 119 123 125 126 133 134 140 141 148 149 150 151 152 156 158 159 161 163
6 118 120 124 146 155 162
10 117 120 127 131 132 143 144 147 148 157
5 125 136 143 156 161
5 118 130 147 156 162
5 119 123 131 139 150
6 118 128 133 143 158 163
13 117 119 121 127 128 134 137 138 145 149 151 153 157
12 116 122 123 129 130 131 135 137 152 155 157 160
2 124 137
6 120 140 147 148 152 156
7 126 127 128 131 148 154 158
14 116 121 124 128 129 130 144 151 152 155 157 160 162 163
8 115 116 121 136 137 146 148 161
20 118 122 126 128 129 131 133 134 135 143 147 151 152 153 155 156 157 158 162 163
7 119 129 135 140 141 150 151
9 117 120 127 128 148 151 152 154 163
6 118 133 147 158 161 163
13 116 119 125 127 128 131 133 143 144 147 148 156 163
24 115 116 118 120 121 122 123 125 126 129 133 135 136 138 139 140 141 144 147 152 154 155 157 163
32 116 117 118 119 120 121 122 124 126 127 128 132 133 137 139 141 143 145 146 147 148 149 150 151 152 154 155 156 159 161 162 163
17 115 116 117 119 123 125 134 136 137 143 145 147 148 154 157 162 163
20 117 119 121 126 129 130 131 136 139 141 142 143 144 146 148 150 155 156 158 161
31 115 116 120 121 123 124 126 127 129 132 133 134 136 137 139 140 143 144 146 147 148 149 150 151 152 155 156 157 158 159 162
31 115 116 118 119 121 122 123 125 126 127 129 130 131 132 135 138 139 140 141 142 145 147 148 149 150 152 153 156 159 160 161
29 115 117 118 119 121 122 124 126 129 132 133 134 135 136 137 139 145 148 149 150 151 152 153 155 156 160 161 162 163
15 115 117 122 132 133 135 136 138 142 144 146 153 154 157 163
28 115 116 117 118 119 122 123 127 128 130 131 132 134 137 138 139 143 147 150 151 153 154 155 156 160 161 162 163
15 117 123 124 128 130 131 133 136 137 138 147 148 149 161 163
27 116 119 122 123 124 125 127 129 130 131 132 133 136 137 138 140 141 146 147 148 150 153 154 155 160 162 163
31 116 117 118 119 120 121 122 123 124 127 129 132 134 136 137 139 141 142 145 146 148 149 151 152 153 155 156 157 159 160 162
20 117 120 124 125 127 128 129 130 131 132 133 135 136 141 143 146 147 150 153 159
28 115 117 119 121 122 123 125 126 128 129 130 131 132 133 134 137 139 143 144 147 150 155 156 158 160 161 162 163
27 115 116 120 121 122 123 128 130 133 138 140 142 143 144 145 146 148 151 152 153 154 155 158 160 161 162 163
21 119 120 122 127 128 131 133 135 137 138 139 142 146 148 151 152 153 154 157 158 163
15 120 121 125 126 129 133 135 136 144 148 154 157 158 159 160
17 116 121 123 124 127 128 129 132 133 134 135 138 143 144 148 156 157
24 118 120 121 122 123 124 128 129 132 136 139 142 144 147 149 150 154 155 156 159 160 161 162 163
24 115 116 119 121 122 123 126 127 129 131 135 137 138 140 141 142 143 144 145 150 151 154 156 159
33 115 116 117 118 121 123 124 125 126 127 128 129 132 136 137 138 139 141 142 143 146 147 150 151 153 154 156 157 158 159 160 162 163
24 115 116 117 121 125 126 128 133 136 137 138 139 140 147 151 152 154 155 156 158 159 160 162 163
20 116 117 119 122 127 128 129 130 131 138 140 141 146 147 148 155 156 159 161 162
33 115 116 117 118 120 121 122 124 125 127 128 132 133 134 136 137 139 140 141 142 143 145 146 147 149 150 151 153 154 156 157 158 162
15 119 124 125 129 132 133 135 137 138 140 142 146 150 161 162
33 117 118 119 121 122 125 126 128 129 130 131 132 133 137 138 139 140 141 142 143 144 145 146 149 150 152 154 156 159 160 161 162 163
21 119 125 126 130 131 135 136 138 140 141 144 147 148 149 152 153 154 155 158 160 162
32 115 117 118 119 123 124 127 128 129 130 131 132 135 136 137 138 139 140 141 143 146 147 148 151 154 155 158 159 160 161 162 163
30 116 119 120 121 122 123 124 126 128 132 134 135 136 137 138 141 143 145 147 148 151 152 153 154 155 157 158 161 162 163
29 116 118 120 121 122 123 125 128 129 130 131 133 136 137 138 140 142 144 145 146 147 149 152 154 155 157 158 159 161
16 116 117 118 121 124 126 129 132 133 134 143 144 146 157 159 163
15 118 119 120 122 134 138 143 150 151 152 153 155 156 159 161
15 117 119 120 129 132 137 138 141 142 143 150 151 156 157 162
32 115 116 117 118 120 121 122 124 125 126 127 132 133 134 137 138 143 146 147 148 150 151 152 153 154 155 156 157 158 159 162 163
21 115 121 122 123 124 125 129 137 141 145 146 149 150 151 152 153 157 159 161 162 163
21 116 119 120 123 125 126 128 130 134 135 139 140 141 143 145 150 154 156 157 159 162
22 117 119 122 125 126 130 132 134 137 138 139 140 141 142 149 150 151 152 153 161 162 163
21 116 117 120 122 124 126 129 131 133 136 143 147 148 149 150 153 155 156 159 160 163
23 116 118 120 121 122 123 125 126 128 131 135 136 137 140 149 150 152 154 155 156 157 158 163
15 122 123 126 130 137 141 143 150 151 152 154 155 156 159 161
20 117 119 120 121 122 124 127 131 133 134 137 138 144 149 150 152 153 155 158 160
18 118 125 129 130 134 135 137 138 144 145 153 154 155 156 157 158 161 163
23 115 117 119 122 129 130 133 134 137 144 147 148 149 151 152 154 156 157 158 160 161 162 163
17 115 118 123 126 127 129 132 134 135 136 138 146 147 148 154 158 161
24 117 120 121 122 123 124 125 126 127 128 137 138 139 140 143 144 145 150 152 156 157 158 161 163
25 117 120 121 124 130 131 132 133 136 137 138 139 141 142 145 147 150 151 152 156 157 159 160 161 162
33 115 119 120 123 124 125 127 128 129 130 131 133 134 135 136 137 139 140 141 142 143 144 147 148 149 150 152 153 156 157 159 160 163
16 118 124 125 126 128 131 133 137 139 140 142 144 149 151 152 159
24 115 117 118 119 121 122 123 124 126 129 130 132 135 136 137 138 140 144 147 150 154 155 158 159
18 115 120 121 124 125 128 131 141 142 144 145 147 148 151 153 154 159 163
28 118 119 121 122 123 124 126 128 129 131 132 133 137 138 139 142 144 146 147 148 150 152 153 154 158 161 162 163
18 118 122 123 124 126 127 128 129 130 138 139 146 149 154 155 156 158 160
31 116 117 119 120 121 124 125 126 127 128 129 130 131 134 136 137 138 139 140 141 143 146 148 149 152 156 157 158 159 160 162
18 116 118 119 124 125 127 128 133 134 135 136 138 141 142 146 154 159 160
30 115 117 118 120 122 124 126 127 133 134 135 139 141 145 147 148 149 150 151 152 153 154 155 157 158 159 160 161 162 163
20 115 125 127 130 132 133 137 139 140 142 146 148 149 151 152 156 157 159 161 162
25 115 116 118 119 120 123 126 130 131 133 135 136 137 138 139 140 141 145 147 149 151 153 159 161 162
19 117 118 119 120 121 126 128 130 133 134 138 142 145 148 149 154 155 158 162
25 115 117 121 128 129 130 131 133 134 137 139 142 143 145 146 147 149 150 151 153 154 156 159 161 162
18 117 120 126 127 128 131 132 133 139 140 141 144 145 151 158 161 162 163
33 116 117 119 121 122 124 125 126 127 128 131 133 134 135 136 137 140 141 142 144 147 149 150 151 152 153 155 156 157 160 161 162 163
23 115 116 119 121 123 124 127 128 129 130 135 139 142 143 144 150 151 153 155 158 160 161 162
23 116 117 122 124 125 126 127 132 133 134 136 138 140 144 145 150 151 153 154 155 156 161 162
21 116 118 119 120 125 128 133 136 137 138 139 141 142 145 149 152 154 155 157 158 159
28 117 119 120 121 122 124 125 127 131 133 134 139 141 142 143 145 147 148 150 151 152 154 155 157 158 159 160 161
25 118 119 120 121 122 124 125 127 129 130 136 137 138 140 141 146 148 150 152 153 155 156 157 161 162
15 116 122 125 128 129 135 137 138 139 147 151 155 159 161 162
18 116 118 119 128 129 132 133 142 143 146 147 148 149 151 152 153 161 162
18 120 121 122 124 129 131 132 133 135 136 138 140 141 145 146 154 157 160
20 116 117 119 121 123 126 129 130 134 135 139 143 144 150 152 156 159 161 162 163
16 116 121 122 130 136 143 146 147 150 152 154 156 157 158 160 162
19 119 121 123 128 131 134 136 137 140 142 145 148 151 152 154 155 156 162 163
20 115 118 127 128 130 132 133 134 136 137 138 139 141 147 149 151 154 155 158 162
29 115 117 119 122 128 129 131 132 134 136 138 139 141 142 143 144 147 148 150 151 152 154 155 156 157 159 161 162 163
29 116 117 118 120 123 125 127 128 129 130 132 134 135 140 142 143 144 146 147 148 149 151 152 153 154 156 158 159 160
14 116 118 121 122 124 127 129 130 134 135 138 143 151 159
27 115 116 118 120 122 123 127 129 131 133 134 137 138 139 141 142 143 144 145 148 150 151 154 155 158 159 163
26 116 118 119 121 122 123 124 126 130 131 132 133 134 135 136 139 140 142 145 146 148 153 155 156 159 163
21 115 116 117 124 125 126 129 131 132 133 137 138 151 152 156 157 158 159 161 162 163
22 117 118 122 123 125 126 128 130 131 136 137 139 140 141 142 145 146 147 150 151 156 162
22 115 116 117 119 121 122 127 132 135 138 139 141 145 146 149 151 152 154 155 156 157 159
28 115 119 122 123 124 126 127 130 131 133 135 137 139 142 143 144 146 148 149 150 151 153 154 155 158 159 160 163
24 115 117 119 120 122 123 124 126 128 132 133 134 135 138 142 148 151 152 154 156 157 159 161 163
18 118 119 120 125 127 132 136 137 139 143 147 149 150 151 157 160 161 162
23 115 116 117 118 119 120 121 129 130 131 132 133 136 139 141 143 150 154 155 157 158 159 162
31 115 118 119 120 121 122 124 127 128 129 131 133 134 137 138 139 140 143 144 145 146 148 151 153 154 156 157 158 159 160 162
34 115 116 117 118 120 121 122 123 124 126 128 129 130 134 136 137 138 139 140 142 145 146 147 148 149 151 152 153 155 159 160 161 162 163
16 122 125 126 127 132 139 140 143 145 146 149 151 155 158 159 162
33 116 117 118 119 120 121 123 125 127 128 129 130 132 133 134 137 138 144 145 146 149 151 152 153 155 156 157 158 159 160 161 162 163
22 115 117 121 122 123 124 127 128 129 130 132 136 137 141 143 146 149 150 153 156 157 163
33 115 117 119 120 121 124 126 127 129 130 132 133 134 139 141 143 145 146 147 148 149 150 151 152 153 154 155 156 158 159 160 162 163
32 115 117 118 119 120 121 122 124 125 126 128 130 131 133 135 136 142 143 145 146 148 149 150 151 152 154 156 157 159 160 161 162
28 118 119 124 125 126 127 128 131 132 134 136 137 138 140 141 144 145 148 150 151 152 154 155 157 158 160 161 163
16 115 119 120 138 140 141 142 143 145 147 149 151 157 158 159 161
19 117 123 124 126 128 129 130 132 133 134 140 141 144 145 151 157 158 159 162
33 116 117 119 121 122 123 124 125 127 128 130 132 134 135 138 139 141 142 143 144 147 148 149 150 151 152 154 155 157 158 159 162 163
20 117 118 120 128 131 134 138 139 141 145 148 150 152 154 155 156 157 158 159 163
17 115 118 119 120 121 128 134 139 141 143 144 147 151 155 159 161 163
21 116 117 118 119 122 123 124 125 127 130 131 132 133 134 136 137 142 143 146 153 155
18 117 118 121 123 124 126 129 132 133 136 141 144 148 154 155 157 158 162
25 115 116 119 121 122 125 128 130 134 135 136 137 141 142 146 151 152 153 154 156 157 158 159 162 163
15 115 117 122 125 127 129 133 136 137 140 142 144 154 160 161
27 116 117 118 119 121 123 124 125 126 128 129 131 132 134 136 140 142 145 148 149 150 151 152 153 154 157 158
14 117 119 121 122 132 133 136 145 146 147 150 155 157 163
29 115 117 118 119 120 125 126 130 131 132 134 137 138 140 143 144 145 146 147 149 150 152 156 157 158 160 161 162 163
20 115 118 122 124 126 128 129 130 131 132 140 141 144 145 146 150 152 153 158 163
18 116 118 119 121 122 128 131 132 136 137 140 142 143 144 146 152 157 162
19 121 122 126 130 131 132 133 134 140 146 147 148 150 152 154 158 159 162 163
20 117 119 120 121 122 125 128 129 133 136 143 145 148 152 153 155 156 157 158 159
31 115 117 118 121 122 123 124 126 127 128 129 133 135 136 140 142 143 144 145 147 148 149 150 151 153 154 155 156 157 158 162
28 115 117 119 120 121 122 127 131 135 136 137 138 140 141 143 144 146 147 149 150 153 156 157 158 159 160 162 163
25 115 121 123 125 126 127 129 130 132 133 134 135 139 141 142 143 147 149 150 152 154 158 160 161 162
18 118 119 120 122 125 129 130 135 141 144 146 147 148 149 150 152 153 163
32 115 116 118 120 121 122 123 124 126 127 128 132 133 134 135 137 138 139 140 141 144 145 147 149 153 154 155 156 159 160 161 163
15 115 116 118 119 120 125 126 135 138 151 152 155 156 161 162
33 116 117 118 119 120 121 123 125 126 127 131 132 133 134 135 136 137 138 139 142 143 144 146 147 149 150 151 153 156 159 160 161 163
20 115 116 117 122 125 130 132 133 134 138 145 146 147 148 149 157 159 160 162 163
27 115 116 119 122 123 126 128 129 133 134 137 138 139 141 142 143 144 145 147 148 149 151 156 158 160 161 162
18 115 116 117 118 119 120 122 128 132 135 137 141 150 152 153 159 161 162
18 118 123 124 130 132 134 137 139 140 141 142 143 151 156 157 161 162 163
21 117 118 121 123 124 126 127 128 129 131 132 134 140 145 146 148 149 152 155 157 163
14 117 118 121 124 125 128 136 144 146 148 151 157 161 162
18 120 121 126 129 130 132 133 136 138 139 140 142 144 147 152 156 159 160
25 115 116 118 119 120 122 123 133 137 139 142 143 144 145 146 149 153 155 156 158 159 160 161 162 163
25 115 118 119 120 122 123 125 126 127 128 130 133 135 136 141 144 146 152 153 154 155 156 159 161 163
29 115 116 117 118 121 123 130 131 132 133 134 136 137 138 139 140 141 142 143 146 147 152 154 155 156 159 161 162 163
17 116 125 126 127 128 129 132 133 145 147 151 153 155 159 160 161 162
20 115 117 119 122 127 128 129 130 135 136 140 144 145 150 151 152 158 160 161 162
25 115 116 119 122 123 124 125 126 127 130 131 132 135 139 140 144 145 146 148 149 151 157 158 159 163
20 115 117 120 122 124 126 128 137 138 139 140 141 142 144 147 152 153 156 159 161
28 115 116 117 119 121 123 125 126 127 129 130 131 132 134 136 139 141 142 143 145 147 148 150 152 154 156 160 162
22 115 117 119 122 123 124 126 129 130 133 135 137 139 142 143 145 146 147 148 153 157 163
19 115 120 122 125 133 134 135 137 140 143 144 150 151 153 155 156 157 159 162
32 115 116 117 119 121 123 124 125 126 127 129 130 131 133 135 136 138 140 141 142 143 144 145 147 148 149 152 155 157 159 160 162
24 116 118 119 120 122 128 129 132 133 135 136 138 140 141 144 146 147 149 153 157 158 159 160 163
30 116 117 119 121 122 125 126 128 129 130 133 134 135 138 139 143 144 147 148 149 150 151 152 153 157 158 159 160 161 162
27 117 119 123 126 127 128 129 131 132 133 135 136 137 140 143 144 145 146 148 151 152 153 154 155 157 159 162
23 116 117 118 119 120 122 126 127 128 130 133 135 140 141 142 143 144 146 147 148 159 162 163
15 118 121 123 126 127 128 129 131 141 142 145 151 158 159 161
17 121 123 127 129 131 133 134 138 140 142 143 150 151 154 155 162 163
23 115 117 118 119 120 121 124 125 128 132 137 139 143 144 145 147 152 154 155 160 161 162 163
16 116 119 125 130 131 133 139 142 144 146 149 151 154 156 157 159
15 117 122 124 127 129 130 135 136 140 142 147 148 158 160 161
30 116 118 119 120 122 125 127 129 130 131 133 134 135 137 138 139 141 142 146 148 149 151 152 153 155 156 157 158 161 162
21 118 121 123 124 127 129 133 137 139 141 142 144 146 147 152 153 154 155 157 158 159
16 121 122 126 131 132 134 137 139 141 146 150 152 156 157 159 162
15 117 118 119 122 123 126 128 129 131 134 136 139 142 158 160
17 120 126 129 131 132 134 135 136 137 139 141 142 145 151 155 159 162
20 116 119 123 129 132 134 135 136 138 139 140 144 145 150 151 153 155 156 157 162
18 116 117 118 120 122 123 126 128 130 138 139 143 145 147 149 154 157 162
27 115 117 118 119 120 122 124 126 127 128 130 134 136 139 140 141 143 146 148 149 152 155 156 157 160 161 163
29 118 121 123 126 127 128 129 130 132 133 134 137 138 140 143 144 145 146 147 148 149 151 152 154 155 159 160 162 163
29 115 118 119 120 122 124 125 126 127 128 129 132 133 134 135 139 142 144 146 148 149 151 152 153 154 155 156 159 160
30 115 117 119 121 122 123 125 126 127 129 134 135 136 137 138 140 141 142 144 145 146 147 148 151 152 153 154 155 158 159
15 115 116 117 120 121 122 125 126 132 134 136 147 152 154 155
31 115 116 117 118 119 121 128 130 131 132 133 135 136 137 138 139 141 145 148 150 151 152 153 154 156 157 159 160 161 162 163
18 116 121 122 124 126 127 131 137 143 146 147 148 150 155 157 160 162 163
17 116 120 122 124 128 133 135 137 147 149 150 153 154 155 157 159 163
25 115 118 119 123 124 125 126 128 133 134 138 139 140 141 142 143 144 147 148 149 150 153 154 156 157
19 117 120 124 126 127 128 138 139 142 144 145 151 153 154 156 157 159 161 162
18 117 124 127 128 131 132 133 135 142 147 148 152 153 154 155 156 158 162
17 115 120 123 126 127 138 140 141 143 147 148 150 151 157 159 161 163
33 115 116 118 120 122 123 124 126 127 128 129 130 132 133 134 136 139 140 142 144 145 146 147 148 150 152 153 154 156 158 161 162 163
21 115 117 121 123 124 130 131 132 134 135 140 142 143 144 145 147 152 154 155 157 158
31 117 118 119 120 121 122 124 125 126 127 128 131 132 134 135 137 138 139 141 142 143 146 147 148 151 153 155 156 157 158 163
23 116 118 119 120 126 128 129 130 131 134 139 140 141 143 144 146 147 148 149 152 156 158 162
15 116 122 127 128 132 136 139 142 143 144 146 152 155 156 163
32 115 116 117 121 122 124 125 126 127 129 131 132 133 134 135 136 138 139 140 141 143 146 147 148 150 152 155 156 160 161 162 163
33 115 116 117 118 121 122 123 124 125 128 129 131 132 133 134 136 140 141 143 144 145 146 147 151 153 155 156 157 158 159 161 162 163
23 118 119 120 121 122 128 129 130 131 132 133 136 138 140 144 145 149 151 154 156 158 160 163
28 116 117 118 121 123 127 128 129 130 134 135 137 138 139 140 143 147 149 150 153 155 156 157 158 159 160 161 163
31 115 116 117 118 119 120 122 123 124 125 127 130 136 138 139 140 141 142 143 144 146 147 148 149 150 151 152 153 155 156 158
17 115 116 117 120 123 130 136 137 141 144 145 146 148 149 152 153 161
21 117 121 122 123 124 128 129 133 136 137 141 143 145 147 148 151 157 158 159 161 163
23 115 116 125 126 129 133 134 137 139 142 143 146 148 151 152 154 155 156 157 160 161 162 163
21 115 118 122 125 126 127 132 137 139 140 143 145 147 148 150 151 152 154 157 158 159
22 117 118 119 120 122 126 128 129 137 140 141 143 146 147 148 150 153 154 156 157 160 163
29 115 117 118 119 120 121 122 123 124 125 126 128 131 132 134 135 137 138 143 144 147 149 150 151 154 156 157 160 163
24 117 118 119 122 123 124 126 127 131 134 135 136 139 140 141 143 144 150 152 154 155 158 161 163
31 116 117 119 121 122 123 124 126 129 130 131 133 134 136 137 138 139 140 141 142 144 145 146 148 151 153 157 159 160 161 162
32 115 116 117 118 119 121 123 124 125 126 129 130 131 132 133 135 136 137 138 141 143 144 147 148 149 150 151 155 156 158 162 163
31 115 116 118 119 120 122 123 124 128 130 133 135 136 137 138 139 141 142 143 145 146 147 151 152 153 155 156 158 161 162 163
28 116 117 118 120 121 122 123 125 127 129 131 132 133 134 136 137 139 141 143 144 150 152 154 155 156 158 159 162
20 115 119 120 121 124 126 129 131 132 136 137 142 143 148 149 150 153 156 161 163
21 116 126 127 128 129 130 131 134 140 141 144 145 149 150 151 153 157 160 161 162 163
24 115 119 120 121 122 127 128 129 130 131 134 136 138 140 142 145 147 148 149 152 155 156 157 163
28 116 117 119 121 122 123 124 125 126 129 130 131 132 133 134 135 141 142 144 146 148 149 151 152 155 158 159 161
30 116 118 119 121 122 123 124 125 127 128 130 132 133 134 136 138 139 140 141 142 144 145 146 148 151 153 154 155 157 161
16 122 123 129 131 135 141 145 146 147 150 151 152 156 159 160 161
17 117 126 127 128 131 134 136 143 145 146 148 151 153 155 161 162 163
24 115 119 126 127 131 132 133 135 136 137 140 144 146 148 149 152 153 154 155 158 159 160 161 162
20 115 121 122 127 130 131 133 135 137 141 144 147 149 150 151 158 159 160 162 163
25 115 116 124 125 126 127 128 133 138 139 141 144 145 147 150 151 152 153 154 155 156 157 158 159 160
27 116 117 119 121 122 124 126 128 131 134 135 137 138 140 141 143 147 149 150 153 154 156 157 159 161 162 163
23 115 116 119 120 121 124 125 127 129 131 132 135 136 139 141 142 143 146 150 151 158 159 163
21 115 116 118 120 121 122 123 125 126 128 130 131 134 141 143 146 147 153 158 159 163
26 115 117 120 121 123 124 127 129 131 132 133 134 137 139 141 142 143 146 147 152 154 155 159 160 162 163
25 116 118 120 122 123 124 126 130 133 137 138 139 140 141 143 146 147 149 150 154 155 158 160 162 163
26 115 116 117 119 123 124 125 126 131 132 134 135 136 138 139 140 141 143 145 146 149 150 153 154 159 163
27 115 118 119 120 121 123 125 126 127 129 134 136 139 140 146 149 150 151 152 153 157 158 159 160 161 162 163
25 115 117 118 120 121 125 130 131 132 133 134 137 140 142 143 145 147 150 151 152 153 155 157 159 160
17 116 125 126 127 128 129 131 132 137 139 144 152 157 159 160 161 162
24 116 119 120 124 126 128 130 132 133 134 137 139 141 144 145 147 151 152 153 155 157 159 160 163
22 118 123 124 125 127 128 129 131 135 138 139 141 143 145 146 147 148 149 156 158 159 161
18 115 117 119 120 123 125 127 129 132 135 136 139 140 155 156 158 159 161
20 116 125 126 128 129 130 133 134 135 143 145 146 148 154 155 156 158 159 161 162
22 115 116 119 120 122 125 126 128 129 131 134 135 140 141 144 146 148 150 154 160 161 162
18 115 119 120 123 131 142 144 146 147 151 153 154 155 156 159 160 162 163
24 117 120 121 122 124 126 129 131 132 134 135 136 137 139 140 142 143 146 149 150 151 154 159 163
34 115 116 117 118 119 121 124 125 127 128 129 130 131 133 134 136 137 140 141 142 143 144 145 146 147 149 150 151 154 155 157 158 161 162
22 115 120 122 126 129 132 134 137 138 140 142 143 144 147 149 153 154 156 158 159 161 162
15 121 122 124 127 128 129 130 135 137 139 142 145 158 160 161
19 116 118 120 121 123 124 126 127 131 136 137 138 141 142 145 148 152 153 156
33 115 116 117 119 120 121 122 127 128 129 131 133 134 135 136 138 139 140 141 143 144 145 147 148 149 152 153 154 156 158 159 160 162
27 115 117 119 122 123 125 126 129 132 134 135 136 138 139 141 142 143 144 146 148 149 150 154 156 157 160 162
30 115 116 118 120 121 122 123 124 125 127 128 131 133 134 135 138 140 142 143 144 147 149 150 151 152 155 156 158 160 163
28 116 118 119 122 124 126 127 128 130 132 134 135 136 137 138 140 144 145 147 148 149 151 153 155 157 158 159 161
25 116 118 122 123 124 125 129 131 133 135 136 138 140 143 144 146 149 150 153 154 156 159 160 161 163
27 115 117 119 124 126 127 130 131 132 137 139 140 141 142 143 146 150 151 152 154 155 156 157 158 159 161 162
23 118 119 122 123 124 125 126 128 129 130 135 139 143 146 147 148 151 154 156 158 161 162 163
16 116 120 121 125 131 133 135 136 142 143 145 147 149 151 154 163
27 115 118 119 121 124 126 127 128 130 133 134 135 137 138 140 141 144 149 150 152 153 154 155 156 159 160 163
22 115 117 118 120 122 124 128 130 131 132 134 136 137 144 147 151 152 153 154 156 159 163
26 115 116 117 119 122 123 124 126 127 128 131 135 136 137 139 140 144 146 147 152 154 156 157 159 160 162
31 116 117 118 119 120 123 124 125 127 128 129 130 132 134 135 137 138 140 141 142 144 145 146 149 153 154 156 158 159 162 163
30 115 116 119 121 122 123 124 125 127 128 129 131 135 136 137 140 141 144 146 147 149 150 151 152 153 154 156 157 159 162
30 115 116 117 120 122 123 124 125 126 127 128 129 130 131 132 134 138 139 145 146 147 148 149 150 151 152 153 157 160 162
24 116 117 118 122 124 125 126 127 129 131 134 136 137 138 141 142 143 144 146 149 150 155 159 160
23 115 116 118 119 121 122 123 124 127 129 138 139 141 145 146 147 148 151 154 155 157 162 163
20 115 119 120 122 125 126 127 128 131 133 137 141 144 150 151 152 153 155 156 157
24 120 121 122 123 124 126 129 131 133 134 139 140 141 142 149 150 151 153 155 157 158 159 161 163
25 115 118 121 123 124 125 127 129 131 132 134 138 139 143 146 147 148 151 152 154 155 158 159 161 163
32 117 118 119 120 125 126 127 128 129 130 132 135 136 137 138 139 140 141 142 143 144 146 150 153 154 155 156 157 158 160 161 162
32 115 116 118 119 120 121 122 125 126 127 129 134 136 137 140 141 143 146 148 149 150 151 153 154 155 156 157 158 159 160 162 163
29 115 116 117 118 124 126 127 128 129 132 133 135 136 137 138 139 142 144 145 146 147 150 152 153 156 157 160 161 162
14 115 117 118 121 131 132 134 143 147 149 151 155 156 157
29 115 116 117 118 120 121 127 128 129 133 135 137 139 140 141 142 143 144 147 148 149 151 152 153 156 157 160 161 163
27 123 124 125 127 129 130 131 132 136 137 139 141 142 143 144 145 148 149 150 151 154 155 156 159 160 162 163
29 115 116 117 118 120 121 126 127 128 129 130 132 133 134 135 139 140 142 144 148 149 151 152 153 154 156 157 162 163
30 116 118 120 122 123 124 126 127 129 133 134 136 137 138 139 141 142 143 145 146 149 150 151 153 155 156 157 160 162 163
23 115 117 118 121 122 124 125 126 128 129 130 132 133 136 139 144 145 148 152 153 157 158 162
26 115 117 118 120 121 123 124 126 128 130 133 138 139 140 144 145 146 147 154 155 157 158 159 161 162 163
32 116 117 118 119 121 122 123 124 127 128 129 131 134 135 136 137 138 139 141 144 146 148 149 150 151 152 153 154 156 157 159 160
27 115 116 117 118 119 121 124 125 126 127 129 132 133 135 136 137 139 141 143 145 147 148 151 155 156 160 162
16 117 120 122 126 129 131 133 135 137 142 145 149 150 151 154 162
25 119 120 123 124 132 133 136 137 138 139 141 142 143 144 146 147 148 150 153 155 156 157 159 160 162
29 115 117 118 121 122 124 126 128 131 132 133 134 135 138 140 144 146 148 149 150 151 152 154 155 157 158 160 161 162
23 116 117 118 119 120 125 127 130 132 133 134 136 137 138 139 141 142 146 151 153 156 159 162
30 116 118 119 120 121 123 124 126 128 130 131 133 134 136 137 139 142 143 144 145 146 147 150 151 153 157 158 159 162 163
33 117 118 119 120 121 123 124 125 128 129 130 132 134 136 140 141 142 143 145 146 147 148 150 151 153 154 155 156 157 158 159 160 163
20 115 118 120 122 123 127 130 131 134 135 140 141 142 146 149 150 152 155 157 160
18 115 116 117 118 120 123 129 131 134 136 137 139 141 147 157 158 159 161
27 115 118 119 120 121 122 123 124 128 131 137 141 142 145 146 147 148 149 151 152 155 156 158 159 161 162 163
32 115 116 117 118 120 121 123 124 125 129 130 131 133 135 136 137 138 144 145 149 150 151 152 153 154 157 158 159 160 161 162 163
31 117 118 121 123 124 125 126 127 131 132 134 135 138 139 140 141 144 148 149 150 151 152 155 156 157 158 159 160 161 162 163
24 115 120 122 124 126 127 128 129 132 135 136 137 138 139 144 145 147 151 154 156 157 158 159 161
21 116 118 124 125 126 128 129 131 133 135 137 139 147 148 150 152 154 157 158 160 161
26 116 118 119 121 123 125 126 127 131 132 135 138 140 141 142 144 149 151 152 153 155 156 158 160 161 163
33 115 116 117 118 119 122 123 126 127 129 130 131 133 138 139 141 142 144 145 147 148 150 151 152 153 155 156 157 158 159 160 162 163
25 115 117 118 119 121 122 125 127 128 133 134 135 136 137 138 139 140 143 145 148 150 152 157 158 162
15 115 123 125 130 131 132 133 135 140 146 147 148 150 152 157
8 164 171 176 192 194 197 200 203
10 164 167 169 171 176 181 182 183 187 203
12 169 170 172 175 176 177 181 184 185 186 191 201
18 165 167 168 169 172 174 177 183 186 190 194 195 196 199 200 203 204 205
12 166 169 174 175 176 179 183 185 190 195 196 203
15 167 168 169 177 179 182 183 184 189 194 197 198 201 202 203
9 169 170 172 177 182 183 185 189 191
21 164 168 169 170 178 180 183 184 187 188 190 191 194 195 196 198 199 200 202 204 205
16 167 171 173 174 178 179 180 182 183 187 189 194 197 199 200 204
23 165 167 168 170 171 173 177 178 180 181 182 184 186 188 191 192 193 198 200 201 202 204 205
7 164 172 187 189 194 197 199
11 172 176 178 179 184 185 191 192 194 204 205
8 164 174 177 181 183 193 196 199
9 166 171 172 173 179 184 188 201 205
16 164 171 172 173 175 176 177 180 181 183 185 188 189 197 202 205
16 165 167 168 170 178 179 180 182 184 188 195 196 198 199 201 205
22 164 167 168 170 172 174 176 177 178 182 185 186 187 189 190 191 196 197 198 199 200 201
12 169 177 182 183 185 186 187 188 190 193 194 197
16 165 170 174 175 178 180 184 186 191 193 195 197 201 202 204 205
29 164 165 166 168 169 172 173 174 176 177 178 180 181 184 185 186 187 188 189 192 193 196 197 198 201 202 203 204 205
11 166 176 180 181 182 187 189 191 193 198 201
21 164 167 168 173 174 176 179 181 182 185 186 191 192 195 197 198 199 201 202 204 205
22 169 170 171 174 175 176 177 178 180 181 184 185 186 188 189 190 191 193 194 196 201 202
4 190 191 198 204
7 166 171 174 175 180 199 204
9 164 165 167 178 186 188 189 190 200
9 165 167 170 178 191 192 195 198 202
13 165 170 173 178 181 183 185 186 187 192 193 196 201
13 164 170 171 173 175 178 179 184 185 188 192 197 202
12 164 168 169 173 177 188 192 195 199 201 203 204
15 168 169 171 176 177 179 181 183 185 186 187 191 197 200 205
10 164 166 170 172 173 174 185 187 192 193
3 192 198 203
21 165 168 170 176 178 184 185 186 187 188 190 192 193 194 195 197 201 202 203 204 205
17 165 171 175 176 178 180 181 186 188 190 191 195 196 199 200 204 205
29 164 165 166 168 172 173 174 176 177 178 179 181 182 183 184 185 186 188 189 191 193 195 196 198 199 200 201 203 205
12 170 171 175 177 178 187 188 189 190 193 200 203
21 165 166 167 171 172 173 174 175 176 177 179 181 182 185 186 189 192 193 197 201 203
16 164 167 170 180 181 182 185 186 187 193 194 195 196 197 199 204
15 164 166 171 174 175 177 180 189 190 193 197 198 199 200 201
26 165 166 167 168 169 170 174 178 179 182 184 186 187 190 191 192 193 194 195 196 198 199 200 201 203 204
11 165 173 175 181 185 187 188 194 197 201 203
14 164 168 172 173 176 179 181 184 189 196 200 201 203 205
11 164 165 166 168 188 190 193 195 196 202 205
18 166 169 172 173 174 175 177 181 183 185 186 187 189 190 191 193 202 204
20 164 165 166 167 168 172 173 179 182 183 187 192 195 197 198 199 200 203 204 205
9 165 166 169 172 180 183 184 194 196
13 167 169 170 171 175 180 187 190 192 194 197 202 204
10 167 170 178 179 185 186 193 194 196 205
4 165 175 177 190
10 165 166 171 173 175 184 188 192 193 195
11 166 172 174 175 176 179 180 184 187 194 204
9 165 171 174 175 180 184 187 189 198
12 167 170 173 178 182 194 195 196 198 199 201 203
27 164 166 167 168 169 170 171 172 174 176 177 178 179 180 182 183 184 186 189 192 193 195 196 199 200 202 205
9 168 173 182 183 185 192 197 199 203
15 164 165 166 172 174 175 180 184 188 189 190 192 193 202 204
13 169 170 171 177 181 191 193 195 196 198 201 202 205
21 164 166 167 169 171 172 173 174 175 177 179 180 181 182 183 189 191 196 198 199 200
4 166 174 179 204
13 167 170 171 175 179 182 183 190 191 194 195 199 200
29 164 166 167 168 169 171 172 174 175 176 177 179 180 182 184 188 189 190 191 194 195 197 198 199 200 202 203 204 205
10 169 179 180 181 183 194 202 203 204 205
26 166 170 171 172 173 175 176 178 180 181 182 183 184 186 187 189 192 193 194 195 198 199 200 201 203 205
13 165 166 167 168 170 171 173 182 187 190 197 198 203
10 168 173 181 182 183 187 188 196 202 204
15 165 167 168 171 175 176 180 184 187 188 190 193 197 201 202
16 166 168 172 173 177 179 185 188 189 190 192 194 196 198 199 200
13 168 169 174 176 178 183 189 191 192 198 200 202 203
17 165 167 169 170 172 176 178 179 184 185 186 191 192 194 195 203 205
16 164 165 167 168 169 174 177 179 185 188 190 191 196 197 202 204
10 169 175 180 186 188 189 195 200 201 202
11 166 172 176 181 182 183 190 191 197 200 202
14 164 173 178 181 186 192 194 195 196 198 199 200 203 205
6 164 166 172 174 192 193
10 167 168 175 176 184 188 190 193 197 202
6 182 183 185 192 197 199
7 164 165 178 186 188 189 190
16 164 169 170 178 184 187 188 190 191 194 195 196 198 202 204 205
5 165 169 172 180 196
12 164 168 172 173 176 179 181 184 189 196 200 203
14 165 166 167 169 170 174 179 184 192 193 194 200 201 203
2 165 175
8 165 171 174 175 184 187 189 198
14 164 171 172 173 174 175 177 179 181 182 189 191 198 199
8 170 175 177 187 189 193 200 203
1 192
2 179 204
7 169 170 172 177 182 183 189
8 167 170 178 185 193 194 196 205
16 165 166 167 169 174 179 184 186 190 193 194 196 198 201 203 204
6 170 179 185 193 194 196
6 168 181 182 183 188 204
9 164 171 177 189 193 197 198 199 201
11 167 170 176 179 186 191 192 194 195 203 205
9 167 170 175 182 191 194 195 199 200
9 169 173 174 175 177 183 186 191 193
10 166 169 174 175 179 183 185 195 196 203
8 167 185 186 187 195 196 197 204
9 167 170 178 182 196 198 199 201 203
11 170 176 177 178 181 186 188 189 196 201 202
14 171 173 176 178 181 183 186 187 189 192 194 201 203 205
10 165 166 168 170 171 173 182 187 190 198
7 167 179 185 186 194 196 205
2 177 190
5 175 186 188 195 202
3 166 174 180
5 171 175 180 184 189
7 173 178 194 196 198 199 201
8 167 171 175 184 190 193 201 202
19 164 166 167 168 169 172 174 177 179 180 182 189 191 194 197 199 200 202 204
8 168 174 176 178 191 198 202 203
6 168 173 188 196 202 204
6 173 175 194 197 201 203
14 164 165 166 172 173 182 187 195 197 198 199 200 203 204
9 165 167 168 169 179 185 188 190 204
16 166 170 173 175 176 182 183 186 187 192 194 195 198 200 201 205
8 169 180 181 183 194 202 204 205
4 183 193 196 199
7 169 170 172 176 177 185 201
7 166 171 172 179 184 201 205
7 167 170 178 191 192 195 198
12 168 173 177 179 185 188 189 192 194 198 199 200
4 171 194 200 203
7 169 177 183 186 188 190 197
7 167 170 175 190 192 194 204
12 166 169 174 175 177 181 183 186 189 191 193 202
7 166 172 174 185 187 192 193
20 165 168 169 173 174 176 178 180 184 186 187 188 189 192 196 197 198 201 202 205
9 169 177 182 183 185 186 188 193 194
5 166 171 172 184 188
6 168 182 183 185 192 203
7 179 180 181 183 202 203 204
6 165 178 186 188 189 190
17 164 165 166 168 172 173 174 178 188 193 195 196 198 200 201 203 205
8 167 168 180 188 190 193 197 202
6 166 180 182 191 198 201
4 164 172 187 197
8 165 172 184 185 186 195 203 205
11 167 168 169 174 179 190 191 196 197 202 204
12 165 167 168 172 174 186 190 195 200 203 204 205
4 164 178 189 190
8 179 180 181 183 194 202 203 204
4 167 178 190 200
9 170 171 175 178 179 184 185 188 202
9 169 176 177 179 185 191 197 200 205
8 169 170 171 177 181 195 196 198
7 167 170 178 186 193 194 205
13 164 169 171 173 175 177 179 183 189 191 196 199 200
5 166 172 173 179 184
11 168 169 174 176 183 189 191 192 200 202 203
3 174 179 204
11 166 169 177 181 183 185 187 189 190 193 204
4 174 177 183 193
6 168 173 183 197 199 203
20 164 167 168 169 170 171 176 177 178 179 180 182 186 189 192 193 196 200 202 205
9 173 178 181 192 194 195 198 203 205
3 165 177 190
16 164 173 176 179 182 185 186 191 192 195 197 198 199 202 204 205
6 171 172 184 188 201 205
7 165 166 168 171 173 190 197
10 164 168 172 173 176 179 181 189 196 201
10 164 167 181 182 185 187 193 195 199 204
13 164 167 168 172 176 177 178 182 190 197 198 199 200
14 164 167 170 180 181 182 186 187 193 195 196 197 199 204
9 169 170 175 176 181 184 185 186 191
10 164 166 171 174 175 190 193 198 200 201
11 176 178 184 185 188 190 192 193 202 203 205
20 165 166 167 168 170 174 178 179 182 184 186 187 190 191 192 193 194 199 201 203
22 164 166 167 169 171 172 174 176 177 179 184 189 190 191 194 195 197 198 199 200 202 203
2 166 174
8 172 174 175 176 180 184 187 194
3 166 179 204
13 164 165 167 168 172 173 183 195 197 198 200 203 205
22 165 167 168 169 170 174 178 179 182 184 186 190 191 192 194 195 196 198 199 200 201 203
2 165 175
14 165 170 174 175 178 180 184 186 193 197 201 202 204 205
7 164 173 177 188 192 195 199
5 165 171 173 175 184
9 167 180 181 182 186 194 195 196 199
7 171 173 179 184 188 201 205
6 171 174 175 180 199 204
8 165 166 171 173 184 188 192 195
7 165 173 178 183 185 192 201
4 164 197 200 203
9 166 176 180 181 182 187 191 193 198
9 173 175 177 183 185 186 187 202 204
10 165 169 172 176 178 184 186 191 194 203
9 170 171 175 177 178 187 188 189 193
5 164 172 187 197 199
2 165 190
6 178 179 184 191 192 205
11 168 171 176 179 181 183 185 191 197 200 205
5 165 175 180 184 189
8 168 173 177 188 199 201 203 204
5 166 172 175 179 187
9 167 171 176 184 187 188 190 193 202
9 172 176 178 184 185 191 192 194 205
6 164 174 177 183 193 199
7 166 171 172 173 179 184 205
3 190 198 204
5 165 171 174 180 187
6 169 172 182 183 189 191
14 166 169 173 174 175 183 185 186 187 189 190 193 202 204
20 164 165 166 168 172 173 178 181 182 183 185 186 188 191 193 195 198 199 201 205
15 169 170 174 176 177 178 179 180 183 184 193 195 199 202 205
13 167 171 177 178 180 182 186 188 192 198 201 204 205
15 168 169 170 178 180 183 184 187 195 196 198 200 202 204 205
4 166 171 174 180
12 165 167 168 169 174 177 183 190 194 195 199 203
5 164 167 189 190 200
7 165 166 170 171 182 187 203
13 167 168 169 177 182 183 184 189 194 198 201 202 203
9 165 166 167 173 182 187 190 198 203
7 164 168 172 173 184 201 203
25 164 165 166 168 169 172 173 176 177 180 184 185 186 187 188 192 193 196 197 198 201 202 203 204 205
7 164 165 168 188 190 196 202
18 165 167 168 170 173 177 180 181 182 188 192 193 198 200 201 202 204 205
7 181 183 185 192 193 196 201
14 168 170 178 183 184 191 194 195 196 199 200 202 204 205
13 166 168 172 173 177 179 185 188 190 192 194 196 200
10 165 170 174 175 180 186 191 195 202 205
6 175 177 178 188 189 203
6 175 185 187 194 197 203
9 167 168 178 180 195 196 199 201 205
10 167 168 169 172 174 186 190 200 204 205
4 171 194 200 203
7 169 174 175 183 185 190 203
12 164 167 180 181 182 186 187 193 194 196 197 204
25 164 166 167 168 169 172 174 177 179 180 184 188 189 190 191 194 195 197 198 199 200 202 203 204 205
16 164 168 169 178 183 184 187 188 191 194 195 196 199 200 202 205
9 167 171 178 180 187 189 194 197 199
5 168 188 190 202 205
12 164 166 174 175 177 189 190 193 197 199 200 201
7 164 167 169 171 176 182 183
19 166 167 169 170 171 172 174 176 179 180 182 186 192 193 195 196 199 200 202
7 167 179 185 186 193 194 205
8 169 175 180 186 188 189 201 202
8 166 172 181 182 190 191 197 200
13 172 173 174 175 177 181 183 185 186 189 190 193 204
7 169 170 172 175 177 186 191
10 164 168 169 173 177 188 195 199 201 204
10 165 174 178 191 193 197 201 202 204 205
10 169 176 178 183 189 191 198 200 202 203
11 173 178 181 186 192 195 196 198 199 203 205
16 165 168 170 176 178 184 185 186 187 190 193 195 197 201 202 204
7 174 175 179 183 185 190 195
6 170 189 190 193 200 203
14 164 168 172 176 177 178 182 187 189 197 198 199 200 201
9 170 171 177 178 187 188 190 193 203
8 164 167 171 176 181 182 183 187
12 166 169 172 173 174 181 183 185 186 187 189 190
20 164 165 168 169 172 173 176 178 181 184 185 187 188 192 196 197 202 203 204 205
2 190 204
4 164 172 189 199
4 177 181 183 199
7 175 180 186 195 200 201 202
26 164 168 172 173 174 176 177 178 179 181 182 183 184 185 186 188 189 191 193 195 198 199 200 201 203 205
8 172 176 179 184 185 191 194 205
8 176 180 187 189 191 193 198 201
15 164 172 174 177 178 185 186 187 189 190 191 196 198 199 200
16 164 167 168 170 174 177 182 186 187 189 190 191 198 199 200 201
17 168 169 173 174 176 177 180 181 184 186 187 188 189 192 197 202 203
7 166 172 181 182 190 191 197
11 169 171 174 176 177 180 184 186 190 193 196
10 164 168 169 173 177 192 199 201 203 204
8 165 167 182 188 195 199 201 205
16 167 168 169 172 174 177 183 186 190 194 195 196 199 203 204 205
7 165 170 191 192 195 198 202
2 166 174
5 165 166 188 190 205
6 173 185 187 192 196 201
9 169 182 183 185 186 187 190 193 197
6 169 175 180 188 189 200
15 164 168 173 174 176 179 181 182 185 186 192 198 199 202 204
7 166 176 181 191 193 198 201
14 164 167 168 172 176 182 187 189 190 197 198 199 200 201
13 167 171 173 178 179 180 182 183 187 189 199 200 204
9 166 167 170 171 173 182 187 190 197
13 168 169 171 176 177 179 181 183 185 186 197 200 205
5 169 194 202 204 205
6 164 169 171 182 183 187
7 171 172 173 179 184 188 205
2 166 174
10 167 170 171 179 182 183 190 191 194 200
16 170 171 174 175 177 178 180 181 184 186 188 189 190 193 194 202
14 165 166 167 171 172 173 174 176 177 181 182 186 192 201
22 164 165 168 173 174 176 177 178 179 181 182 185 186 188 191 193 195 198 199 201 203 205
2 166 204
10 164 170 180 182 185 187 194 195 196 197
11 165 167 169 172 176 178 179 185 191 192 194
12 169 170 171 177 178 180 190 191 194 196 201 202
15 164 165 166 167 168 172 173 179 182 183 192 197 198 203 205
8 165 175 181 185 188 194 197 201
7 168 173 181 182 183 188 196
6 171 174 175 180 184 189
15 166 172 173 174 175 177 181 183 186 187 190 191 193 202 204
22 164 166 167 168 169 171 172 174 176 177 178 182 183 184 186 189 193 195 196 199 200 205
6 171 175 180 184 189 198
5 165 181 185 188 201
12 168 169 171 176 177 181 183 185 186 191 197 205
19 165 173 174 177 178 181 184 185 186 187 188 189 192 193 196 197 198 202 205
12 168 173 181 182 186 188 191 192 198 200 204 205
12 167 169 170 172 178 179 184 186 192 195 203 205
4 169 172 189 191
7 176 179 184 185 191 192 205
17 166 170 171 173 175 176 180 183 186 187 192 195 198 199 201 203 205
7 168 169 177 179 186 187 200
5 164 166 170 173 187
6 176 178 179 185 204 205
13 170 171 174 175 180 181 184 185 186 188 189 194 196
23 164 165 168 172 174 176 178 182 183 184 185 186 188 191 193 195 196 198 199 200 201 203 205
9 166 173 177 185 190 192 194 196 198
13 165 167 169 176 179 184 185 186 191 194 195 203 205
6 173 178 185 192 193 201
1 198
8 169 179 180 181 183 202 204 205
10 170 171 175 179 182 190 191 194 199 200
18 165 166 167 169 170 171 174 176 179 181 184 187 193 196 198 200 204 205
27 165 166 167 169 172 174 175 177 178 180 181 182 184 186 187 188 189 190 191 193 195 197 198 199 200 202 205
20 164 165 169 171 172 173 174 179 181 184 185 186 187 191 193 194 196 198 199 205
24 164 165 166 167 168 169 176 177 178 180 181 182 184 185 189 190 191 193 197 199 201 202 204 205
25 165 168 170 171 174 175 176 177 179 180 181 182 183 184 185 187 188 189 193 194 195 199 202 204 205
16 167 169 175 176 179 183 185 192 193 194 195 199 202 203 204 205
24 165 166 169 170 172 173 174 176 177 182 183 184 186 189 191 192 194 196 198 199 200 202 203 205
21 167 168 169 174 176 180 181 182 183 184 185 186 189 190 192 193 195 196 200 203 205
14 164 166 167 168 171 172 174 175 176 177 192 196 199 204
13 170 175 179 180 186 187 189 192 194 195 202 203 204
27 164 166 168 169 172 174 175 176 177 178 180 183 184 185 188 190 191 192 193 195 196 197 198 199 201 204 205
28 164 165 168 169 170 172 173 174 176 178 180 182 183 184 185 186 188 189 190 191 193 197 199 200 202 203 204 205
16 164 167 169 170 173 174 179 180 184 186 190 191 192 199 202 205
23 165 168 169 174 176 178 179 180 181 182 183 184 186 189 190 192 193 196 197 201 202 203 204
13 165 169 172 173 174 180 185 186 187 191 194 202 204
25 164 166 167 168 169 171 172 174 175 176 177 178 179 181 183 187 188 190 191 193 195 197 200 201 204
22 164 165 166 167 170 173 179 180 181 182 183 185 186 187 188 189 194 198 200 203 204 205
18 166 168 169 171 177 179 181 186 188 191 192 195 196 197 200 201 202 204
25 164 165 166 167 168 169 170 172 174 175 176 178 179 180 181 183 184 191 194 196 197 198 202 204 205
13 168 170 177 178 180 185 187 188 191 193 194 199 205
24 164 165 166 168 169 171 172 175 176 178 179 182 184 185 186 187 190 193 195 200 201 202 204 205
25 166 169 170 173 175 177 178 179 180 181 182 184 185 186 191 193 194 195 196 197 198 199 200 203 205
18 167 170 171 175 176 178 179 182 183 186 187 194 195 199 200 201 203 205
19 164 166 167 168 170 171 172 173 178 179 183 186 188 191 192 194 197 201 205
14 164 168 170 171 173 174 178 179 180 181 184 195 201 204
16 167 171 172 173 177 178 184 185 192 197 198 199 200 201 204 205
20 169 171 173 174 175 179 180 181 183 184 185 187 188 191 193 195 196 202 203 204
12 168 172 174 175 181 182 184 189 191 193 197 198
27 164 165 168 169 170 174 175 176 178 179 180 181 182 183 184 185 188 189 192 193 194 196 197 198 200 201 202
19 165 167 170 173 175 176 177 179 180 182 193 194 195 196 197 198 199 201 205
23 164 165 167 169 172 174 177 179 180 182 184 188 190 191 193 197 199 200 201 202 203 204 205
24 164 166 169 170 171 172 176 177 178 180 184 186 187 189 190 191 192 193 194 195 198 201 202 204
26 165 166 167 168 169 171 172 173 176 177 178 181 182 184 186 187 189 192 194 195 197 198 199 200 204 205
15 164 165 169 178 182 183 184 185 186 188 190 195 198 201 203
16 164 165 168 169 173 174 176 177 183 188 190 191 192 196 197 202
23 164 167 170 173 174 176 179 180 181 182 183 184 185 186 188 189 191 194 195 199 201 202 204
20 164 168 169 171 172 174 175 181 183 190 191 192 195 197 198 200 201 202 204 205
22 165 167 168 169 171 173 174 175 176 178 179 182 189 190 192 194 196 197 198 201 202 204
18 165 168 169 170 171 172 173 176 177 178 181 184 192 193 197 200 203 204
18 165 167 169 171 173 175 177 178 179 185 186 188 189 194 195 197 199 202
27 165 166 167 168 171 172 173 174 175 176 177 180 181 182 183 184 188 190 191 192 193 194 196 197 201 202 204
13 168 169 170 171 175 177 184 185 188 191 192 195 196
25 165 166 167 168 169 172 173 174 176 177 178 179 180 181 183 184 185 186 187 190 192 194 196 199 204
17 165 167 168 171 172 173 174 175 178 182 183 184 185 187 195 200 205
19 167 168 169 171 173 177 178 180 182 184 185 187 191 192 194 196 198 199 204
18 164 167 171 172 174 177 180 182 183 185 186 191 195 196 198 199 202 205
14 169 170 171 172 174 179 182 191 192 195 198 199 200 202
26 166 167 168 169 170 175 177 178 180 181 183 184 186 187 188 190 191 192 194 195 197 198 199 201 203 204
24 164 165 166 167 170 172 174 176 177 178 182 183 185 189 191 192 194 196 197 199 200 202 203 205
22 165 166 170 171 172 176 178 180 181 184 185 187 188 189 191 193 194 195 199 200 202 203
14 168 170 175 176 178 184 186 189 193 195 201 202 204 205
25 164 165 166 167 168 170 175 177 178 182 184 185 188 189 190 191 192 194 195 197 198 199 201 204 205
25 164 166 167 169 170 173 174 175 176 178 180 181 182 184 185 186 188 189 193 194 199 200 202 204 205
23 168 174 175 176 177 178 179 180 182 184 185 186 188 189 191 196 197 200 201 202 203 204 205
14 165 172 173 179 181 183 185 191 192 193 196 197 198 200
24 165 166 167 168 170 173 175 176 179 181 182 183 187 188 189 190 193 194 196 197 198 199 203 205
20 164 166 167 169 170 172 173 178 179 180 181 184 187 188 190 192 195 198 199 205
24 164 167 172 173 174 175 176 177 178 180 185 187 188 191 193 195 196 197 198 199 200 202 204 205
25 164 165 166 169 170 171 173 176 177 181 183 188 189 190 191 192 194 195 197 199 201 202 203 204 205
19 167 168 169 170 176 179 180 181 182 183 184 185 188 191 195 196 198 200 204
27 168 169 170 171 172 173 174 175 177 178 179 180 181 182 183 184 185 188 190 191 192 193 194 197 200 201 205
16 167 168 170 171 173 174 177 179 180 185 186 187 189 194 198 199
14 164 166 170 171 180 188 189 190 193 194 195 199 202 204
19 165 167 168 170 174 176 177 181 182 186 195 196 197 198 200 201 203 204 205
27 166 167 169 170 171 174 175 176 177 181 183 184 186 187 188 189 190 191 192 196 197 199 200 201 203 204 205
27 165 166 167 168 169 170 173 174 175 176 177 178 179 180 181 186 187 190 191 194 195 197 198 199 202 203 205
18 164 165 171 174 179 181 183 185 186 187 190 195 196 197 198 200 201 204
22 164 170 171 173 175 176 179 181 183 185 186 188 191 192 194 195 196 197 199 201 203 204
19 167 168 171 172 174 177 182 184 188 189 190 192 194 195 196 199 200 204 205
18 167 170 172 173 174 176 177 179 180 181 185 186 192 194 195 196 198 199
14 164 166 167 170 172 181 182 188 192 194 195 200 202 205
26 164 165 166 171 173 174 176 178 179 180 181 182 183 185 186 188 190 192 195 196 197 198 199 200 201 205
15 164 165 166 168 169 172 175 178 181 184 188 193 195 197 199
13 165 166 176 180 184 188 189 192 194 195 198 199 204
20 166 167 169 171 175 176 179 180 182 184 185 189 190 191 192 193 194 195 204 205
20 165 166 167 168 169 173 174 177 179 181 188 190 191 192 193 194 195 200 201 202
21 164 165 167 168 169 172 173 174 176 178 179 180 186 191 194 195 196 197 199 204 205
19 166 167 169 171 173 174 175 177 179 180 181 184 191 192 195 198 199 200 203
24 166 167 168 169 170 171 172 173 174 175 179 180 181 183 185 186 187 189 190 192 194 197 202 203
19 164 165 169 170 171 175 177 178 180 181 183 187 192 193 195 196 197 198 204
17 164 165 169 171 173 179 180 182 184 187 188 191 193 197 200 202 205
29 164 166 167 169 170 171 172 173 174 177 180 182 183 185 186 187 188 189 190 191 192 193 196 197 199 201 202 204 205
19 167 168 171 172 173 175 180 181 182 183 184 186 192 193 198 199 202 203 204
14 167 169 174 176 184 186 187 189 191 192 194 196 199 201
25 165 166 170 171 172 174 175 176 177 178 179 180 182 183 185 188 190 191 192 193 195 199 202 203 204
13 170 172 173 176 177 181 182 188 191 194 197 202 205
14 168 171 175 177 178 179 181 182 188 190 193 196 199 200
18 165 167 170 171 174 176 177 178 180 182 189 190 193 194 195 199 202 204
24 164 166 169 173 174 178 179 184 185 186 187 188 190 191 194 195 197 198 199 200 201 202 203 204
14 165 167 168 173 178 181 182 183 185 190 191 192 202 205
14 164 166 170 185 186 188 189 190 193 194 195 196 203 204
18 164 165 168 169 171 175 183 184 188 190 191 192 193 194 195 201 204 205
20 164 166 168 172 173 175 176 177 184 186 188 190 191 193 194 199 200 201 202 203
27 164 165 167 170 171 172 173 174 175 176 177 179 182 184 185 186 187 189 191 195 196 197 199 201 203 204 205
27 164 166 168 169 170 171 172 173 174 176 177 178 179 180 181 184 186 187 189 191 192 196 200 201 202 203 205
17 166 167 172 173 174 176 178 180 188 192 195 197 198 199 200 204 205
21 166 168 172 173 174 175 176 177 179 180 182 183 185 189 190 191 192 193 196 200 205
28 166 167 169 171 172 173 175 179 180 181 183 184 185 186 187 188 189 190 191 192 194 195 196 200 201 202 203 205
18 164 165 167 174 176 177 179 183 184 190 193 194 195 198 199 202 203 205
24 164 165 166 169 170 173 174 178 181 182 183 184 185 186 188 190 193 194 196 198 199 201 203 205
20 164 165 166 167 169 174 176 177 179 184 190 191 192 193 194 195 197 199 200 203
13 164 166 168 173 178 187 188 191 192 196 200 202 203
27 164 166 167 168 170 171 172 173 174 175 176 178 179 180 184 187 188 189 192 197 198 200 201 202 203 204 205
23 164 165 167 169 170 172 174 176 177 178 179 180 182 183 184 186 191 195 197 198 202 204 205
15 165 172 173 174 177 179 180 181 183 185 189 190 191 195 205
21 168 171 172 176 178 179 181 183 184 186 187 188 190 192 195 197 198 201 202 204 205
26 164 167 168 171 172 174 177 178 179 180 181 182 183 184 186 187 190 191 193 194 196 197 198 201 202 204
13 167 168 175 177 178 179 180 192 194 196 198 201 202
24 164 168 169 170 171 172 173 176 179 180 181 182 185 186 192 194 196 197 198 199 200 201 204 205
22 164 167 168 169 174 175 177 179 180 182 185 188 190 192 195 196 197 198 200 203 204 205
20 164 165 169 170 173 182 184 186 187 188 189 191 192 195 196 198 201 202 203 205
14 165 168 176 178 180 184 189 195 198 199 200 201 202 203
19 165 166 167 168 170 171 173 177 178 180 185 186 190 192 194 197 198 201 202
27 164 165 167 170 171 172 173 177 179 181 182 184 185 187 188 189 190 191 193 194 196 197 198 200 201 204 205
16 164 165 167 168 171 173 174 175 177 179 180 182 183 189 192 193
13 164 166 167 173 175 180 182 184 189 191 192 201 205
19 164 165 166 170 171 175 176 177 181 182 184 188 189 190 193 194 195 196 197
23 165 168 170 171 174 175 179 180 181 182 185 186 187 189 190 193 194 196 198 200 202 203 204
15 164 165 167 169 173 174 176 177 179 180 185 193 194 199 201
17 165 166 168 169 171 175 176 178 180 182 183 184 197 198 201 203 205
18 164 172 173 174 175 177 178 179 181 184 188 191 195 196 197 201 202 203
19 164 165 170 172 175 179 180 181 182 183 186 191 194 196 198 199 201 203 205
22 165 171 172 173 175 176 178 180 182 185 186 187 188 189 190 191 192 196 200 202 203 204
24 164 167 168 170 171 175 180 181 182 183 186 187 188 189 191 192 193 194 195 196 200 201 202 205
12 167 169 174 175 178 187 189 190 194 200 202 205
23 166 167 169 171 173 174 179 180 181 182 184 187 189 192 193 195 196 197 200 201 202 203 205
14 170 175 176 180 182 184 190 191 192 195 198 201 204 205
19 164 168 169 170 174 175 176 177 178 179 182 183 186 187 189 194 199 203 205
18 165 167 170 173 176 178 179 181 182 183 185 187 188 190 191 193 200 205
25 164 168 169 170 173 174 175 176 178 179 180 181 182 183 186 188 189 191 192 193 194 195 202 203 204
26 167 168 169 170 171 172 173 175 178 179 182 183 184 185 186 188 190 191 193 195 197 201 202 203 204 205
21 164 165 166 169 173 175 176 181 182 188 189 190 192 194 195 197 198 199 200 203 205
15 165 167 168 171 176 180 183 185 186 192 194 197 198 203 205
19 164 166 167 169 170 174 176 183 184 187 191 193 195 196 197 198 199 200 205
16 164 165 167 168 170 174 176 182 185 190 193 195 196 197 199 200
16 164 168 171 173 174 175 179 182 183 188 191 197 201 202 203 205
20 164 166 167 168 171 172 176 179 181 183 184 187 188 190 192 196 198 199 200 204
18 164 165 168 169 172 174 176 179 181 182 186 187 191 198 200 203 204 205
25 164 165 167 168 170 174 176 177 183 184 185 186 188 189 191 193 194 195 196 198 200 201 202 203 205
26 164 165 169 170 171 172 176 178 179 180 181 182 183 185 186 187 188 189 191 193 194 196 197 198 199 201
28 165 166 167 169 172 173 174 176 179 180 181 182 183 184 186 187 188 189 190 193 194 197 198 200 201 202 203 204
27 164 165 166 169 170 172 173 174 175 176 180 181 182 183 184 185 186 188 189 190 191 193 196 199 200 201 205
22 166 167 173 174 176 178 179 180 182 183 184 185 186 189 191 192 195 196 198 202 204 205
24 166 167 168 169 171 172 173 174 176 180 183 185 187 188 189 190 191 192 193 196 198 200 203 205
18 164 167 168 169 171 172 175 177 178 180 181 188 189 193 195 196 199 205
27 164 167 168 169 173 174 175 176 177 180 182 183 184 186 188 189 190 192 193 194 195 196 197 198 199 201 203
22 164 167 169 170 171 172 173 174 175 176 177 179 181 183 184 186 191 194 198 202 204 205
18 165 167 168 169 170 171 172 176 185 188 189 191 192 194 195 197 200 203
21 164 165 166 167 169 170 171 174 178 179 180 181 183 184 186 189 193 197 198 201 203
15 164 171 173 176 177 179 181 183 185 186 190 192 193 195 202
28 164 165 168 169 171 172 174 175 177 178 180 182 185 186 187 190 191 192 193 194 195 196 198 199 201 203 204 205
23 164 165 166 167 171 172 176 178 179 180 182 184 187 189 194 195 196 197 199 200 201 204 205
28 165 166 167 168 169 170 173 174 175 176 177 178 179 180 184 185 189 190 191 192 194 195 197 198 201 203 204 205
21 166 167 169 171 173 174 177 179 180 184 189 190 191 192 194 195 199 200 201 204 205
28 167 168 170 171 172 175 177 179 180 181 182 183 184 185 186 187 189 190 192 193 194 195 197 198 201 202 203 204
26 164 165 170 171 172 175 177 181 182 183 184 186 187 188 189 190 192 193 194 195 196 197 200 201 203 205
25 165 167 168 171 172 173 174 177 180 182 183 184 186 188 191 192 193 194 195 197 198 199 201 202 203
23 165 166 168 171 174 178 181 183 184 187 188 189 190 191 193 194 195 197 198 202 203 204 205
25 165 166 167 168 169 170 171 180 181 182 183 184 186 189 191 192 193 194 196 197 198 199 201 203 205
25 164 165 168 169 172 173 174 176 177 178 179 181 182 183 185 186 189 191 193 194 195 196 200 201 205
24 164 165 166 167 170 171 172 173 174 176 178 181 183 185 187 188 189 192 193 197 198 202 203 205
26 167 169 174 176 177 178 180 183 184 185 186 187 188 191 192 193 194 195 197 198 199 201 202 203 204 205
14 170 171 179 183 188 189 192 193 196 197 199 203 204 205
23 164 165 167 169 170 174 175 178 179 180 184 187 188 189 190 191 194 195 196 200 201 202 203
23 165 167 168 170 173 175 177 178 182 183 186 187 188 190 191 193 194 197 199 200 202 203 204
13 165 166 173 181 183 184 188 189 190 194 195 202 203
13 168 171 172 173 175 181 184 185 186 187 193 198 202
16 166 167 168 171 176 177 180 184 185 187 188 196 198 201 202 203
22 164 165 166 167 173 174 177 178 179 180 182 185 187 188 189 190 191 194 198 200 201 205
18 164 166 168 169 174 177 179 180 181 182 183 184 192 194 199 202 204 205
21 164 166 167 169 170 171 172 173 175 178 179 182 186 191 192 193 195 196 197 200 204
12 164 173 174 175 181 182 183 184 187 189 191 199
15 167 168 174 177 183 185 186 188 190 194 197 200 201 202 203
24 164 168 169 171 172 175 176 178 179 181 182 183 185 186 187 188 190 192 193 194 195 199 200 205
24 168 169 170 173 176 177 178 180 183 184 185 186 187 188 189 190 195 197 199 201 202 203 204 205
25 165 166 168 169 171 175 176 177 180 182 183 184 185 186 187 189 190 192 194 195 196 198 199 200 204
28 164 165 166 168 171 172 173 175 177 178 179 180 182 183 184 186 187 188 189 190 191 192 194 195 197 200 203 204
25 165 168 169 170 171 174 175 176 177 178 179 180 181 182 183 184 188 189 190 191 194 195 198 199 203
23 164 165 167 168 169 171 175 176 179 181 183 184 185 186 189 190 191 193 195 197 199 201 204
25 164 165 166 168 171 172 173 174 175 181 183 186 187 188 189 190 192 193 195 197 198 200 201 202 203
24 164 165 166 168 169 170 174 175 177 180 182 184 186 190 192 195 196 197 198 200 201 202 203 205
17 165 167 171 172 178 182 183 185 187 188 196 198 199 202 203 204 205
12 164 168 169 180 181 182 184 186 188 193 199 205
13 166 171 174 184 185 186 190 192 193 195 197 198 201
24 164 165 166 167 170 172 173 174 176 177 178 179 181 182 183 184 189 193 194 197 199 201 203 204
17 164 165 167 169 171 176 177 181 182 184 186 188 189 192 198 200 202
16 165 170 171 173 176 177 180 182 186 188 190 191 197 200 203 205
25 165 167 168 169 170 171 173 177 178 180 181 182 184 185 186 190 191 192 193 195 199 201 202 203 205
20 166 167 169 170 171 172 175 178 180 181 185 187 188 189 191 192 198 199 200 201
21 164 168 171 172 178 180 181 183 185 191 192 193 194 196 197 198 199 200 203 204 205
25 164 165 166 168 169 170 171 172 174 175 176 177 178 179 182 183 186 187 191 192 193 195 197 200 203
22 164 165 167 169 170 180 182 183 184 187 188 189 191 192 195 197 199 200 202 203 204 205
28 165 166 169 170 171 172 173 175 177 179 180 181 183 184 185 186 187 188 190 193 195 196 198 199 202 203 204 205
14 164 165 172 175 178 179 182 188 189 191 194 200 201 204
22 165 166 168 170 171 174 176 180 185 186 188 189 192 194 196 197 198 199 200 202 204 205
22 165 168 169 170 171 172 173 175 176 180 183 184 185 187 189 191 192 193 195 197 198 202
26 165 166 167 168 169 172 174 175 177 180 181 183 185 186 187 189 191 192 194 195 197 199 202 203 204 205
17 164 165 169 173 177 179 184 185 191 193 194 196 199 201 203 204 205
27 164 168 170 173 174 175 176 178 179 180 183 185 186 189 190 191 192 194 195 196 197 199 200 201 202 204 205
15 166 167 173 174 183 186 189 190 191 192 193 194 195 197 205
24 164 166 167 168 169 170 171 172 173 174 175 176 177 178 182 185 192 195 196 197 200 201 204 205
18 165 166 167 169 170 173 177 178 180 189 193 194 195 196 199 202 203 205
14 165 166 170 171 172 179 185 190 191 195 196 197 199 200
15 171 172 173 176 183 184 188 190 192 194 195 196 198 199 200
18 167 171 172 174 175 178 180 181 183 184 192 193 195 198 202 203 204 205
19 164 165 166 167 171 174 177 182 183 184 186 188 191 195 197 198 199 201 202
21 165 166 167 168 170 175 176 177 179 184 185 189 190 193 194 195 200 201 202 203 204
28 164 165 166 167 170 172 173 176 179 180 181 182 183 184 185 186 189 190 192 194 196 198 199 200 201 202 203 204
25 164 165 166 167 168 171 173 174 177 180 184 187 188 190 191 193 194 195 196 197 198 199 200 201 205
19 164 166 167 168 169 170 174 177 178 180 181 183 186 187 192 193 194 196 200
15 165 167 170 172 174 181 182 185 186 189 195 196 197 202 203
29 165 167 168 169 170 174 176 177 179 180 181 185 186 187 188 191 192 193 194 195 196 197 198 199 200 201 202 204 205
12 168 175 176 186 189 190 192 197 199 201 203 205
27 164 166 167 168 170 171 174 175 176 178 179 180 181 182 185 186 188 189 190 191 195 196 197 199 201 203 205
24 168 169 170 175 176 177 178 179 180 182 184 185 186 187 188 190 191 195 196 198 199 200 203 204
18 165 170 171 175 177 179 180 182 185 186 189 192 193 195 196 198 200 202
14 171 172 174 175 178 181 182 183 184 185 188 189 193 204
28 166 168 169 170 172 174 175 176 178 180 181 182 183 185 188 190 191 192 193 195 196 197 198 199 201 202 203 204
12 164 168 169 172 173 177 179 193 199 201 204 205
25 165 168 169 170 172 176 177 180 183 184 186 187 188 191 192 194 195 196 197 198 199 201 202 203 204
19 164 167 169 170 175 177 180 185 187 190 191 195 196 197 198 200 202 203 205
26 164 165 166 168 170 172 174 175 177 178 180 181 182 184 186 188 190 192 196 197 198 199 200 202 204 205
20 165 168 169 174 175 177 179 181 182 185 187 189 190 191 193 197 198 200 201 202
22 167 168 169 171 175 177 179 180 181 182 185 186 188 189 191 192 196 198 201 202 203 205
18 164 165 166 169 170 178 179 180 183 184 185 187 188 194 196 199 202 203
17 164 166 170 171 173 174 175 181 184 186 193 194 195 196 197 200 204
16 164 165 168 169 172 174 175 178 181 182 183 195 196 202 203 204
23 165 167 168 170 174 176 178 180 181 182 184 188 189 190 191 193 197 198 199 200 202 203 204
25 164 165 166 167 169 170 172 175 177 181 184 186 188 189 190 191 192 193 194 195 198 199 201 202 203
22 164 165 167 169 170 174 175 176 180 181 182 183 184 185 186 187 188 189 192 194 199 205
17 168 176 177 180 181 184 185 186 187 190 191 193 194 198 199 204 205
26 164 166 169 171 173 174 177 178 179 181 182 183 185 187 189 190 191 193 195 196 197 199 201 202 203 205
21 164 166 167 172 175 177 178 179 180 181 182 184 187 188 192 193 194 196 197 199 200
29 164 165 166 167 168 169 170 171 173 174 175 177 179 180 183 184 186 188 190 192 193 194 195 196 197 199 200 204 205
22 166 170 174 176 179 180 181 183 184 185 186 187 189 191 192 194 197 198 199 200 201 202
27 165 166 168 172 173 177 179 182 184 185 188 189 190 191 192 193 194 195 196 197 198 199 200 201 202 204 205
25 165 166 167 168 171 172 173 174 175 177 178 179 182 186 189 190 191 192 193 194 196 197 198 201 205
16 164 167 173 174 175 176 179 180 182 186 188 189 193 201 203 205
24 164 166 169 171 172 174 179 180 181 185 186 187 188 189 190 192 195 196 198 200 201 203 204 205
17 167 169 173 175 180 181 182 183 184 188 189 190 193 195 197 201 205
18 164 167 173 175 176 177 178 183 187 189 190 191 193 196 198 200 203 205
17 167 170 171 176 178 181 182 184 188 189 191 193 194 195 196 197 204
28 166 169 170 171 173 174 176 179 180 181 183 184 185 187 188 189 190 192 194 195 196 197 198 199 200 201 202 204
18 165 169 172 175 176 177 179 182 186 187 190 194 195 198 199 200 201 202
