202 1268
43 1 2 3 4 5 6 7 8 9 10 11 12 13 14 15 16 17 18 19 20 21 22 23 24 25 26 27 28 29 30 31 32 33 34 35 36 37 38 39 40 41 42 43
29 1 2 3 4 5 6 7 9 10 11 12 13 16 17 18 19 20 21 24 25 30 33 34 35 36 37 38 39 43
19 2 5 8 10 13 15 16 17 20 22 24 28 31 33 34 37 38 41 42
23 1 2 4 5 7 8 14 15 17 18 24 25 26 27 32 33 34 37 38 39 40 41 43
20 1 3 4 8 12 13 14 15 16 18 22 23 24 26 27 28 31 36 38 40
24 2 3 5 6 8 10 11 12 13 14 15 18 19 20 22 23 24 26 29 33 37 38 40 43
21 3 5 6 8 10 12 13 15 16 18 19 20 22 28 30 32 33 36 37 40 42
31 2 3 4 5 6 7 9 10 11 13 14 16 17 19 21 22 23 25 28 29 30 31 32 33 34 35 36 37 39 40 43
28 2 4 5 6 8 9 12 15 16 17 18 19 21 23 25 26 27 28 29 30 31 32 33 35 38 41 42 43
26 1 2 4 8 10 11 13 14 15 16 17 21 22 24 26 27 28 31 33 34 35 37 40 41 42 43
23 5 6 8 9 10 12 14 15 19 20 21 22 23 25 28 30 31 33 34 36 37 39 40
21 1 5 7 8 9 11 13 14 15 18 20 23 28 31 32 34 35 38 39 40 41
25 2 3 6 7 8 11 14 15 17 18 19 23 25 26 28 29 30 31 33 36 37 38 40 41 43
23 1 4 6 7 11 13 14 15 17 19 21 24 25 29 31 32 34 35 37 38 40 42 43
13 1 4 7 9 10 14 18 19 28 29 31 33 42
13 1 2 9 11 12 16 20 22 23 24 34 39 42
32 2 3 4 5 6 8 11 12 13 14 15 16 17 18 19 20 22 25 26 27 28 29 30 31 32 33 34 36 37 38 40 41
25 1 4 6 9 10 11 13 15 16 17 20 23 24 25 26 27 28 29 30 33 35 36 40 41 42
23 3 4 5 10 12 17 18 19 20 21 23 24 27 29 30 31 32 34 36 37 39 41 42
12 1 11 12 13 14 17 18 20 37 38 41 43
19 2 6 7 10 13 14 20 21 22 25 28 31 32 34 37 38 39 41 42
22 4 5 6 7 8 11 12 13 14 16 17 18 19 20 22 23 25 26 34 35 40 41
15 2 11 14 16 24 26 27 29 30 32 36 39 40 41 43
20 4 6 7 8 9 10 11 12 15 18 21 25 26 27 28 30 32 34 35 39
14 1 2 4 5 9 10 17 19 30 32 36 37 40 43
20 4 6 9 10 12 14 16 18 21 23 24 29 30 31 32 33 37 39 41 42
27 2 3 5 6 7 8 10 16 18 20 21 22 23 25 26 29 30 31 32 34 35 36 37 38 40 42 43
23 1 3 4 6 10 11 14 17 19 23 26 27 28 30 31 32 33 34 35 37 38 39 43
16 2 3 4 11 14 16 18 21 27 28 31 34 35 36 37 42
25 1 3 5 7 8 9 10 11 12 13 14 16 17 20 22 25 28 29 30 33 36 39 41 42 43
26 1 2 5 6 8 9 11 12 14 18 20 21 22 24 26 27 28 29 32 34 36 38 40 41 42 43
22 1 3 4 8 9 11 12 18 19 20 22 24 25 28 29 31 34 35 37 38 40 42
34 1 2 4 5 6 7 10 11 14 15 16 17 18 19 20 21 22 23 24 25 26 27 28 32 33 34 35 36 37 38 39 40 42 43
26 2 6 12 13 15 16 18 20 21 22 23 26 27 28 29 30 31 32 33 34 35 38 39 41 42 43
31 1 2 3 4 5 6 7 8 9 10 11 12 14 16 18 19 20 22 24 26 27 29 30 31 33 36 37 38 40 41 43
20 2 3 4 5 9 10 11 17 18 21 22 26 28 31 34 35 37 38 40 42
15 4 5 6 7 10 12 17 23 26 29 36 39 40 42 43
13 2 3 4 5 7 8 12 23 25 27 28 34 36
28 1 3 4 5 6 8 9 11 12 14 15 18 19 21 23 25 26 27 30 32 33 34 37 38 39 40 41 42
28 1 2 3 5 6 7 8 10 12 13 14 15 17 18 20 21 22 24 26 27 29 30 31 33 34 37 39 43
14 2 11 13 15 17 22 23 25 26 27 28 36 38 41
30 1 2 3 4 5 8 9 10 12 14 15 16 17 19 21 22 24 25 26 28 29 30 31 32 34 35 36 37 39 42
21 4 12 14 17 18 20 21 22 24 25 27 28 29 31 34 35 36 37 39 40 42
25 2 3 5 6 7 8 9 10 11 13 14 15 19 20 21 25 26 28 33 35 36 37 39 42 43
25 1 2 4 5 7 8 9 12 15 17 20 21 22 23 25 27 29 31 35 36 37 38 39 42 43
17 1 7 14 15 18 20 23 24 26 27 30 36 37 39 40 41 43
21 2 3 5 7 8 9 11 13 15 17 20 23 24 28 33 34 37 38 39 40 42
32 1 2 3 4 5 6 7 8 9 10 11 12 14 17 18 19 20 23 24 25 26 28 29 30 33 35 36 37 38 41 42 43
28 1 2 4 5 6 7 8 9 12 13 15 16 21 22 23 27 28 31 34 35 36 37 38 39 40 41 42 43
26 44 45 46 47 48 49 50 51 52 53 54 55 56 57 58 59 60 61 62 63 64 65 66 67 68 69
9 44 49 52 54 56 61 62 63 65
10 44 46 50 53 55 56 62 64 67 69
13 44 46 47 48 51 52 53 54 56 57 59 65 66
18 44 45 46 47 49 53 54 55 56 58 59 60 62 63 65 67 68 69
18 46 47 48 49 52 53 54 56 58 59 60 62 63 64 65 67 68 69
19 44 45 46 48 49 51 52 53 56 57 58 60 61 63 64 65 67 68 69
9 49 50 55 59 60 61 62 63 67
15 44 46 47 49 50 52 53 55 56 57 59 63 65 67 69
14 45 47 49 52 53 54 55 56 57 59 60 61 62 68
20 44 45 46 47 48 50 51 52 55 56 57 58 59 60 62 63 64 67 68 69
18 44 45 47 49 50 51 53 55 56 57 59 60 61 63 64 65 67 68
11 45 46 52 53 54 59 61 62 66 68 69
11 46 47 48 49 53 55 58 61 63 65 66
9 44 45 48 51 52 59 61 64 65
17 44 46 48 49 50 51 52 54 55 56 57 58 59 60 61 68 69
18 45 46 47 48 51 52 56 58 59 61 62 63 64 65 66 67 68 69
10 45 47 49 53 54 59 60 62 64 65
8 45 49 61 63 64 66 67 69
10 46 50 51 52 55 58 60 61 62 68
16 44 45 47 48 49 52 54 55 59 60 61 65 66 67 68 69
11 44 45 52 54 55 56 57 58 59 64 68
18 44 46 48 49 50 51 52 53 56 57 58 61 62 63 65 66 67 69
17 44 46 47 49 50 51 52 57 58 59 60 61 62 63 65 66 68
9 45 46 47 50 51 57 61 65 69
8 51 53 54 55 56 58 59 60
9 44 46 47 55 58 59 65 66 69
18 44 45 46 47 48 50 52 53 55 56 58 61 62 63 64 66 67 69
9 44 45 46 47 52 53 59 66 68
7 44 48 50 58 59 62 68
20 45 48 49 50 51 52 54 55 56 57 58 59 61 62 63 64 65 66 67 68
9 46 48 50 52 58 64 65 68 69
8 44 49 50 52 57 62 66 69
16 44 45 46 50 51 52 53 56 58 60 61 62 63 64 65 69
12 50 51 53 56 57 59 60 63 64 65 68 69
11 44 46 49 55 58 62 63 65 66 67 69
10 44 48 49 50 51 55 61 62 63 69
8 44 49 51 53 59 60 63 66
17 44 45 46 47 49 51 53 54 55 58 59 60 61 63 65 66 68
15 44 46 47 48 50 52 53 55 57 58 59 63 65 68 69
13 46 48 49 52 53 56 57 60 61 65 66 67 68
18 44 45 46 48 49 51 52 53 55 58 59 61 62 64 65 67 68 69
14 44 46 47 48 49 51 52 55 57 60 64 67 68 69
19 44 45 47 48 50 51 55 56 58 59 60 61 62 63 64 65 66 67 69
13 44 45 46 49 50 51 52 54 56 60 62 64 67
12 44 45 46 48 49 54 56 57 58 60 63 69
12 47 48 49 52 54 55 59 60 62 63 65 68
13 45 47 51 52 55 56 57 58 59 61 62 65 69
15 44 47 48 49 51 52 55 56 57 58 59 60 61 63 65
18 44 46 47 48 49 50 52 54 55 56 58 59 60 62 63 64 66 68
15 44 45 46 49 50 51 52 53 54 55 57 61 63 64 68
17 45 47 49 50 52 53 54 55 58 59 60 61 62 63 64 65 66
8 48 50 53 59 60 61 65 68
18 44 45 46 47 48 49 51 52 55 56 59 61 62 63 64 65 66 69
10 48 49 50 51 52 53 58 59 60 68
16 44 45 46 49 53 56 58 59 60 61 62 63 65 66 67 68
9 46 48 49 51 54 55 56 58 66
14 44 45 47 48 53 54 56 57 59 63 64 65 67 69
18 45 46 47 48 49 50 54 55 57 58 59 62 63 64 66 67 68 69
10 44 47 49 50 55 60 61 63 68 69
10 44 47 50 59 61 62 63 66 67 69
20 44 45 46 49 50 51 52 53 55 56 57 59 60 61 62 64 65 67 68 69
15 45 46 48 50 51 53 56 58 59 60 61 62 65 66 69
12 44 45 48 51 55 56 58 62 64 67 68 69
11 44 45 46 47 51 53 55 56 60 68 69
16 44 46 47 48 49 54 56 57 59 61 62 63 64 65 66 67
11 44 47 48 49 52 54 58 62 66 67 69
18 44 45 46 48 50 54 55 56 57 58 59 60 61 63 64 65 66 67
15 45 46 47 48 49 50 51 52 55 59 62 64 65 67 68
10 45 47 48 51 53 57 58 59 61 64
7 47 48 49 51 56 64 68
18 44 45 46 47 49 50 51 52 53 55 58 59 60 61 63 66 67 68
8 47 49 56 60 61 64 66 69
13 44 46 49 51 52 53 55 57 60 62 63 64 66
17 45 48 51 53 54 55 58 59 60 61 62 63 64 65 67 68 69
16 44 46 48 51 54 55 56 57 60 61 62 65 66 67 68 69
14 44 46 49 50 51 54 55 57 60 61 62 63 65 67
20 44 45 46 47 50 51 53 54 55 56 58 59 60 61 62 63 65 67 68 69
12 44 46 48 50 51 53 54 56 62 65 66 69
8 44 45 47 52 54 57 61 69
17 44 46 48 50 51 53 55 56 58 59 60 61 62 63 65 66 67
15 45 47 48 49 52 54 56 57 60 62 64 65 66 68 69
11 45 48 49 50 51 58 59 61 62 65 69
14 44 45 48 49 51 54 55 56 57 58 60 61 64 65
12 45 46 52 53 57 58 59 60 63 64 66 68
9 44 45 53 54 56 60 63 64 65
12 44 46 47 48 49 53 56 57 59 60 61 66
20 44 48 49 50 51 52 54 55 56 57 59 61 62 63 64 65 66 67 68 69
8 44 51 53 54 60 63 64 68
11 44 46 48 49 53 55 58 59 62 67 69
14 45 46 47 48 49 50 57 58 59 63 64 65 67 68
9 49 51 53 61 62 64 66 68 69
9 52 53 55 56 57 60 63 67 68
18 44 45 47 48 50 51 52 54 55 57 59 60 61 64 65 66 67 68
29 70 71 72 73 74 75 76 77 78 79 80 81 82 83 84 85 86 87 88 89 90 91 92 93 94 95 96 97 98
20 70 71 73 75 79 82 83 84 85 86 87 88 89 90 91 92 93 94 96 97
16 71 72 75 77 78 79 80 84 87 88 90 91 92 93 94 98
21 70 72 73 75 76 77 79 80 82 83 84 86 88 89 90 92 93 94 95 97 98
9 72 81 82 83 84 85 87 91 93
10 74 75 79 81 82 84 85 89 90 96
16 70 71 73 76 80 82 84 85 86 89 90 92 93 95 96 98
16 71 75 77 78 79 81 82 83 86 88 89 93 94 95 96 98
13 70 74 75 76 78 80 82 84 85 87 88 91 94
21 70 71 73 74 75 76 79 80 81 82 84 86 87 88 90 92 93 95 96 97 98
18 70 71 72 75 76 77 78 80 83 84 86 89 92 93 94 96 97 98
11 73 77 78 81 82 84 89 90 94 95 97
12 73 82 83 84 86 87 89 90 92 94 95 98
22 70 71 72 73 74 75 76 77 78 79 81 82 83 86 89 91 92 93 94 95 97 98
8 71 77 80 81 82 86 90 91
18 71 72 74 77 78 79 80 81 82 83 84 87 89 90 91 92 93 94
10 71 72 78 81 82 84 86 90 91 98
14 71 72 74 75 77 78 80 81 84 88 91 96 97 98
9 70 71 72 74 75 78 81 84 97
9 73 75 77 78 80 88 89 91 98
19 70 72 75 76 78 81 82 83 86 87 88 89 90 91 92 93 95 96 97
11 70 74 78 79 82 84 85 88 90 91 92
16 72 74 76 77 78 79 80 82 85 86 87 88 89 90 95 98
19 70 73 74 76 78 80 84 86 87 88 89 90 91 92 94 95 96 97 98
21 70 71 75 76 77 78 80 82 83 85 86 87 88 89 90 91 92 93 94 95 97
22 71 72 73 74 76 77 79 81 82 83 84 85 86 88 89 90 91 92 95 96 97 98
17 70 71 72 74 76 79 80 82 84 85 86 87 91 94 95 96 97
16 70 72 73 75 78 79 81 84 85 86 88 89 91 95 96 97
12 70 72 73 75 77 78 81 90 91 94 96 97
17 70 71 73 74 75 76 78 79 81 84 86 89 91 92 93 97 98
13 71 72 77 79 86 87 88 90 92 93 96 97 98
18 71 72 73 74 76 77 79 81 84 85 86 87 88 90 92 93 96 97
22 71 72 73 74 77 78 80 82 83 84 85 86 87 88 89 90 91 92 93 95 96 97
10 70 74 76 77 81 82 89 92 95 98
20 70 71 72 73 74 75 76 80 81 83 85 86 87 90 92 93 94 95 96 97
10 71 74 76 77 78 80 82 86 96 97
18 71 72 74 75 76 77 78 79 81 87 88 91 92 93 94 95 96 97
11 74 76 78 79 83 86 87 88 94 95 96
7 109 116 123 126 134 135 138
12 100 104 105 113 121 122 123 128 129 131 132 133
21 100 101 103 105 106 108 110 114 117 118 121 124 126 129 130 131 132 133 135 137 138
12 99 100 105 108 112 115 119 120 121 124 130 134
24 100 101 102 103 105 106 107 108 109 110 111 114 115 116 118 120 122 124 126 127 129 134 135 139
12 101 102 106 108 112 114 119 120 121 122 131 133
14 103 104 107 111 113 117 118 124 125 127 128 130 132 137
10 101 107 112 118 119 120 126 130 138 139
9 101 103 106 107 110 113 117 130 132
9 101 110 111 116 117 125 134 137 139
6 101 105 107 111 128 131
15 99 100 103 104 105 106 108 109 110 115 121 125 127 129 137
8 104 106 113 114 118 125 133 135
9 103 110 111 119 123 131 132 133 136
12 100 101 102 107 109 120 128 133 134 137 138 139
17 100 101 103 105 106 111 117 118 122 123 124 126 130 134 135 136 137
4 108 116 118 133
10 105 108 110 111 112 113 122 125 132 136
18 99 100 101 104 108 109 110 111 113 117 119 122 123 125 126 129 132 138
19 99 104 105 109 113 114 118 119 120 121 122 124 126 127 128 131 132 136 138
15 100 102 106 108 110 114 115 116 117 118 122 130 132 133 135
19 99 103 104 106 114 115 116 117 118 119 121 123 124 126 127 129 130 131 135
7 107 109 110 117 119 124 130
11 100 105 106 107 108 114 117 119 131 135 136
9 99 102 109 110 118 120 123 128 129
20 101 102 103 104 109 110 111 112 113 114 117 121 123 125 128 129 130 137 138 139
19 101 103 107 108 110 111 112 113 115 116 120 121 122 124 127 129 130 134 136
9 99 103 107 113 115 121 126 136 138
9 99 100 105 120 124 126 131 133 135
9 100 104 108 114 115 122 126 127 133
7 99 119 121 131 135 137 139
11 100 101 110 111 112 122 123 125 127 130 134
13 102 104 107 112 115 116 119 122 123 127 128 134 139
17 102 104 105 106 109 114 117 119 120 124 128 129 131 132 135 137 139
24 99 102 104 107 108 109 110 112 113 114 115 116 119 120 121 125 127 128 129 131 132 133 138 139
6 108 114 118 124 127 130
17 99 104 112 113 117 119 121 123 125 128 130 131 132 133 136 137 138
20 99 100 104 105 106 107 108 109 111 112 113 116 119 120 121 122 128 129 133 137
10 104 107 110 111 115 122 131 132 137 139
28 99 100 102 104 105 106 108 110 111 112 113 114 115 117 118 119 121 122 124 126 128 129 130 131 136 137 138 139
19 99 100 103 106 109 112 113 119 120 121 123 125 126 128 130 131 134 135 139
10 100 102 103 106 112 114 123 124 133 134
16 100 102 103 105 108 114 116 119 122 123 129 134 135 136 137 139
6 101 108 112 115 123 136
22 101 102 104 105 107 108 110 111 114 115 116 117 118 122 124 127 129 132 133 136 137 138
12 106 107 108 115 116 118 119 122 127 132 134 136
10 103 104 109 112 119 120 126 137 138 139
22 99 100 102 104 105 106 109 114 117 118 119 123 125 126 128 131 132 133 135 137 138 139
29 101 102 103 104 106 107 109 110 111 113 114 116 117 118 122 123 125 126 127 128 129 131 132 133 135 136 137 138 139
13 100 102 103 106 107 108 112 115 123 129 130 133 135
14 101 103 104 111 112 113 115 116 121 124 130 132 138 139
8 99 100 105 110 115 129 136 139
8 101 113 121 126 127 129 130 135
14 107 111 113 117 118 120 126 128 130 131 133 134 135 136
12 101 102 112 114 116 119 122 123 124 132 138 139
15 99 101 104 105 109 112 113 116 120 121 125 126 128 135 138
13 101 103 107 109 116 120 123 125 127 132 133 134 135
7 108 117 120 122 126 127 138
21 99 100 101 102 103 104 106 107 109 111 114 118 119 124 125 128 129 131 134 135 136
13 105 110 112 113 115 116 121 123 130 132 133 137 139
13 99 105 108 109 116 117 118 119 120 125 128 136 138
25 99 101 104 106 107 109 110 111 112 113 115 117 118 120 121 124 125 126 127 128 130 131 132 133 138
11 100 102 106 107 115 117 122 129 134 137 139
20 99 100 102 103 105 111 116 120 121 122 126 127 128 129 131 132 134 137 138 139
8 102 105 114 120 121 128 135 139
23 99 101 102 108 109 110 114 116 117 118 119 122 123 125 126 127 130 131 132 133 135 136 137
21 101 102 103 110 114 115 117 118 123 124 125 126 127 130 131 132 134 135 136 138 139
10 99 113 121 123 124 125 127 129 134 136
7 99 109 111 113 120 125 136
18 100 103 104 105 106 107 111 112 113 115 120 121 124 128 129 134 138 139
16 102 105 109 111 112 116 118 120 123 124 125 128 129 134 136 138
7 122 125 126 127 133 134 137
15 103 106 107 112 115 116 118 124 127 130 131 133 134 136 137
19 99 102 103 106 108 109 110 111 114 115 116 117 124 125 127 134 135 136 137
7 109 110 118 120 123 128 129
16 100 101 105 108 110 117 121 124 129 130 131 132 133 135 137 138
9 101 118 122 124 130 134 135 136 137
3 116 123 138
3 105 107 128
13 100 103 105 106 111 117 123 124 126 134 135 136 137
16 100 105 106 108 110 117 118 121 124 129 130 131 132 135 137 138
6 109 111 113 120 125 136
18 101 102 104 105 107 111 114 115 116 117 118 122 127 129 133 136 137 138
10 99 113 118 121 122 126 127 131 136 138
9 111 112 123 125 128 129 134 136 138
9 103 111 117 118 122 124 130 135 136
11 99 105 108 109 116 117 118 119 125 128 136
8 101 103 120 123 125 132 133 135
9 102 104 107 112 119 122 123 127 128
12 101 103 104 111 112 113 115 121 124 130 138 139
14 99 100 103 105 111 116 120 121 129 131 134 137 138 139
8 105 111 123 124 125 128 129 136
7 99 100 105 120 131 133 135
9 102 107 109 120 128 133 134 138 139
8 111 113 117 118 120 126 133 135
16 100 103 104 105 106 107 111 112 120 121 124 128 129 134 138 139
11 109 112 113 119 120 123 125 128 131 134 135
5 109 110 117 124 130
8 100 102 103 106 112 114 123 134
5 99 119 131 135 137
14 102 104 106 109 114 117 119 120 124 128 129 132 135 139
18 101 103 104 106 107 109 113 114 116 117 122 126 127 128 132 136 137 138
10 104 105 113 118 120 122 127 128 132 136
12 100 101 104 109 110 113 117 119 122 123 129 138
16 100 102 103 105 106 108 110 111 114 115 120 122 129 134 135 139
4 99 111 120 136
9 101 112 114 119 122 123 124 132 138
15 100 101 103 104 107 111 114 118 119 125 128 129 131 135 136
7 99 100 124 126 131 133 135
6 102 108 112 114 122 131
17 99 100 102 104 106 114 117 118 119 123 126 131 132 133 137 138 139
16 104 107 108 109 112 113 114 116 119 120 121 125 127 129 132 133
8 107 110 115 122 131 132 137 139
13 101 104 107 110 111 114 115 116 118 122 124 137 138
12 103 106 112 120 121 125 126 128 131 134 135 139
13 101 102 104 108 110 114 115 117 127 129 132 133 138
12 99 101 108 116 117 118 130 131 133 135 136 137
6 100 105 115 129 136 139
7 101 103 106 107 113 117 132
12 99 100 102 103 111 121 122 126 127 131 134 139
7 101 111 112 122 125 127 134
12 114 119 120 121 122 124 126 127 128 131 132 138
15 99 103 104 106 115 116 117 119 121 124 126 127 130 131 135
13 99 109 113 114 119 120 121 122 127 131 132 136 138
5 99 105 126 131 133
9 101 102 108 114 119 120 121 122 131
13 99 100 104 108 109 110 117 119 123 125 129 132 138
6 108 109 116 118 125 136
14 100 101 103 105 106 118 122 123 124 130 134 135 136 137
2 118 133
6 102 105 120 121 128 139
7 104 109 113 125 126 128 138
10 99 104 114 119 121 122 124 127 132 136
11 101 103 107 110 111 115 116 120 121 124 127
4 108 122 126 127
11 102 104 107 112 116 119 122 123 127 134 139
5 99 123 125 127 129
4 108 118 124 127
11 99 103 104 105 106 108 109 110 115 127 129
10 103 104 111 113 115 116 124 132 138 139
12 102 104 109 114 117 119 120 124 129 131 132 139
10 109 116 120 123 125 127 132 133 134 135
20 100 101 103 105 106 107 108 109 110 111 114 115 118 122 124 127 129 134 135 139
11 99 101 103 109 111 119 124 125 128 131 136
14 99 104 112 113 117 121 125 130 131 132 133 136 137 138
4 109 111 113 120
8 101 102 107 109 128 133 137 139
5 99 121 131 135 139
6 99 105 124 126 131 135
12 102 103 106 108 109 110 111 114 125 134 135 137
7 100 103 106 112 123 124 134
6 103 104 109 120 126 139
11 101 103 107 110 111 115 116 120 122 127 129
5 108 117 120 126 138
15 99 104 105 109 113 114 118 119 121 122 126 128 132 136 138
4 108 114 127 130
8 104 107 110 111 115 122 131 139
14 99 100 106 109 112 113 120 121 125 126 131 134 135 139
11 105 110 112 113 116 121 130 132 133 137 139
12 103 105 106 107 111 113 115 120 121 124 129 138
9 100 102 106 108 112 115 129 133 135
10 104 109 111 112 113 114 117 121 130 138
5 116 123 126 134 135
5 100 102 106 117 139
8 100 103 105 117 122 126 134 136
14 99 100 101 102 103 104 111 118 119 124 128 129 135 136
7 99 100 104 105 108 109 121
5 106 107 115 122 129
9 100 105 113 121 122 123 128 131 132
9 104 105 106 107 113 115 124 134 139
5 109 120 123 128 129
6 103 110 111 119 131 136
12 102 103 108 109 111 114 117 124 125 127 135 136
7 105 110 111 113 122 125 136
17 99 100 105 106 107 108 109 111 112 113 116 119 120 122 128 129 133
15 99 100 102 106 108 110 115 119 121 126 129 130 131 137 138
4 122 133 134 137
20 101 103 104 106 107 110 111 116 122 123 125 126 128 129 131 132 133 135 137 139
14 102 104 105 106 109 114 117 120 124 128 131 132 137 139
18 100 102 104 105 106 109 114 117 118 119 126 128 131 132 133 135 138 139
6 104 113 114 125 133 135
12 100 103 114 117 121 124 126 129 133 135 137 138
7 107 109 120 127 132 133 134
4 113 121 127 130
19 100 101 102 106 107 108 109 110 114 116 118 120 122 124 126 127 129 134 135
6 125 126 127 133 134 137
19 99 100 102 104 106 109 114 117 119 123 125 126 128 131 132 133 135 137 139
5 104 113 114 133 135
8 101 107 109 120 123 127 132 133
11 99 101 108 109 110 113 119 122 125 126 129
4 100 108 114 115
22 99 100 102 104 105 106 108 110 111 112 115 118 121 122 124 128 129 130 131 136 138 139
11 100 103 106 109 112 113 119 121 128 131 134
14 102 104 108 114 116 117 118 122 124 127 129 133 137 138
4 114 120 128 135
9 101 104 111 112 121 124 130 138 139
14 104 105 106 111 113 115 120 121 124 128 129 134 138 139
11 103 106 112 118 124 127 130 131 133 134 137
10 99 103 106 114 117 125 134 135 136 137
8 99 113 121 123 124 127 129 136
8 103 107 117 118 124 125 132 137
7 106 115 116 118 122 127 136
14 99 100 112 113 119 120 121 123 125 128 130 131 134 139
4 108 117 120 138
4 101 107 111 131
7 104 112 119 120 126 138 139
9 102 107 109 120 133 134 137 138 139
5 102 107 115 122 129
6 99 110 120 123 128 129
4 104 108 114 127
3 101 115 123
7 102 108 112 121 122 131 133
5 102 107 117 129 137
6 99 111 113 120 125 136
11 102 104 105 109 114 117 120 128 129 132 137
9 102 106 107 115 117 129 134 137 139
17 101 102 103 104 109 110 112 114 117 121 123 125 129 130 137 138 139
17 99 100 102 103 105 111 120 121 126 127 128 129 131 132 137 138 139
11 99 100 104 105 108 109 113 116 121 122 129
14 103 104 114 115 116 117 119 123 124 126 127 129 130 131
9 99 103 104 106 108 121 127 129 137
4 101 113 129 130
8 101 102 109 133 134 137 138 139
10 101 103 104 112 113 116 130 132 138 139
13 100 102 103 107 110 111 113 119 121 130 132 134 135
27 99 100 101 102 103 104 105 106 107 109 111 112 113 115 116 118 119 120 121 122 126 127 129 131 132 135 137
22 99 102 103 106 111 112 114 115 117 119 120 123 125 126 127 129 130 131 133 134 135 136
20 102 105 106 109 111 113 115 118 119 120 121 122 123 124 125 131 134 135 136 137
14 103 104 107 113 114 116 117 119 125 128 132 133 136 137
13 100 102 104 106 111 115 116 119 124 128 129 130 138
26 100 101 102 104 106 108 111 113 114 115 119 120 121 122 123 126 127 128 129 130 131 132 133 136 137 138
22 99 100 101 102 104 107 111 114 115 117 119 122 123 124 125 126 127 129 130 134 135 137
15 101 103 106 108 112 115 116 119 124 126 127 128 130 135 139
27 100 101 102 103 109 110 111 113 114 115 116 117 120 122 123 124 125 126 127 128 129 130 131 133 134 136 139
21 100 102 106 109 110 111 113 117 118 119 122 123 124 126 128 129 130 131 134 135 139
28 99 100 101 102 103 104 107 108 109 110 111 113 114 115 116 119 122 126 127 128 129 131 132 133 134 135 138 139
12 102 105 106 110 112 121 122 128 133 136 138 139
13 101 103 105 114 117 118 126 127 130 132 135 136 137
23 99 100 101 102 103 105 106 107 109 112 114 116 118 119 120 122 125 129 131 134 136 137 139
14 99 102 106 109 110 112 113 114 122 125 127 132 133 135
15 100 101 103 107 108 110 113 119 122 123 125 134 135 136 138
15 99 101 102 103 105 107 113 114 117 120 124 128 131 132 134
19 100 103 106 107 110 112 113 116 118 119 121 126 127 128 130 134 135 136 137
14 100 106 107 110 111 113 118 119 120 121 126 131 132 138
24 99 100 101 103 104 106 109 110 111 113 117 120 121 122 124 127 128 129 130 131 133 134 135 138
27 99 100 101 102 104 105 106 107 108 109 111 112 113 114 115 118 121 122 127 129 130 131 133 134 135 137 139
24 100 102 105 106 107 108 110 113 115 119 120 121 122 125 126 128 129 131 132 134 135 137 138 139
23 99 100 108 109 111 114 116 117 118 119 120 121 126 128 129 130 131 132 134 135 136 138 139
15 99 101 103 106 107 108 109 112 113 117 119 125 132 135 136
23 99 100 102 103 105 106 108 110 113 114 116 121 122 123 124 125 127 128 131 134 135 137 138
20 100 101 102 108 110 111 113 114 115 116 118 123 125 127 128 132 133 135 136 138
26 99 100 102 103 107 111 113 115 116 117 118 119 120 121 122 124 125 127 128 131 132 133 134 135 136 138
13 106 112 119 120 124 126 128 130 131 132 133 134 135
24 102 103 105 107 111 113 116 119 120 121 122 123 125 127 129 130 131 132 133 134 135 137 138 139
19 104 105 107 108 112 114 115 118 119 121 122 124 125 127 128 131 133 134 136
15 100 102 104 106 110 112 116 117 120 126 129 133 134 135 138
23 99 102 103 105 108 109 111 112 114 115 117 118 119 123 125 126 127 128 130 132 134 135 136
27 99 100 101 103 105 106 107 110 112 113 114 115 116 120 121 122 123 125 126 127 129 131 132 133 134 137 138
23 100 101 102 103 104 105 107 109 115 119 120 122 124 126 127 128 129 130 131 132 134 135 139
23 99 100 102 104 106 107 111 113 114 115 116 119 121 123 124 125 126 127 131 133 136 137 139
25 99 100 102 104 105 106 107 110 112 114 115 116 117 118 120 123 124 126 127 131 133 134 135 136 138
16 101 103 108 109 110 113 121 124 125 127 129 130 131 133 134 139
22 99 102 103 104 105 107 108 111 112 113 114 116 117 118 119 124 127 128 133 135 136 137
14 100 101 105 107 108 109 112 115 118 119 126 129 132 139
17 101 102 103 106 107 110 111 114 117 119 120 121 125 129 130 131 139
23 99 100 104 106 112 114 116 117 118 121 124 125 126 127 129 130 131 132 134 135 136 138 139
14 104 105 112 116 117 118 128 129 131 133 134 135 137 138
23 99 101 104 105 106 107 109 110 111 112 114 117 121 122 126 127 128 131 132 133 135 136 137
13 101 103 104 105 108 112 113 116 121 122 128 133 135
27 100 101 103 104 105 107 108 113 114 116 119 120 122 123 125 126 127 128 130 131 132 134 135 136 137 138 139
26 99 101 102 103 105 106 108 109 111 112 114 116 117 118 120 121 122 124 127 128 129 132 134 137 138 139
12 102 104 108 120 122 125 128 129 134 135 136 138
14 100 102 106 108 109 110 115 116 121 126 129 133 135 139
16 101 102 104 107 109 111 114 116 118 123 126 127 128 129 135 138
20 101 104 107 109 110 113 114 115 117 118 119 120 124 125 131 133 136 137 138 139
21 99 101 104 108 111 112 113 116 118 120 123 124 126 127 129 130 132 134 135 138 139
27 99 101 102 103 106 107 108 109 110 111 112 113 116 117 119 121 122 124 125 126 128 131 132 134 137 138 139
24 100 102 106 108 109 110 114 115 116 117 118 119 124 126 127 130 131 133 134 135 136 137 138 139
22 101 102 103 105 106 107 108 109 112 113 114 115 120 121 123 124 125 127 128 129 132 134
14 99 100 102 106 107 109 112 113 125 126 130 133 137 139
12 101 104 105 107 110 116 122 124 125 128 131 138
25 99 100 101 102 103 106 108 109 113 114 116 117 118 119 120 124 125 126 127 128 130 134 135 137 139
26 99 100 101 102 104 105 106 107 109 110 111 113 114 115 116 118 119 121 128 130 132 133 134 135 137 138
17 99 101 104 107 108 109 111 113 116 118 122 125 126 127 128 135 136
18 100 104 106 111 112 118 119 121 122 123 125 126 127 133 134 135 138 139
22 100 102 106 107 108 111 113 114 115 116 119 121 125 126 130 131 133 134 136 137 138 139
18 100 101 102 104 106 110 112 115 116 117 118 121 122 125 128 129 135 136
13 105 107 109 112 113 115 123 124 126 129 132 134 137
17 99 101 102 105 108 109 113 115 118 119 123 126 132 135 136 137 139
26 102 103 105 107 108 110 111 112 113 114 115 117 119 123 124 126 127 128 130 131 132 133 134 137 138 139
23 100 101 105 106 111 112 114 116 117 119 123 124 125 126 127 128 129 131 133 134 136 137 138
27 99 100 103 104 105 108 110 111 112 113 114 115 116 117 118 119 121 123 124 125 127 132 133 134 136 137 138
28 99 100 103 104 105 106 108 111 112 116 117 118 119 120 122 123 124 125 126 127 128 130 133 134 135 136 138 139
14 100 101 103 110 111 112 116 120 124 125 127 131 136 139
16 99 100 103 105 106 108 122 124 125 127 128 130 132 133 138 139
19 101 104 105 109 112 113 116 118 119 120 121 123 125 126 127 130 137 138 139
15 99 102 106 108 109 114 116 117 118 119 124 127 128 135 139
27 101 103 104 107 108 109 111 112 113 114 115 116 119 121 122 124 125 126 127 129 130 131 133 134 136 137 139
12 106 112 113 120 121 122 124 128 132 137 138 139
23 102 104 105 106 109 111 112 113 114 115 116 117 118 121 122 123 125 127 129 130 131 132 133
14 104 105 108 110 113 117 118 119 122 125 128 130 135 139
17 102 104 105 107 109 112 114 117 119 120 123 126 127 130 137 138 139
28 99 100 101 103 105 108 109 110 111 113 115 117 118 121 122 124 125 127 128 130 131 132 133 135 136 137 138 139
28 100 101 102 104 105 107 109 112 113 114 116 117 118 120 121 122 123 124 125 126 127 130 131 133 135 136 137 138
14 99 100 101 104 105 110 113 114 115 125 126 133 134 136
23 104 105 106 107 108 110 111 112 113 116 118 120 121 122 123 125 126 128 130 131 132 137 138
22 100 101 103 108 114 115 116 117 119 120 122 123 125 127 129 130 131 132 136 137 138 139
12 102 104 105 108 110 114 119 123 124 125 131 138
19 102 104 105 108 109 111 112 114 116 118 124 127 129 130 131 132 133 135 136
13 101 106 109 110 112 115 117 120 124 130 134 135 137
21 99 102 103 104 105 108 109 110 112 113 114 120 125 127 129 130 131 132 135 137 138
27 99 101 102 104 105 106 107 108 110 111 112 114 115 116 119 120 122 123 127 128 129 130 133 134 135 136 137
21 104 105 106 107 108 109 113 114 115 117 119 120 122 125 126 127 132 133 136 137 138
20 101 103 104 105 106 114 115 118 120 122 123 129 131 132 133 135 136 137 138 139
17 100 102 103 107 110 111 112 113 118 119 120 123 129 131 133 135 136
16 100 104 105 106 112 113 117 119 121 122 125 127 129 131 136 137
14 100 106 107 110 113 114 115 117 119 124 126 132 133 137
18 99 101 102 103 104 109 113 114 115 121 122 127 130 131 132 133 134 139
20 103 104 105 107 109 110 112 116 117 121 122 123 125 127 129 131 132 134 138 139
12 101 102 103 104 106 109 121 124 126 127 132 137
22 99 105 106 107 108 109 110 113 114 116 117 119 120 121 125 127 128 133 134 136 137 138
12 101 102 110 111 117 118 120 121 133 134 136 138
19 100 101 102 103 107 111 114 119 120 122 123 124 125 126 131 135 136 138 139
23 100 102 103 105 106 109 110 113 115 116 118 119 120 122 123 125 127 129 134 136 137 138 139
13 100 101 103 105 106 110 113 114 115 118 121 130 135
21 99 102 104 109 110 111 113 115 116 120 121 122 123 127 128 129 130 131 137 138 139
19 102 103 105 106 107 108 111 116 117 118 121 123 125 128 132 133 135 137 139
20 99 102 103 109 110 111 112 114 116 118 119 120 121 123 124 128 132 134 136 137
27 99 100 101 103 104 106 107 108 109 110 111 112 115 116 117 119 120 121 123 125 127 129 132 135 136 137 139
27 99 100 101 102 103 106 109 111 112 113 114 116 117 120 121 122 123 125 127 129 130 131 133 134 135 136 139
22 100 101 104 106 109 110 111 114 116 117 118 120 121 124 125 127 128 130 131 133 136 138
21 99 100 101 102 110 111 113 116 118 120 121 122 124 125 126 128 129 131 135 136 139
19 102 105 106 107 110 111 112 117 118 119 120 125 126 128 132 134 135 138 139
18 99 104 105 108 109 116 117 119 122 123 128 131 132 133 134 135 137 138
25 100 103 104 105 107 109 111 113 114 116 117 118 119 121 122 123 124 127 128 129 130 131 133 135 136
19 99 101 103 105 106 107 108 117 118 119 121 123 124 126 127 130 131 135 139
21 99 100 102 103 104 105 107 109 110 112 113 114 115 116 121 126 128 133 134 136 139
14 100 103 104 105 111 113 114 120 123 124 127 137 138 139
24 100 101 103 106 107 109 111 114 116 117 118 120 122 123 124 125 127 128 130 132 134 136 137 139
23 100 101 104 105 106 108 109 110 111 112 113 114 117 118 119 120 121 122 125 126 133 135 136
26 99 102 103 105 107 108 110 112 113 114 116 119 120 122 126 127 128 129 130 131 132 134 135 136 138 139
14 102 104 108 111 116 117 118 119 125 127 132 133 134 137
24 101 105 107 108 109 110 111 112 113 115 116 117 120 122 123 128 129 131 133 135 136 137 138 139
19 99 100 101 102 104 105 106 109 114 115 116 120 126 128 130 131 135 138 139
12 99 105 111 113 118 122 123 126 127 130 134 136
26 100 101 103 104 107 108 111 112 115 116 117 118 121 123 124 125 126 127 128 129 131 132 133 135 136 138
18 99 100 107 109 112 116 118 119 120 122 124 126 128 133 135 136 137 139
18 99 101 105 108 111 112 114 118 120 126 127 130 131 132 133 136 138 139
15 99 100 112 113 115 116 118 120 124 125 126 134 136 137 139
16 99 100 102 103 104 106 108 114 115 117 118 121 122 123 132 136
17 100 102 105 109 112 115 116 118 121 122 127 128 133 134 136 137 139
28 100 101 102 103 104 105 106 107 108 109 112 113 114 115 116 117 118 119 121 123 125 126 127 130 133 136 137 139
17 99 101 104 106 107 109 114 118 121 124 125 127 135 136 137 138 139
26 100 101 102 104 105 108 109 110 111 113 115 116 117 118 120 121 122 124 129 130 131 134 135 136 137 139
23 104 106 107 110 111 112 113 114 115 116 117 118 119 121 122 125 126 129 130 132 133 136 139
26 99 101 103 107 108 109 110 111 112 113 116 117 118 120 121 123 125 126 127 129 131 132 135 137 138 139
17 99 100 103 104 105 109 111 112 115 116 120 124 126 127 137 138 139
12 100 103 104 105 108 109 110 112 115 116 127 136
24 99 100 102 104 106 108 109 111 112 119 120 121 122 123 124 125 126 128 129 131 133 135 138 139
15 105 108 112 113 123 124 125 126 128 130 135 136 137 138 139
18 99 101 102 103 105 107 109 111 113 119 123 124 125 127 128 129 130 139
22 99 100 101 104 108 110 112 114 116 117 118 119 123 124 125 127 128 130 132 134 135 137
18 99 103 104 109 110 113 115 117 119 120 121 122 124 125 129 131 135 138
26 99 100 101 102 103 108 110 111 113 114 115 117 118 119 120 121 123 125 126 127 129 130 131 132 133 135
15 99 102 104 105 111 112 115 122 123 127 128 130 131 134 139
22 102 104 106 108 109 111 112 113 114 115 116 117 118 120 123 129 131 132 133 134 136 138
21 101 102 103 104 106 107 108 111 114 116 117 118 119 121 122 124 125 126 128 129 136
21 99 100 101 104 105 107 108 110 111 114 117 118 120 121 123 126 127 129 131 133 139
24 99 105 108 109 110 111 113 118 119 120 121 122 123 124 127 128 129 130 131 132 133 134 135 137
12 101 104 110 111 118 119 121 123 127 134 136 137
22 102 103 105 109 110 112 114 115 118 120 121 122 124 125 126 127 129 130 131 134 135 138
24 99 101 102 105 106 108 109 111 112 113 116 119 120 123 124 126 127 130 131 132 134 135 136 138
23 99 100 101 102 103 109 110 112 115 116 118 119 120 122 123 126 127 129 131 133 134 135 136
25 99 100 101 102 103 104 106 107 108 112 113 116 117 119 122 123 126 128 130 132 133 135 136 137 139
13 99 103 107 109 110 112 115 116 117 119 124 137 139
15 140 148 149 151 154 164 166 169 171 186 187 188 195 197 200
10 147 153 160 161 168 180 184 197 201 202
12 140 146 147 149 150 174 178 184 190 191 195 201
13 154 159 161 174 175 177 184 186 187 193 197 198 201
11 147 155 165 171 173 184 185 186 192 193 201
22 144 146 150 159 160 165 170 171 172 177 178 179 182 184 185 187 191 195 196 197 200 201
16 140 142 143 144 146 153 155 159 161 177 180 184 185 187 192 195
15 145 150 154 157 162 166 168 170 173 188 193 196 198 199 202
27 141 147 150 151 152 154 157 159 160 161 163 164 166 168 169 170 175 179 182 185 186 187 190 196 199 201 202
31 140 144 145 147 149 152 154 158 160 161 162 164 166 167 168 170 171 173 176 178 179 181 184 187 190 192 193 194 200 201 202
21 143 144 145 147 155 163 169 170 171 175 176 177 178 182 184 185 186 193 195 196 201
19 143 149 150 152 160 162 166 167 170 183 191 192 193 194 195 196 197 198 202
29 140 141 143 144 145 146 151 152 154 155 156 157 158 162 163 166 167 170 171 172 173 177 178 185 193 196 198 200 201
46 140 142 143 144 146 147 149 150 151 153 154 155 156 158 159 160 161 164 165 166 167 169 170 171 172 173 174 175 176 177 179 180 182 183 184 185 188 191 193 194 196 198 199 200 201 202
17 140 144 146 153 158 160 163 165 167 169 179 185 188 191 192 194 199
24 140 142 143 149 152 159 160 164 166 168 169 170 172 173 176 177 178 181 185 187 190 198 201 202
8 141 147 149 152 158 181 189 198
18 142 151 152 154 161 163 164 167 174 175 177 178 179 180 182 189 194 198
40 140 141 143 144 145 148 149 152 154 156 157 158 162 165 166 167 168 169 170 172 173 175 176 177 178 179 180 182 183 188 189 191 192 193 194 195 196 197 198 199
7 140 147 148 161 165 174 179
29 141 147 148 149 150 155 156 158 160 162 169 171 176 177 178 179 182 184 185 187 188 189 192 194 195 196 198 199 201
20 142 143 146 151 153 154 159 161 163 166 168 170 172 174 175 180 181 191 200 202
15 140 144 149 152 154 156 158 161 166 172 176 177 180 196 201
30 142 143 144 149 151 154 155 156 158 159 162 163 165 167 170 173 174 176 177 178 179 181 185 186 190 191 199 200 201 202
28 140 141 145 146 149 151 154 155 156 160 163 167 168 173 176 177 181 183 186 187 188 189 191 193 194 196 197 198
33 140 141 145 146 147 148 150 152 153 157 160 161 164 166 168 169 171 172 175 180 182 183 184 187 188 189 192 193 194 195 196 197 198
32 141 142 143 146 148 150 151 153 155 156 157 159 163 165 169 172 174 175 177 180 182 183 185 186 188 189 191 195 196 197 198 199
34 142 143 144 145 148 151 152 153 154 155 156 157 159 160 163 164 165 166 168 169 170 171 172 173 175 176 180 181 182 186 187 194 198 200
17 144 150 153 154 155 156 160 163 172 174 175 176 177 181 189 197 201
28 141 144 145 146 147 148 149 151 152 158 163 164 166 167 168 173 174 175 177 178 181 182 186 187 190 192 193 199
23 144 145 147 151 153 154 155 157 158 163 171 179 183 184 186 188 192 194 195 196 197 199 200
11 142 158 161 162 165 171 172 174 184 185 192
6 143 148 170 174 179 193
37 141 142 144 145 146 151 153 154 155 156 157 158 159 163 164 168 169 171 172 173 175 176 177 178 180 181 182 184 185 186 187 188 189 190 199 200 201
10 144 153 156 160 162 166 168 170 183 191
29 141 142 143 145 148 149 151 152 158 159 165 167 168 170 171 178 179 180 182 184 185 187 188 190 192 194 195 196 199
24 141 144 147 152 153 155 156 159 160 161 163 165 167 168 170 172 174 175 180 181 183 189 192 199
17 140 146 147 157 161 162 164 166 169 173 183 186 191 193 198 200 202
24 140 141 143 145 146 148 149 150 157 158 159 169 172 176 181 187 188 190 195 196 197 199 200 202
7 150 153 154 159 160 179 200
16 143 145 147 149 152 156 162 164 168 171 176 178 180 190 196 200
34 140 141 144 145 146 149 151 153 154 155 156 157 158 159 162 168 169 171 173 180 181 182 183 184 186 187 189 190 191 193 194 197 198 200
13 143 148 153 159 170 175 178 179 195 199 200 201 202
29 142 143 147 148 150 152 160 161 163 164 165 166 167 170 172 174 175 176 177 178 179 185 188 192 195 196 199 201 202
13 141 149 156 159 168 173 174 180 188 192 194 199 200
17 140 142 149 155 158 159 160 161 167 171 174 175 176 189 190 191 201
24 142 143 145 146 150 157 158 162 173 176 177 178 179 182 184 185 190 191 193 194 196 198 201 202
15 140 143 155 160 164 166 170 171 177 186 187 190 196 198 202
10 149 154 158 165 166 167 171 183 196 201
16 140 142 146 148 151 158 161 162 164 165 167 181 189 191 197 202
33 140 142 143 145 148 151 153 154 155 156 157 161 162 163 164 166 167 168 169 173 174 175 176 180 183 186 188 190 192 193 194 199 202
34 142 147 148 149 150 153 159 160 161 164 165 168 169 174 175 176 179 180 181 182 183 184 186 187 188 189 190 191 192 194 195 197 199 202
24 142 146 147 150 153 157 160 162 163 164 165 169 173 181 182 183 184 187 188 191 192 197 198 202
17 141 142 148 150 151 155 157 166 170 172 173 181 182 183 189 195 202
25 140 143 150 153 155 157 159 160 167 168 169 172 173 174 175 177 178 183 184 188 189 193 194 197 199
38 141 142 144 145 146 147 148 149 151 152 154 156 158 161 162 163 164 165 166 170 171 176 179 180 181 182 185 186 187 190 191 192 195 196 198 200 201 202
16 141 146 148 150 156 161 162 165 167 174 175 180 182 189 191 193
13 150 152 153 154 157 160 166 172 179 183 187 190 198
48 141 142 144 145 146 147 148 149 150 151 152 153 154 156 157 158 159 161 162 163 165 167 168 169 172 173 174 175 176 178 179 180 181 182 183 184 185 188 189 191 192 193 194 195 197 199 200 201
53 140 141 142 143 144 145 146 148 149 150 151 152 154 155 156 157 158 159 162 163 164 165 166 167 169 170 171 172 173 174 175 176 177 178 179 181 182 183 185 186 187 188 189 190 191 192 193 194 195 196 198 199 200
21 151 152 156 162 164 168 169 170 173 175 176 178 179 181 182 186 189 190 193 197 202
14 140 144 145 152 157 164 165 167 173 183 186 190 193 197
16 141 145 147 148 150 157 160 163 172 174 188 191 194 198 199 200
18 141 145 151 155 159 167 168 171 175 178 185 186 189 190 194 195 199 200
19 143 145 146 148 156 158 165 167 172 174 176 178 180 181 191 192 197 198 200
28 140 142 143 155 156 157 161 162 165 169 170 171 172 176 180 183 184 185 188 189 191 194 195 196 197 198 201 202
17 140 142 144 149 153 155 162 171 173 177 183 184 188 189 193 194 195
17 141 145 148 152 157 162 163 168 178 181 186 187 189 190 192 195 197
17 141 158 161 162 167 177 179 183 185 188 189 192 193 196 197 199 202
23 142 146 147 150 151 153 155 159 160 161 163 164 171 174 181 184 185 186 187 190 200 201 202
11 144 147 150 152 157 164 166 169 180 182 190
31 141 143 144 146 147 148 151 152 153 156 163 164 165 169 172 177 178 179 180 181 182 183 184 185 186 187 192 194 195 197 200
16 144 146 150 160 165 171 172 177 178 182 184 185 187 191 195 200
28 141 144 145 146 147 148 149 151 152 161 163 164 165 166 176 179 181 182 185 186 187 190 191 195 196 200 201 202
17 142 143 146 151 154 159 161 163 166 168 170 172 174 175 191 200 202
23 142 148 149 153 160 161 164 165 169 174 175 181 182 183 186 187 189 190 192 194 197 199 202
23 143 149 151 155 156 158 159 162 163 167 170 173 174 176 177 178 179 186 190 191 199 201 202
8 147 153 160 161 168 180 184 201
14 142 151 153 161 163 166 168 170 175 180 181 191 200 202
10 140 148 149 151 154 166 171 188 197 200
30 142 147 148 149 150 153 159 160 161 165 168 169 174 175 176 180 181 182 183 184 187 188 189 190 191 194 195 197 199 202
11 144 155 163 170 171 175 178 182 185 186 193
23 141 142 145 151 153 154 155 157 158 163 171 172 173 175 178 180 181 182 185 186 187 189 201
8 140 144 149 156 161 176 180 196
8 145 149 152 168 176 178 190 200
9 146 153 158 160 163 165 167 192 199
16 144 147 153 154 155 157 158 163 171 179 183 184 186 192 199 200
11 140 142 146 151 158 161 162 164 165 197 202
21 140 141 146 149 151 154 160 163 168 173 177 181 183 186 187 188 191 193 194 197 198
9 142 158 162 165 171 172 174 185 192
6 154 158 165 166 183 201
10 143 145 147 155 169 178 182 184 185 196
28 141 142 144 145 146 151 153 154 155 157 158 159 163 164 168 172 175 176 180 181 182 184 186 187 189 199 200 201
12 140 144 146 153 158 160 163 165 169 191 194 199
10 159 161 177 184 186 187 193 197 198 201
9 154 162 166 168 173 188 193 196 202
5 147 153 180 184 197
5 148 170 174 179 193
12 140 155 160 164 166 170 177 186 190 196 198 202
7 143 175 178 179 195 200 201
13 140 148 149 151 154 166 169 186 187 188 195 197 200
11 143 145 147 149 164 168 171 178 180 196 200
16 141 142 145 148 149 152 167 168 170 179 184 185 187 188 190 195
26 141 145 146 147 148 150 152 153 157 160 161 164 166 168 169 180 182 187 189 192 193 194 195 196 197 198
26 140 145 146 147 148 152 153 157 160 161 164 166 168 169 172 175 180 182 183 184 188 192 194 196 197 198
9 145 150 166 170 173 193 196 199 202
9 148 150 151 155 166 170 181 183 195
11 142 152 154 163 164 174 177 179 180 189 198
19 143 146 147 152 156 163 165 169 177 179 180 184 185 186 187 192 194 197 200
8 147 150 152 157 164 166 182 190
42 140 141 143 144 145 148 149 150 151 152 154 155 156 158 159 162 163 164 165 166 167 169 170 173 174 175 176 178 179 181 182 186 187 190 192 193 194 195 196 198 199 200
12 141 146 150 157 158 169 176 187 188 195 200 202
9 140 142 144 155 177 183 188 193 194
20 144 149 151 154 155 159 165 167 170 174 176 178 185 186 190 191 199 200 201 202
12 141 146 148 150 156 162 165 174 175 180 182 191
19 140 141 145 146 149 155 156 160 163 168 177 181 183 188 189 193 196 197 198
21 140 144 147 149 154 160 161 162 164 167 168 170 171 173 176 179 181 184 187 193 201
18 141 150 151 152 154 159 160 161 163 164 166 170 175 185 187 196 201 202
21 142 143 146 150 151 153 155 156 157 159 163 165 169 172 183 185 186 189 191 198 199
14 142 145 151 152 165 167 168 171 184 187 188 190 194 196
7 150 166 170 193 198 199 202
9 159 161 174 175 184 187 193 197 198
12 140 143 155 164 166 171 177 186 187 190 196 202
7 144 156 160 162 166 168 191
12 144 150 154 156 160 163 172 174 175 176 189 201
31 141 142 144 145 151 153 154 155 157 158 159 163 164 168 169 171 172 173 176 177 178 181 182 184 185 186 187 188 190 200 201
13 151 153 154 155 183 186 188 192 194 195 196 197 200
34 140 141 143 144 145 148 149 152 154 156 158 162 165 166 167 168 169 172 173 176 177 178 179 180 182 183 189 191 192 193 194 197 198 199
7 142 158 161 162 165 172 192
14 152 156 164 169 170 173 175 176 178 179 189 190 197 202
10 144 146 153 155 159 161 184 185 187 192
12 144 149 152 154 156 158 166 172 176 177 180 196
3 150 179 200
14 141 158 161 162 167 177 179 183 188 189 196 197 199 202
4 154 160 179 200
12 140 142 144 153 155 162 171 173 177 184 188 195
13 147 157 161 162 164 166 169 183 186 193 198 200 202
15 142 146 151 159 161 163 164 171 181 184 185 186 187 190 201
12 141 148 156 161 162 165 167 174 175 182 189 193
6 147 153 160 168 197 202
13 150 152 160 162 166 167 183 191 193 194 195 197 198
5 165 186 192 193 201
5 143 148 170 174 179
4 143 170 174 193
18 141 143 146 151 156 158 163 166 167 170 171 172 173 178 193 196 198 201
10 140 142 148 151 158 161 181 189 197 202
11 142 146 150 151 153 155 161 171 185 187 202
17 144 145 151 153 154 155 157 158 163 179 183 186 188 194 196 197 200
27 141 142 144 145 146 151 154 155 156 158 159 163 168 171 172 176 177 182 184 185 187 188 189 190 199 200 201
11 154 159 161 174 175 177 186 187 193 198 201
17 142 147 151 153 155 159 161 164 174 181 184 185 186 187 190 201 202
13 140 149 154 164 166 169 171 186 187 188 195 197 200
13 142 144 149 153 155 162 177 183 184 188 193 194 195
6 147 173 185 186 192 193
8 154 174 177 184 186 193 198 201
6 147 160 161 168 180 201
4 147 148 161 165
26 142 143 144 149 151 155 158 159 162 163 167 170 173 174 176 177 179 181 185 186 190 191 199 200 201 202
7 144 160 162 166 168 170 183
15 141 145 146 148 149 157 159 176 181 187 190 195 197 199 200
13 140 142 143 144 153 155 161 180 184 185 187 192 195
11 145 146 156 165 167 176 178 181 191 192 198
7 152 153 166 172 179 187 190
16 145 151 154 155 156 158 170 172 173 177 178 185 193 196 200 201
22 141 143 144 146 147 148 152 153 164 165 172 178 179 180 181 183 184 185 186 194 195 200
15 146 148 158 165 167 172 176 178 180 181 191 192 197 198 200
39 141 142 144 145 147 149 150 153 156 157 158 159 161 162 163 165 167 168 169 172 173 174 175 178 179 181 182 183 185 188 189 191 192 193 194 195 197 199 200
6 150 174 178 184 191 195
8 150 154 166 173 188 193 196 198
21 144 147 149 151 152 158 164 166 168 173 174 175 177 178 181 182 186 187 190 192 199
9 142 152 161 163 164 174 175 177 198
17 144 145 151 154 155 168 173 181 183 184 186 187 190 191 193 197 198
9 143 148 153 159 170 175 179 199 202
12 145 150 154 157 162 166 170 173 196 198 199 202
15 141 143 144 151 152 156 157 158 167 170 171 173 185 193 198
13 141 145 148 162 163 168 178 186 187 189 190 192 197
8 153 160 168 180 184 197 201 202
8 141 149 156 159 168 173 194 199
6 147 155 165 171 184 192
5 150 153 159 179 200
34 140 141 142 145 146 148 149 151 152 154 155 156 157 158 159 164 166 167 173 174 175 177 178 179 181 183 186 187 188 191 195 196 198 200
10 140 144 145 152 157 164 167 173 186 197
12 142 152 154 161 167 174 177 178 179 189 194 198
10 141 148 150 156 161 180 182 189 191 193
13 140 146 147 157 161 162 164 166 183 186 191 200 202
12 152 162 175 176 178 179 182 186 190 193 197 202
41 140 142 143 144 146 147 149 150 153 154 155 156 158 159 160 161 164 165 166 167 169 170 171 172 175 176 177 179 180 182 183 184 185 188 191 194 198 199 200 201 202
12 140 141 143 146 149 150 157 159 169 187 197 199
23 141 142 143 145 148 149 151 152 159 167 170 171 178 179 180 182 184 187 190 192 195 196 199
10 146 151 153 159 166 170 172 175 180 200
13 146 148 150 156 161 162 165 167 174 175 180 189 193
10 149 150 166 167 170 183 191 193 194 196
5 150 153 154 160 179
38 140 142 143 144 146 147 149 150 151 153 155 156 158 159 160 164 165 167 169 170 171 172 173 176 177 179 180 183 185 188 191 194 196 198 199 200 201 202
14 140 141 143 145 148 149 158 169 176 181 190 197 199 202
10 145 150 154 168 170 188 193 198 199 202
7 165 171 172 174 184 185 192
24 142 143 145 151 152 154 156 159 163 164 165 166 168 170 171 172 173 175 176 181 186 187 194 198
28 143 144 145 149 152 156 157 158 165 166 167 168 170 175 177 179 180 182 183 188 191 192 193 194 195 196 198 199
16 143 145 146 148 156 158 165 167 172 178 180 181 192 197 198 200
29 142 144 145 146 151 154 155 157 158 159 163 164 168 169 172 173 177 178 180 181 182 185 186 187 188 189 190 199 200
19 142 150 151 155 159 160 161 163 164 171 174 181 184 185 186 190 200 201 202
8 150 153 154 163 174 175 177 201
12 150 153 159 161 163 164 171 181 187 200 201 202
9 143 148 153 159 170 178 179 200 202
10 141 145 152 168 181 187 189 192 195 197
15 146 150 159 165 170 171 178 184 185 191 195 196 197 200 201
43 140 141 142 143 144 145 146 148 149 150 151 152 154 155 157 158 162 163 164 165 167 171 173 175 176 178 179 181 182 183 185 186 187 188 190 191 192 193 194 195 196 198 199
12 145 150 154 162 170 173 188 193 196 198 199 202
16 141 154 157 159 161 163 169 170 175 179 182 185 186 187 199 201
24 142 149 150 153 159 160 161 164 165 168 175 176 180 182 186 187 188 189 190 194 195 197 199 202
34 141 143 145 148 149 150 151 154 156 157 158 159 162 164 165 167 169 171 173 174 175 176 178 179 181 185 186 187 189 192 193 195 196 199
24 142 143 144 149 151 155 158 159 162 165 167 170 173 174 177 178 179 185 186 190 191 199 201 202
9 167 168 175 178 185 186 194 195 200
9 140 146 157 161 162 164 166 193 202
23 143 144 146 149 151 153 154 155 156 158 159 160 164 165 166 167 171 173 176 191 194 198 202
6 140 146 147 149 150 191
17 147 148 149 155 156 160 162 176 177 178 184 185 189 192 195 196 201
17 149 154 155 156 162 163 165 167 173 174 176 177 178 185 190 201 202
13 141 148 150 155 157 170 172 173 181 182 183 195 202
10 146 148 156 161 162 165 167 174 189 191
29 141 144 145 146 153 154 155 156 158 163 169 171 172 173 175 176 177 178 180 181 182 185 186 188 189 190 199 200 201
21 142 143 147 161 164 165 166 167 170 172 175 177 178 179 185 188 192 195 196 199 201
23 140 141 143 144 145 146 151 155 156 157 158 162 163 167 172 173 177 178 193 196 198 200 201
43 140 141 142 143 144 146 148 149 150 151 152 154 155 156 157 159 163 164 165 167 169 170 171 172 173 174 175 176 177 178 179 181 183 185 186 187 191 193 194 196 198 199 200
11 142 143 151 153 154 163 170 174 180 181 191
10 144 154 156 158 166 172 176 180 196 201
27 140 141 145 146 147 150 152 153 157 160 161 164 166 168 169 171 172 175 180 182 183 187 188 189 193 194 196
24 140 142 143 146 149 150 153 156 158 160 161 166 167 169 170 171 174 177 179 183 196 199 200 202
17 142 143 146 150 157 173 176 178 179 182 185 193 194 196 198 201 202
21 140 143 150 153 155 159 167 169 172 173 174 175 177 178 183 184 188 189 194 197 199
24 149 150 153 161 164 168 169 174 176 179 180 181 182 183 184 186 187 188 189 191 192 194 197 199
18 140 155 156 161 169 171 172 183 184 185 189 191 194 195 196 197 198 201
7 154 166 170 173 193 196 202
14 140 142 169 170 172 176 180 183 185 188 191 195 198 201
12 141 150 151 157 170 172 173 181 182 183 189 202
5 147 148 165 174 179
21 143 145 148 154 158 162 165 166 167 168 169 170 177 178 179 180 182 183 192 194 195
11 146 160 165 170 178 179 184 191 196 200 201
21 143 149 151 154 155 156 158 159 162 163 167 173 176 178 181 186 190 191 199 201 202
22 141 146 147 150 152 153 157 160 161 166 168 169 171 172 175 180 183 187 189 192 195 198
15 144 145 146 147 149 158 163 166 167 173 178 182 187 192 193
14 144 146 159 165 171 177 179 184 185 187 191 196 197 200
16 142 151 153 154 159 161 163 166 170 172 175 180 181 191 200 202
14 144 153 154 155 156 160 163 172 174 175 176 177 197 201
21 153 156 157 159 160 163 164 166 168 169 170 171 172 173 175 180 181 182 186 194 200
8 150 152 154 172 183 187 190 198
22 147 148 150 155 156 160 162 169 171 176 177 178 179 182 184 185 187 189 194 195 199 201
11 142 151 161 167 174 175 177 178 180 182 189
31 140 143 144 146 147 149 150 151 153 158 160 161 165 166 167 171 172 173 174 175 177 183 184 185 191 193 194 196 198 200 202
22 144 145 152 154 159 160 164 165 166 168 169 170 171 172 173 176 180 181 187 194 198 200
15 144 150 153 154 155 160 163 172 174 176 177 181 189 197 201
11 143 146 151 153 159 161 166 170 174 200 202
24 140 144 145 147 149 152 154 158 160 162 164 167 168 170 171 173 178 187 190 192 193 194 201 202
24 140 144 149 154 158 161 162 164 166 168 170 171 176 178 179 181 184 187 192 193 194 200 201 202
30 142 143 144 145 148 151 152 153 154 155 156 159 160 163 164 166 169 170 171 172 173 175 176 181 182 186 187 194 198 200
24 140 141 144 145 148 149 152 154 156 167 168 172 176 177 178 179 180 183 189 191 192 193 194 196
10 143 148 153 170 175 178 179 199 200 202
12 150 154 155 160 163 172 174 175 177 181 197 201
23 143 144 151 152 153 163 164 165 169 172 177 178 179 180 181 182 183 185 186 187 194 195 200
30 141 142 144 145 146 153 154 156 157 159 164 168 169 171 172 173 175 176 177 180 181 182 184 185 186 187 188 189 200 201
10 140 144 152 164 165 167 173 186 190 197
10 158 161 162 177 183 185 192 193 197 199
12 144 145 147 151 153 154 155 158 183 184 186 188
11 141 158 162 167 179 183 189 192 196 199 202
6 142 158 161 172 184 185
24 140 141 144 145 146 149 151 155 157 159 168 171 181 182 184 186 187 190 191 193 194 197 198 200
12 152 154 161 163 164 175 178 179 180 189 194 198
17 143 144 145 147 155 169 175 176 177 178 182 184 185 186 193 195 201
20 141 143 146 148 149 150 157 158 159 169 172 176 181 188 190 195 196 197 200 202
20 140 142 143 155 157 161 165 169 170 176 183 185 188 189 191 194 195 196 197 201
8 147 164 171 176 180 190 196 200
7 154 161 174 175 193 197 201
22 142 143 145 148 151 152 158 165 167 168 170 171 178 179 180 182 185 187 190 192 195 196
13 145 150 154 157 162 166 170 173 193 196 198 199 202
8 147 148 163 188 191 198 199 200
8 142 151 158 162 165 189 197 202
27 141 145 146 149 151 153 154 155 156 158 159 168 169 171 173 181 182 183 184 186 187 190 193 194 197 198 200
33 140 142 144 146 147 149 151 154 155 158 159 160 161 164 165 169 170 171 172 173 174 180 183 184 185 188 191 193 194 198 199 201 202
4 143 148 174 193
25 141 147 148 150 155 156 158 160 162 169 171 176 178 179 182 184 185 188 192 194 195 196 198 199 201
25 141 143 144 147 148 151 152 153 156 163 164 165 169 172 177 178 180 182 183 186 187 194 195 197 200
5 153 154 159 160 200
27 141 142 145 147 149 151 152 154 158 162 163 165 166 170 171 180 181 182 185 186 187 191 192 195 196 198 200
16 141 145 155 159 167 168 171 178 185 186 189 190 194 195 199 200
8 143 155 160 166 171 187 190 198
25 141 143 144 146 147 148 151 153 163 164 165 172 177 178 179 180 181 182 183 184 186 187 194 197 200
6 140 147 150 174 178 201
8 153 156 160 162 166 168 170 183
16 147 150 151 154 157 166 168 175 179 182 185 186 196 199 201 202
9 149 158 159 160 161 167 171 174 176
24 140 144 145 149 152 158 160 162 164 166 167 168 170 171 173 176 178 181 184 190 193 194 201 202
25 141 143 145 148 149 151 152 158 159 165 167 168 170 171 178 179 180 182 187 188 190 194 195 196 199
14 143 145 173 176 177 179 182 184 191 194 196 198 201 202
17 141 146 147 148 149 151 152 158 164 168 173 174 182 187 190 193 199
11 143 148 153 159 175 178 179 195 199 200 202
6 149 154 166 167 171 183
20 141 144 147 148 149 152 158 163 166 168 173 174 175 177 178 181 186 187 190 199
12 141 148 150 151 157 170 172 173 181 182 189 202
15 142 151 152 154 161 163 164 174 175 178 179 180 182 194 198
7 153 156 160 162 166 170 191
9 142 158 165 171 172 174 184 185 192
9 140 147 157 162 164 183 186 200 202
5 140 147 148 161 165
11 145 150 154 166 168 170 173 193 196 199 202
14 158 161 162 177 183 185 188 189 192 193 196 197 199 202
11 140 146 157 161 164 166 183 186 191 193 200
10 151 154 161 163 164 167 178 179 189 198
20 150 160 161 164 165 169 174 175 179 180 183 184 186 187 188 189 191 195 199 202
7 150 152 160 166 183 187 190
11 141 145 155 167 168 171 175 185 189 194 200
25 142 143 147 148 150 152 160 161 163 164 165 166 167 170 172 174 175 178 185 188 192 195 196 201 202
22 142 143 145 148 153 154 156 157 159 160 166 168 170 171 173 181 182 186 187 194 198 200
22 142 144 145 147 148 152 154 158 161 164 165 166 181 186 190 191 192 195 196 200 201 202
19 146 147 150 153 160 162 163 164 165 169 173 181 184 187 188 191 192 197 202
14 140 146 153 158 160 163 167 169 179 185 188 191 192 199
16 140 141 145 150 157 158 159 169 181 187 188 195 197 199 200 202
10 143 145 147 149 152 168 176 178 190 196
7 154 159 161 174 186 197 198
24 141 147 148 149 150 155 156 158 160 162 169 178 182 184 185 187 188 189 192 194 195 196 198 201
16 151 152 156 162 168 169 173 175 176 178 179 181 186 189 193 197
11 143 145 149 152 156 162 164 171 178 180 196
12 150 153 160 163 164 165 182 183 184 188 197 198
24 141 142 146 148 151 154 156 158 162 163 164 166 176 180 181 185 186 187 190 191 192 196 200 201
20 142 143 146 150 157 158 162 173 176 177 178 182 184 185 190 191 193 196 198 202
25 140 145 147 149 152 154 158 160 161 162 164 166 167 168 170 171 173 179 181 184 187 190 192 193 194
17 142 143 147 160 161 164 167 170 174 175 176 177 185 188 192 199 202
16 144 145 149 152 154 158 160 162 164 166 168 170 173 176 190 192
21 141 142 143 145 149 152 158 159 167 170 178 179 180 182 184 185 187 188 190 194 199
16 142 143 151 159 163 166 168 170 172 174 175 180 181 191 200 202
20 144 145 147 153 154 155 157 163 171 179 183 184 188 192 194 195 196 197 199 200
8 150 152 154 157 160 179 183 198
14 141 158 161 162 167 179 183 185 188 189 192 193 196 199
20 140 141 146 147 148 150 157 161 166 172 175 180 183 184 187 188 189 194 196 198
20 142 149 152 159 160 164 166 168 169 170 172 173 177 178 181 185 187 198 201 202
10 145 154 162 170 173 188 196 198 199 202
20 140 149 152 154 158 160 161 164 166 167 168 170 171 179 181 184 190 192 194 201
24 147 148 149 150 155 156 160 162 169 176 178 179 182 184 185 188 189 192 194 195 196 198 199 201
22 142 147 148 159 161 164 168 174 176 179 180 181 182 184 189 191 192 194 195 197 199 202
14 141 145 148 150 157 160 163 172 174 188 191 194 199 200
7 150 154 157 173 193 196 198
20 141 151 152 154 157 159 160 163 164 166 168 169 170 179 182 185 186 196 201 202
10 145 152 157 163 168 178 181 192 195 197
6 142 158 171 172 184 185
14 140 146 147 157 161 162 164 166 169 183 186 191 198 202
10 140 146 157 161 166 173 183 186 191 202
12 141 161 179 183 185 188 189 193 196 197 199 202
13 141 161 167 177 179 183 185 188 192 193 197 199 202
9 144 153 155 156 160 172 174 175 176
18 142 143 145 146 150 162 173 176 178 182 185 190 191 193 194 196 201 202
22 140 142 155 156 157 161 162 165 169 170 171 176 183 184 185 188 191 196 197 198 201 202
9 151 161 162 164 165 167 181 197 202
8 140 142 144 146 153 155 180 195
10 141 158 161 167 177 183 185 188 189 192
12 144 150 154 155 160 163 174 175 177 181 197 201
7 149 154 158 165 166 171 183
19 144 146 147 152 156 163 164 169 177 178 180 181 182 186 187 192 195 197 200
21 142 143 147 150 152 160 161 163 164 165 166 167 170 172 175 176 192 195 196 201 202
4 147 165 174 179
12 142 151 152 161 163 164 167 175 179 180 182 194
10 151 152 154 161 163 167 179 180 182 194
14 140 141 146 156 160 163 168 173 176 181 186 187 194 196
10 141 161 162 167 179 183 185 192 193 202
18 144 147 153 155 156 159 160 161 163 167 168 170 172 180 181 183 189 199
8 152 153 154 160 166 183 190 198
18 145 146 147 148 152 158 164 166 167 168 174 178 181 182 186 187 190 199
5 150 153 154 159 200
10 141 149 159 168 173 180 188 192 199 200
11 154 159 161 174 175 177 184 186 187 193 198
10 150 152 153 154 157 166 172 183 187 190
12 140 144 145 152 157 164 165 173 183 186 190 193
11 140 143 144 153 155 161 177 180 187 192 195
9 142 148 150 155 166 170 173 189 202
6 142 158 165 171 172 184
18 151 152 156 162 164 168 169 170 173 176 178 179 182 186 189 190 193 197
8 147 152 156 162 176 178 180 200
11 141 158 177 179 185 188 189 193 196 197 199
8 141 148 150 172 188 194 199 200
15 143 146 153 154 161 163 166 168 170 172 174 181 191 200 202
6 158 166 167 171 183 201
19 144 145 147 153 154 155 157 158 163 171 179 184 186 192 194 195 196 197 200
11 154 159 161 174 177 186 187 193 197 198 201
10 140 148 151 158 161 162 164 167 191 197
28 141 144 145 146 148 149 151 152 154 156 158 161 163 165 174 176 178 179 180 181 182 183 189 191 195 197 199 201
16 140 141 143 144 146 151 152 154 155 156 158 170 171 177 198 201
9 149 156 162 168 171 176 178 180 200
12 140 145 146 148 159 172 187 188 196 197 199 202
8 154 159 161 175 177 184 193 201
14 142 143 146 151 159 163 168 172 174 175 181 191 200 202
18 144 147 151 153 154 155 157 158 163 179 184 188 192 194 195 196 197 199
22 143 148 151 152 153 156 163 164 165 177 178 180 181 182 183 184 185 192 194 195 197 200
11 145 152 157 164 167 173 183 186 190 193 197
42 140 141 142 144 145 146 147 148 149 150 153 154 155 157 158 159 160 163 164 165 167 168 170 174 175 177 178 179 180 181 182 188 189 192 195 196 197 198 199 200 201 202
29 140 144 145 146 148 149 151 154 155 157 160 166 167 172 175 176 179 181 182 185 186 189 190 191 195 196 198 199 200
28 140 144 151 153 154 156 159 160 162 164 170 172 173 174 175 176 181 182 187 188 190 191 192 194 196 199 200 202
30 140 141 143 144 145 155 158 159 161 164 166 168 170 172 173 174 175 178 179 180 181 182 183 184 186 193 196 198 199 201
21 141 146 147 150 151 154 155 162 166 171 182 187 188 189 193 194 195 197 198 199 200
29 141 145 146 147 151 152 154 157 161 162 163 165 167 172 174 175 176 177 178 179 181 184 185 186 188 190 191 197 198
29 141 143 144 145 146 147 148 150 153 154 160 161 164 165 167 171 175 178 180 184 185 186 190 193 194 195 198 200 202
33 143 144 145 147 148 151 156 158 159 161 162 165 171 174 175 178 179 180 181 182 183 186 187 188 190 191 192 195 196 197 199 201 202
25 140 141 144 145 146 148 151 152 154 156 157 158 159 161 166 173 181 183 185 188 189 194 197 200 202
42 142 145 146 150 152 153 154 156 157 158 159 160 161 163 165 166 167 168 170 171 172 174 175 176 177 178 179 180 182 184 186 188 189 190 191 192 196 197 199 200 201 202
32 140 141 142 143 145 147 148 149 154 157 158 164 169 173 174 177 178 180 181 183 186 188 189 192 193 194 195 196 198 199 201 202
25 143 144 147 148 149 150 154 155 156 159 161 163 165 166 170 172 178 180 182 184 185 187 188 192 193
38 141 144 145 147 149 151 152 153 154 155 156 157 159 162 163 164 165 166 167 174 176 177 179 182 184 185 186 187 188 189 191 192 193 194 195 198 201 202
23 142 143 145 147 150 151 152 153 154 157 158 164 166 172 173 175 179 180 182 186 189 196 197
35 144 145 146 147 148 149 154 155 156 158 159 160 161 163 165 166 167 168 171 173 177 181 183 184 185 187 188 190 191 192 194 195 197 198 201
35 140 141 144 145 146 147 148 151 152 153 154 155 157 160 163 164 169 173 174 176 177 178 179 180 183 184 185 189 190 191 192 195 197 201 202
19 145 153 154 155 156 166 169 173 174 180 181 183 186 188 193 194 198 201 202
30 140 142 144 145 146 153 154 155 156 157 162 164 166 167 168 169 172 173 174 177 181 183 186 187 189 192 193 197 201 202
35 140 141 144 146 147 148 150 151 155 156 157 160 161 162 163 164 165 166 167 168 169 173 176 178 179 180 181 182 189 191 197 198 200 201 202
31 142 143 144 147 150 152 153 154 155 157 159 160 166 167 171 172 173 175 176 179 183 185 186 189 190 191 192 193 194 197 200
24 141 142 143 149 150 151 152 154 155 156 158 159 164 165 169 170 174 176 177 179 182 185 188 198
41 140 141 142 143 146 147 149 150 151 152 153 154 157 158 159 161 162 165 166 167 169 171 172 173 176 178 181 183 185 186 188 189 191 192 195 196 197 198 199 200 201
34 141 143 144 145 146 148 149 150 158 159 161 165 167 170 173 174 176 177 180 184 185 187 190 191 192 193 194 195 196 197 198 199 200 201
33 140 143 144 145 146 148 150 151 152 160 161 163 165 166 168 169 170 171 172 174 175 176 183 185 187 189 190 191 192 193 196 199 201
31 141 142 144 149 151 152 153 156 157 158 159 162 163 164 165 168 169 171 172 174 175 182 183 187 189 191 192 193 195 201 202
33 140 141 144 145 146 147 149 151 152 154 155 156 158 161 162 163 165 166 168 171 172 176 177 179 180 185 186 187 193 195 196 197 202
23 146 148 149 152 155 161 164 168 171 172 173 175 177 184 186 190 191 193 194 195 198 200 202
32 143 149 151 152 153 156 157 159 160 161 163 165 166 168 169 170 174 175 183 184 185 186 188 193 194 195 196 197 198 200 201 202
29 140 142 143 144 146 148 151 152 153 155 157 159 160 163 164 166 167 171 176 179 181 182 183 185 186 190 194 197 202
24 147 149 154 156 157 161 162 163 164 171 172 175 176 178 180 181 182 188 191 194 195 199 200 201
40 141 143 144 146 147 148 150 151 152 154 156 157 158 159 161 162 166 167 171 172 173 174 175 176 177 178 179 180 181 183 185 187 188 190 195 196 197 199 200 201
26 143 144 145 146 147 148 149 152 164 165 166 167 168 170 171 172 173 174 178 187 193 194 195 196 198 199
20 142 152 153 158 159 160 162 167 168 171 172 175 176 178 179 181 183 188 190 196
42 140 142 143 144 145 147 148 149 150 151 152 154 156 158 160 161 162 163 164 165 168 169 171 172 175 176 177 178 183 185 186 187 189 190 191 193 194 196 197 198 199 202
24 141 144 153 155 156 157 161 165 166 167 168 171 173 174 175 176 177 181 189 190 195 197 198 201
26 141 143 145 146 150 151 152 153 155 159 162 165 166 168 169 171 172 173 174 175 177 181 184 190 197 200
30 140 143 151 153 154 155 158 159 162 163 167 168 169 170 173 174 175 177 178 182 183 185 187 192 195 196 197 198 199 200
38 140 141 143 145 147 148 149 150 151 154 156 157 158 163 164 165 166 167 171 172 173 175 177 179 181 184 185 186 187 188 191 192 193 197 198 199 200 202
25 140 142 143 145 148 150 151 152 153 157 159 163 168 172 174 176 177 181 183 188 190 191 192 197 202
43 142 143 145 147 149 150 151 152 153 154 155 156 158 159 160 163 165 166 167 168 169 170 172 177 178 179 180 183 184 186 187 188 189 190 191 192 193 194 195 196 197 198 201
40 140 141 142 143 144 145 147 148 149 150 151 155 156 158 161 164 166 167 170 172 173 174 175 176 178 181 183 184 187 188 189 192 193 194 195 196 197 199 200 202
19 140 144 145 147 149 152 153 158 160 161 167 169 183 186 188 196 198 200 202
42 140 141 143 144 145 146 147 150 152 153 157 158 160 161 164 165 166 168 169 171 174 175 176 177 179 180 182 183 184 186 188 189 191 192 193 194 195 196 198 199 201 202
38 140 142 143 146 148 150 151 152 154 156 157 158 159 160 161 162 165 167 168 169 170 171 172 173 175 177 178 184 188 189 190 191 193 194 195 197 199 202
42 143 144 145 147 148 149 152 155 156 157 159 160 163 164 166 168 169 170 172 173 174 175 176 178 180 181 182 183 184 185 189 190 191 192 194 195 196 197 198 199 201 202
37 141 143 145 146 147 148 149 150 151 152 153 154 156 157 158 164 165 166 167 169 170 173 174 176 178 180 181 183 185 186 189 191 195 196 197 198 202
41 140 143 144 145 146 148 149 150 153 154 158 159 160 162 166 167 169 170 171 172 173 175 176 177 178 179 180 181 183 184 186 187 190 191 192 193 194 195 196 200 202
24 140 145 146 147 148 154 157 161 162 163 166 168 170 172 176 178 185 189 190 191 194 196 197 201
31 142 145 146 147 149 153 154 156 158 159 162 163 165 167 172 175 177 179 180 181 184 185 187 188 190 192 194 196 198 199 202
24 140 141 143 146 147 150 151 153 160 164 165 166 168 170 174 176 178 179 183 184 187 188 194 197
34 140 143 145 146 147 148 149 150 152 153 155 158 159 162 163 165 168 170 171 172 173 174 175 179 181 182 183 184 187 191 192 193 200 202
28 140 144 146 150 152 153 156 157 158 161 162 164 166 170 172 173 174 176 179 181 182 186 188 190 192 193 196 197
29 140 142 143 144 147 149 150 151 152 154 157 158 159 162 165 166 168 171 172 175 178 179 184 185 191 192 193 198 202
41 141 142 143 147 148 149 150 151 152 153 156 157 161 162 163 164 165 166 167 168 169 170 172 173 174 176 179 181 188 189 190 191 193 194 195 196 197 198 199 200 201
28 141 149 150 152 155 157 158 161 163 164 165 166 169 172 173 175 177 181 182 186 191 194 195 196 197 199 200 201
23 141 148 149 151 152 155 156 159 161 164 171 173 174 179 181 182 185 188 192 194 198 199 200
21 142 149 150 151 155 157 158 159 168 170 172 173 174 177 182 184 190 191 195 197 200
43 140 142 143 144 145 146 147 148 151 152 153 154 155 156 157 158 159 161 163 164 166 167 168 170 171 173 176 177 178 179 180 181 182 183 185 189 191 192 194 196 197 201 202
20 140 145 149 153 159 160 162 165 168 169 170 178 179 181 182 193 194 195 196 201
21 140 144 145 148 151 156 159 160 166 167 173 181 182 184 185 186 187 190 194 196 198
31 142 143 144 146 147 149 151 155 159 160 161 163 167 168 172 173 176 179 181 182 184 187 189 190 191 192 197 198 199 201 202
20 141 144 145 146 148 149 154 157 161 162 166 167 180 181 186 190 193 194 197 199
38 142 143 144 147 149 151 152 153 154 155 156 158 159 162 164 165 166 168 169 170 173 176 177 178 180 183 184 185 186 187 188 189 192 194 195 196 200 201
35 140 141 142 147 148 150 151 153 154 155 159 161 162 163 166 167 168 169 170 173 174 175 179 182 184 185 186 187 190 193 194 195 197 198 200
29 140 143 146 149 151 153 154 155 158 161 163 165 167 169 170 173 175 176 177 178 179 184 186 190 191 192 193 197 202
35 140 141 144 146 148 150 151 152 154 155 156 157 158 159 161 163 165 166 167 171 175 178 180 182 183 186 187 188 190 192 194 196 198 199 200
19 141 142 144 147 150 151 158 160 161 165 169 170 178 181 184 187 188 197 199
22 142 144 153 157 159 161 164 166 168 169 173 178 180 181 184 187 189 192 194 196 200 202
32 140 141 143 149 150 151 152 153 156 159 161 162 164 166 168 170 171 172 173 175 176 178 179 181 182 184 187 193 194 198 200 202
30 140 141 142 145 147 148 150 151 153 156 157 160 161 162 163 164 168 173 175 177 184 187 189 193 196 197 198 199 200 202
25 142 144 147 152 154 156 158 159 161 164 171 172 175 176 177 178 182 183 185 188 189 195 198 200 202
25 140 142 143 145 147 150 156 158 160 162 163 164 168 172 173 174 175 178 181 183 189 192 196 197 198
36 143 144 145 146 148 149 150 151 153 154 155 156 159 160 161 163 164 165 168 169 170 173 176 178 179 182 183 185 186 188 189 190 191 195 197 201
20 140 142 149 153 155 157 164 169 174 175 176 178 180 183 189 191 192 193 196 199
34 141 142 143 146 148 149 150 151 153 155 158 159 160 163 167 168 171 172 174 175 178 179 181 185 186 188 189 192 194 195 197 199 201 202
27 142 143 144 147 153 158 159 160 170 171 172 173 174 175 176 183 185 186 187 189 190 192 193 194 196 197 201
27 140 142 147 148 153 155 158 159 160 161 162 164 166 171 174 178 179 180 181 182 184 188 190 193 197 200 202
25 141 142 143 145 146 147 153 154 156 166 170 171 175 177 179 183 184 187 189 190 191 194 196 197 198
21 142 143 150 154 158 161 163 170 171 175 181 182 183 188 189 190 193 194 198 199 200
42 140 141 142 143 145 146 147 149 151 152 153 154 155 156 157 163 164 165 166 168 170 171 172 173 176 177 179 180 183 185 186 188 189 190 191 192 193 194 195 197 200 201
32 141 142 146 148 149 151 152 155 156 159 160 161 163 167 170 171 174 175 177 179 180 182 183 184 188 189 193 198 199 200 201 202
24 141 143 146 148 150 151 152 155 158 159 162 163 166 168 169 171 175 178 181 189 192 193 196 197
28 142 143 146 147 148 149 150 157 158 160 163 165 167 170 174 177 179 180 183 186 191 192 193 194 196 197 198 200
43 140 141 142 143 146 148 149 150 153 154 155 156 157 159 160 162 164 165 166 167 169 171 173 174 175 176 178 179 180 182 184 185 186 187 188 189 192 193 194 197 199 200 202
37 141 142 143 146 147 148 149 151 152 153 154 158 159 161 162 166 167 169 170 171 174 177 178 179 180 181 182 187 188 192 193 194 195 196 198 200 201
37 141 142 143 144 145 146 151 152 154 155 156 157 158 159 160 161 162 163 165 166 167 168 169 170 171 172 174 175 176 178 179 190 191 194 195 197 198
37 141 144 145 147 150 151 152 153 154 155 157 158 159 160 161 164 166 171 174 175 176 177 179 180 181 183 185 186 188 189 191 192 193 194 198 201 202
43 143 144 146 148 150 153 155 156 157 158 159 160 162 163 165 166 167 169 170 171 173 174 175 177 178 179 181 182 184 187 188 189 190 191 192 193 194 195 196 197 198 199 202
38 140 141 142 143 145 146 147 148 149 150 152 153 155 160 163 165 166 168 171 172 173 175 178 180 182 183 185 186 187 189 191 193 194 196 197 198 200 202
23 140 142 145 146 148 149 150 154 158 160 164 166 167 170 171 172 174 179 184 191 192 194 200
37 140 141 142 143 144 145 147 149 150 151 153 157 159 160 161 162 165 166 169 170 171 172 173 174 177 179 180 183 184 187 188 193 194 195 196 199 201
28 140 142 143 144 145 146 147 154 155 161 162 166 167 172 173 174 176 178 179 180 182 189 192 194 197 198 200 202
36 141 143 144 147 150 152 153 159 162 163 164 165 167 169 170 172 173 176 177 178 180 181 182 183 184 185 187 188 189 190 193 196 197 200 201 202
26 142 143 144 147 148 150 154 155 156 157 158 164 170 171 174 176 178 179 182 183 185 191 192 196 199 200
26 140 141 143 146 149 156 157 162 167 168 169 170 171 173 179 182 184 186 187 190 195 196 198 199 200 202
36 141 145 146 147 149 150 151 152 153 154 157 159 160 161 163 165 166 168 169 170 171 172 173 174 175 177 179 186 188 190 191 192 193 199 200 202
19 143 146 148 149 152 156 164 165 175 176 177 178 186 187 188 189 190 193 201
43 141 143 144 145 146 147 152 153 154 155 156 157 158 159 163 164 165 166 167 168 169 170 173 174 175 176 177 178 179 182 184 186 187 189 190 191 192 193 195 196 199 200 201
20 143 144 148 151 153 154 160 161 164 165 166 167 172 176 178 189 192 197 199 202
43 140 142 144 145 146 147 149 150 152 154 155 156 158 159 160 161 162 164 168 169 170 171 173 174 175 176 178 179 180 185 186 188 189 190 191 194 195 196 197 198 199 201 202
20 141 144 147 149 150 152 162 163 167 168 170 177 179 184 188 189 190 191 195 202
28 141 148 150 152 153 154 157 158 159 162 163 165 166 167 169 170 174 177 179 180 182 184 187 189 191 196 197 202
24 142 149 150 153 155 159 161 163 165 166 167 170 174 179 180 183 187 189 190 191 193 195 198 200
29 141 144 145 147 150 153 154 155 156 158 159 162 163 164 170 171 172 173 174 176 177 179 180 182 183 190 193 195 201
29 140 141 142 143 145 147 150 152 153 155 156 158 162 165 167 168 170 174 177 178 180 183 185 186 191 193 194 196 200
32 140 141 143 144 146 147 150 154 155 156 157 158 161 163 166 168 169 171 173 175 176 178 182 185 188 189 190 192 195 196 201 202
29 140 141 147 150 151 154 156 157 158 162 164 166 167 169 173 175 177 183 184 185 189 192 194 195 197 199 200 201 202
40 140 141 143 144 146 149 151 152 153 157 160 161 162 164 165 166 168 169 170 172 173 174 176 177 178 179 180 181 182 185 187 190 191 192 194 195 196 197 198 202
24 142 143 144 145 150 153 154 157 162 163 164 166 171 172 178 179 181 185 189 192 193 195 200 202
40 140 141 142 143 144 145 146 149 150 151 152 155 156 158 159 160 161 162 163 165 170 171 173 174 175 180 181 183 184 185 186 187 189 190 191 193 194 197 198 202
29 143 144 150 153 154 155 157 158 163 165 168 170 172 173 174 176 177 178 181 182 183 185 186 189 192 194 196 197 202
28 144 146 147 150 154 155 163 165 166 168 171 172 173 175 178 183 184 185 186 187 188 192 196 197 198 199 200 201
43 141 142 143 144 145 146 147 150 151 153 155 156 158 160 162 164 165 166 167 170 173 175 176 177 178 179 180 181 182 183 184 185 186 189 190 191 192 193 194 198 199 201 202
37 140 143 144 145 147 148 149 150 151 152 153 155 156 159 160 161 162 163 164 169 170 171 176 177 181 184 186 187 188 189 192 193 194 197 198 199 200
35 146 148 149 151 152 155 156 157 158 159 161 162 164 165 167 170 174 175 176 177 178 179 180 182 183 184 185 186 188 190 191 192 194 198 201
28 140 142 144 146 148 153 156 157 158 162 163 166 168 169 171 173 176 177 179 184 186 189 191 196 197 198 201 202
30 141 142 147 148 152 156 157 160 163 164 167 168 170 173 174 175 176 177 178 180 182 185 188 191 192 193 198 199 201 202
26 140 142 144 145 147 149 150 154 155 158 160 161 163 168 175 178 180 181 183 187 188 189 191 192 195 202
39 140 141 145 147 149 150 153 154 155 156 157 159 160 163 164 165 169 170 171 172 173 174 176 177 178 179 180 181 184 185 186 187 188 189 194 196 197 199 200
43 140 141 142 143 144 145 148 150 151 152 154 156 157 161 162 165 166 167 168 169 171 172 173 174 175 177 180 181 182 183 184 186 187 189 190 191 193 194 195 197 200 201 202
42 140 142 143 147 148 149 151 152 153 154 155 157 158 159 162 163 164 165 166 168 169 174 175 177 178 180 181 184 185 188 189 190 191 192 193 196 197 198 199 200 201 202
35 143 145 146 147 150 152 153 154 155 157 158 160 162 163 164 165 166 169 170 177 179 180 181 182 185 186 189 190 191 192 193 195 197 199 200
41 140 144 147 148 149 150 152 154 155 156 159 162 163 165 166 167 169 170 171 172 174 175 178 179 180 182 183 185 186 187 188 189 190 192 193 194 195 198 199 200 201
30 143 144 146 148 150 152 153 156 157 161 163 164 166 168 169 171 173 175 179 181 183 184 185 189 191 194 195 198 200 201
21 142 143 145 146 148 150 154 155 156 158 161 164 167 168 169 174 176 181 194 197 200
38 141 143 144 145 146 147 148 149 150 152 153 154 155 158 161 162 163 164 168 170 172 174 176 179 180 182 183 184 187 188 189 190 193 196 198 200 201 202
31 140 142 143 148 151 153 154 156 157 159 162 163 166 170 171 173 174 176 177 179 181 182 184 185 186 190 192 195 197 199 202
39 140 143 144 145 146 149 150 151 154 155 157 159 160 161 164 165 166 170 171 172 173 174 175 176 177 178 181 182 184 186 187 189 192 193 194 195 200 201 202
21 142 144 145 149 150 152 155 156 159 162 165 167 168 171 173 176 177 179 193 196 200
31 146 147 149 150 154 156 157 160 163 165 167 168 169 170 171 173 174 177 178 182 183 184 185 186 187 189 190 191 192 197 198
29 140 144 147 148 152 153 154 159 160 164 166 167 170 174 175 178 180 181 183 184 187 188 189 190 191 194 197 200 202
26 143 148 150 151 155 157 159 160 163 168 170 171 177 178 179 181 182 185 187 188 191 194 195 196 197 198
38 140 147 150 151 154 155 156 157 159 160 161 163 164 166 167 169 170 171 172 173 174 175 176 179 180 182 183 184 185 186 187 188 191 192 193 197 200 202
42 142 143 144 145 146 148 150 151 155 157 158 159 160 163 164 165 166 167 170 172 175 176 177 178 179 181 182 183 185 186 187 188 189 190 191 193 194 195 196 199 200 202
44 140 141 142 143 145 146 147 148 149 150 151 152 156 158 163 164 165 166 167 169 170 171 172 174 178 179 180 181 182 184 185 186 187 189 190 191 192 193 194 195 197 198 201 202
19 141 150 151 153 154 157 160 166 170 171 179 180 184 185 188 189 191 194 195
19 143 144 145 147 148 156 160 161 163 166 172 174 178 184 187 192 196 199 202
28 140 144 148 149 151 152 153 154 155 159 161 163 164 165 172 173 174 175 179 183 184 185 189 191 193 194 200 202
37 141 144 145 146 147 148 149 150 152 154 155 156 158 159 160 162 163 164 166 167 170 171 177 180 182 185 186 187 188 189 190 192 195 196 198 199 200
22 143 145 147 149 151 152 154 155 157 160 167 168 169 171 176 179 186 188 189 192 199 200
43 140 142 144 146 147 149 150 151 152 154 155 156 158 160 162 163 165 166 168 169 170 171 174 175 176 179 180 181 182 183 184 186 187 188 189 191 193 194 197 199 200 201 202
33 141 142 143 150 151 153 154 156 158 159 160 161 162 163 165 167 169 171 172 175 177 178 181 182 184 187 188 189 190 194 198 199 201
35 140 146 148 149 154 155 158 160 161 162 163 165 166 167 169 170 171 172 173 174 176 177 178 180 181 184 185 189 190 193 195 196 197 198 200
41 140 141 142 144 147 148 151 152 154 155 156 158 159 160 161 167 168 169 170 171 172 173 175 176 179 180 181 185 186 187 189 191 192 193 195 196 197 198 199 201 202
41 140 142 143 144 145 146 149 153 154 155 156 157 158 159 160 161 164 165 166 167 168 170 172 173 174 176 179 180 181 184 185 187 189 190 192 193 195 197 199 201 202
20 141 144 146 147 149 157 160 162 166 168 170 172 173 176 178 184 187 194 197 199
34 140 141 142 143 145 146 147 153 154 156 159 161 162 163 164 169 171 172 173 174 176 178 179 181 184 188 189 191 192 193 196 197 199 202
24 141 148 149 153 161 163 164 167 168 169 170 173 174 177 180 181 183 184 188 192 193 196 197 202
42 140 142 144 145 146 147 148 150 154 155 158 160 161 163 164 166 167 168 169 170 177 178 179 181 182 184 185 186 187 188 189 190 192 193 194 195 197 198 199 200 201 202
23 140 142 143 147 150 152 157 160 170 171 172 174 175 176 179 181 191 193 194 195 196 200 201
37 140 141 142 150 151 154 155 157 159 160 162 163 165 168 170 171 172 173 174 178 182 183 186 187 188 189 190 191 194 195 196 197 198 199 200 201 202
37 140 141 143 144 145 147 151 152 156 157 158 159 160 161 162 165 167 169 174 175 176 177 179 181 182 183 184 185 187 188 193 194 195 196 197 198 201
31 140 144 145 146 147 152 153 154 155 157 162 164 166 167 169 170 171 172 173 174 175 176 177 179 181 184 187 190 191 192 201
21 141 142 144 152 154 160 161 162 168 171 180 181 183 184 185 186 187 192 193 197 199
23 145 150 151 152 157 159 164 169 170 173 175 179 181 182 183 187 189 190 195 196 197 198 200
23 140 145 151 157 158 162 168 169 170 172 176 177 183 184 187 188 190 191 192 194 198 200 201
36 140 141 142 145 148 149 151 152 154 155 157 158 159 161 162 165 166 167 168 170 175 179 180 181 183 186 187 188 189 190 193 195 196 197 199 202
30 142 143 144 145 146 147 148 149 154 160 162 164 167 171 172 173 176 179 180 181 184 185 187 188 190 191 194 198 199 200
20 140 146 147 148 150 151 152 153 154 163 168 171 173 175 181 188 191 196 199 201
39 141 145 146 148 151 152 153 154 156 157 160 161 162 163 164 165 166 170 171 172 173 174 175 176 178 181 185 186 187 188 190 191 193 194 197 198 199 201 202
33 142 144 145 150 152 153 155 156 157 158 162 164 165 167 169 170 172 176 177 179 180 184 185 186 188 189 190 192 194 195 196 198 199
32 140 141 144 145 146 148 151 153 155 157 158 160 161 162 164 165 166 170 172 175 177 179 185 187 189 190 192 193 194 198 199 201
42 141 142 143 145 146 148 149 150 153 154 156 161 162 163 164 167 168 169 170 172 173 174 175 176 177 178 180 182 183 186 187 189 191 192 193 195 196 197 198 199 201 202
34 140 141 142 144 145 146 148 149 150 152 154 157 161 163 164 165 166 169 170 171 179 180 182 184 186 190 192 194 195 197 198 199 201 202
39 140 141 142 143 144 147 149 150 151 155 156 157 158 161 162 164 165 167 168 169 171 173 174 179 181 183 184 185 186 188 189 190 192 193 196 198 199 200 202
33 140 142 143 145 146 151 152 153 154 155 157 158 159 160 162 164 165 166 170 172 173 174 176 177 182 183 185 189 190 191 192 200 201
31 140 141 144 146 147 149 157 158 159 160 162 165 167 168 174 178 179 181 184 186 187 189 190 191 192 193 196 198 199 201 202
38 140 141 143 145 148 151 154 155 156 157 158 160 161 162 163 164 165 166 168 169 171 172 173 174 175 176 181 185 186 187 189 190 191 192 195 197 198 199
28 142 143 148 149 150 152 155 156 157 164 166 168 171 172 175 176 179 180 181 186 188 191 194 197 198 199 200 202
42 142 145 146 148 149 151 152 153 155 157 159 160 161 166 167 171 172 173 174 175 176 177 179 180 181 182 185 186 187 188 189 190 191 192 193 194 195 196 197 199 201 202
40 141 144 147 150 151 152 155 158 159 160 163 164 166 168 170 172 173 175 177 179 180 181 182 183 184 185 186 187 189 190 192 193 194 195 197 198 199 200 201 202
36 141 142 144 148 149 150 153 155 156 158 160 161 162 164 165 169 170 171 173 174 175 177 178 179 181 183 184 187 188 189 191 192 193 194 196 197
32 140 141 142 144 145 147 149 150 151 157 158 163 166 167 169 171 174 175 176 177 178 179 181 183 184 186 187 188 191 199 201 202
31 140 142 143 149 150 151 156 158 159 160 162 165 166 168 169 170 172 173 174 179 180 181 182 186 187 189 191 194 195 199 200
36 141 142 143 144 146 147 150 151 153 154 155 158 159 161 162 163 164 166 170 172 177 179 181 182 183 184 185 186 188 189 190 193 194 197 198 202
29 141 145 146 147 148 150 153 154 155 156 157 163 164 165 166 167 169 170 173 174 176 181 185 189 192 196 199 201 202
28 140 143 144 152 156 158 159 161 162 167 168 170 171 172 177 180 182 183 185 186 187 188 189 190 196 198 201 202
25 143 144 147 148 149 151 153 154 156 159 160 162 164 167 174 175 176 177 180 182 191 195 196 198 201
29 143 147 148 149 150 151 153 154 156 159 164 172 173 174 175 176 177 181 183 185 189 192 194 196 197 199 200 201 202
23 141 142 145 150 153 156 157 158 159 163 164 169 171 172 173 182 185 188 189 191 194 201 202
36 140 142 143 145 146 149 150 151 152 154 157 158 160 161 162 163 164 166 168 169 170 171 173 178 179 183 184 186 188 189 190 191 192 193 196 199
25 140 142 143 146 147 148 151 154 155 156 158 160 161 162 164 171 182 183 186 190 192 193 196 197 201
19 140 142 143 144 146 147 164 169 173 175 178 181 182 188 194 198 199 200 201
26 141 146 149 151 154 155 156 157 158 159 162 163 167 168 170 178 179 183 189 191 192 195 197 199 201 202
34 141 143 146 151 152 153 159 161 163 166 167 168 169 170 171 173 174 175 176 177 180 181 184 185 186 189 190 191 193 195 197 198 200 201
37 142 145 146 147 148 149 150 151 156 157 158 159 163 165 166 167 170 171 172 173 175 177 178 179 180 182 184 186 187 189 190 191 194 196 198 199 202
29 140 141 143 146 147 152 154 155 156 159 160 164 165 166 169 171 174 175 181 182 183 184 185 186 189 193 195 201 202
32 140 142 143 145 146 147 151 153 154 156 158 160 162 165 171 174 179 181 182 183 184 185 186 187 188 189 192 194 198 200 201 202
31 141 146 147 150 152 153 155 158 160 165 167 170 171 175 176 179 180 181 183 186 187 188 189 190 192 193 194 196 200 201 202
41 140 141 145 146 148 149 151 154 156 157 158 161 162 163 164 165 166 167 168 169 170 173 175 176 178 180 182 183 186 187 188 191 192 193 194 196 197 199 200 201 202
31 141 142 143 145 148 150 153 154 155 157 158 165 167 169 173 175 176 177 178 179 180 183 185 187 188 190 193 196 198 199 200
37 141 142 144 146 147 148 150 152 153 155 156 157 160 161 162 164 166 167 168 169 171 174 175 178 179 182 183 184 185 190 192 196 197 199 200 201 202
22 141 142 144 145 147 149 153 154 155 157 161 163 165 166 167 170 173 175 180 186 191 199
30 140 144 146 148 153 154 155 156 160 161 162 164 167 168 171 172 175 177 178 179 180 181 182 184 188 191 192 193 196 201
27 145 146 147 149 152 154 156 159 160 163 166 171 172 173 174 175 177 179 182 184 185 186 191 192 194 196 198
19 144 147 148 150 162 171 174 175 179 182 185 187 189 190 192 193 196 198 202
39 140 141 143 145 148 149 150 151 152 153 154 156 157 158 159 160 162 163 164 165 166 168 173 175 176 178 179 180 183 186 187 190 192 194 197 198 200 201 202
43 141 142 143 144 146 147 148 149 150 151 153 154 155 156 157 160 161 164 168 170 172 173 174 175 176 178 179 180 181 182 185 187 188 189 190 191 192 193 197 198 199 200 202
43 140 142 143 144 145 146 147 148 149 150 151 153 154 161 162 163 164 165 166 167 169 170 171 174 176 177 179 180 183 184 185 186 187 189 191 192 193 194 195 197 198 199 200
19 143 144 150 158 162 164 167 168 170 172 174 179 180 189 190 196 198 200 202
19 149 152 155 160 165 166 167 168 171 173 175 177 179 182 183 185 187 191 201
31 141 143 144 146 149 151 152 156 160 162 163 164 165 167 168 170 174 175 176 181 182 183 184 185 190 192 194 195 197 200 202
40 142 144 146 147 148 149 150 155 156 157 158 159 161 163 164 165 166 167 168 171 172 173 174 175 176 178 180 182 184 186 187 190 192 193 194 195 196 197 198 199
26 140 141 142 143 145 148 150 160 162 163 164 167 172 173 175 176 177 180 182 184 185 188 195 197 199 200
29 140 141 144 148 150 151 154 156 158 159 162 163 164 166 167 172 175 176 181 184 185 186 187 188 192 195 196 198 202
25 142 144 147 150 157 158 160 161 162 163 164 170 171 174 176 177 178 185 186 190 191 193 194 199 200
30 140 142 143 144 149 150 151 152 158 159 160 161 162 164 165 166 167 169 177 178 181 183 188 189 193 194 196 199 200 202
36 140 143 144 147 149 150 151 152 153 154 155 156 159 161 162 164 166 167 170 171 172 173 177 178 179 180 181 182 186 187 188 190 191 192 196 199
42 140 141 142 143 144 145 151 152 153 155 157 160 164 166 170 171 172 173 174 175 176 177 178 179 181 182 183 184 185 186 187 188 189 190 191 192 194 195 197 198 199 202
24 141 142 143 145 148 150 152 156 157 158 163 166 167 174 175 179 184 185 186 188 189 196 198 199
19 141 142 148 159 163 165 166 170 171 172 175 185 186 191 195 197 198 199 201
31 141 142 144 145 146 147 148 149 152 153 154 155 158 159 165 166 167 172 178 179 180 181 186 191 195 197 198 199 200 201 202
36 140 144 147 148 150 152 153 154 156 158 159 160 162 167 171 173 176 178 179 180 182 183 184 185 186 187 188 189 193 194 195 196 197 199 200 202
36 140 143 144 145 146 148 149 154 155 157 158 159 160 163 164 165 168 169 171 172 173 177 178 179 180 181 182 185 187 188 189 190 194 196 198 199
39 140 141 142 143 147 149 151 155 157 158 159 162 163 168 171 173 174 175 177 179 181 182 183 184 185 186 188 189 190 191 192 194 195 196 197 198 199 200 202
31 140 141 144 146 149 150 151 154 155 157 159 160 161 164 167 168 169 171 172 175 177 178 179 182 186 188 192 193 197 200 201
24 141 142 144 148 154 157 158 159 161 164 166 175 177 178 179 182 186 187 189 190 191 192 200 201
26 141 143 145 146 148 151 152 160 167 169 172 174 175 178 179 181 183 184 186 187 188 189 191 192 197 201
34 142 143 144 145 146 148 149 150 152 153 154 156 158 159 160 161 162 163 165 172 174 176 177 180 183 186 191 192 195 198 199 200 201 202
39 142 143 145 146 148 149 151 152 153 155 157 158 159 161 162 164 165 167 171 172 173 174 175 176 177 179 183 184 185 187 188 189 190 191 193 194 198 199 200
23 141 142 146 147 148 149 150 159 165 168 170 174 177 181 184 190 191 194 196 198 200 201 202
31 140 143 144 147 148 150 154 155 156 159 160 161 163 165 166 167 169 175 176 179 180 188 190 191 193 195 197 198 199 200 202
32 142 143 144 145 147 148 149 150 151 153 155 159 165 167 168 169 171 172 174 177 178 179 180 182 184 190 191 196 197 199 201 202
32 141 143 144 145 146 148 149 150 151 152 155 159 160 162 165 168 169 170 171 172 175 176 180 181 186 187 188 189 190 197 198 199
21 141 142 144 146 149 151 154 157 159 165 167 169 173 175 182 183 184 189 192 195 197
43 141 143 145 146 150 152 153 155 156 157 158 159 160 164 165 166 167 169 170 171 175 176 177 178 179 180 181 182 183 184 186 187 188 189 190 192 193 194 195 196 198 200 202
36 142 143 144 146 148 150 151 155 156 157 159 161 163 164 165 167 170 171 172 174 176 177 178 179 181 182 183 185 186 187 188 189 191 195 198 199
31 142 144 146 147 148 153 154 157 158 160 161 162 165 167 170 172 173 174 175 179 180 181 184 188 191 192 194 199 200 201 202
37 143 144 146 147 149 150 151 152 153 154 157 158 160 161 165 168 170 172 174 175 176 177 179 180 182 183 184 186 188 189 191 192 193 195 197 201 202
40 140 141 142 143 145 146 148 150 151 155 156 157 158 160 162 163 164 165 166 167 169 170 172 174 175 176 179 182 183 184 185 186 188 189 190 194 195 198 199 200
39 140 141 142 144 145 147 148 149 150 151 153 155 156 157 158 159 163 166 168 169 171 172 173 176 177 178 180 181 182 183 185 186 188 189 192 196 199 201 202
25 143 144 146 147 150 152 155 159 165 167 168 171 173 174 175 176 181 183 186 187 193 195 197 198 201
42 140 142 143 145 148 149 150 152 156 157 159 160 161 162 163 164 166 167 168 170 171 172 174 175 176 178 179 181 183 184 186 187 188 189 191 192 194 195 196 198 199 202
27 142 144 146 150 151 152 153 157 159 162 164 167 168 169 171 172 175 177 182 184 188 189 192 194 196 198 202
43 140 141 142 143 146 147 148 149 151 152 153 155 156 158 159 160 163 164 165 166 167 168 169 171 172 173 174 177 178 180 181 182 184 185 187 189 190 191 193 194 196 197 201
38 140 141 147 148 149 150 152 154 155 156 157 159 162 163 164 166 167 169 171 172 173 174 175 178 179 180 182 184 185 187 189 191 193 196 197 198 200 201
34 140 141 142 143 145 147 148 150 153 155 156 157 161 164 167 168 170 171 173 177 180 181 183 184 185 186 187 190 191 192 194 195 199 200
31 140 142 145 146 147 148 151 154 156 157 159 161 163 165 167 170 171 174 177 182 184 186 188 190 192 193 194 195 198 200 202
42 144 146 147 149 150 151 156 157 158 159 160 161 162 164 166 168 169 170 172 173 174 175 176 177 178 180 181 185 186 187 188 189 190 191 192 193 194 196 197 199 201 202
35 140 142 145 148 151 152 153 154 156 157 158 160 162 163 164 168 169 171 172 174 177 178 179 180 184 185 188 190 191 193 194 196 200 201 202
39 140 142 145 146 147 148 151 153 154 155 156 158 159 160 163 167 171 172 173 174 175 177 179 180 181 182 183 184 185 187 188 190 191 193 195 197 199 200 201
34 140 141 143 147 149 151 153 154 155 156 157 158 160 164 167 169 171 177 180 181 183 185 186 187 188 190 191 192 193 195 196 199 200 201
43 140 143 144 145 146 147 149 152 153 156 157 158 159 161 162 165 168 169 170 171 173 175 176 178 179 180 181 182 183 184 186 187 188 189 192 193 194 195 197 198 199 201 202
40 140 142 143 144 145 146 147 148 149 150 151 153 155 156 158 159 161 166 167 168 170 171 172 173 174 177 179 181 186 187 188 191 192 194 195 197 198 199 200 202
29 142 143 144 145 149 150 152 155 157 158 170 171 172 175 176 180 182 183 184 185 187 189 190 191 193 195 197 199 202
35 140 147 148 149 150 152 153 155 157 159 164 166 167 168 171 172 173 174 175 176 178 182 183 185 186 187 189 190 191 192 193 195 198 200 201
24 140 142 145 147 149 150 154 160 164 165 167 168 169 170 175 176 178 181 185 193 197 198 199 202
27 141 144 147 149 150 156 157 159 160 161 163 165 166 173 174 176 177 180 182 183 186 187 189 192 194 197 202
33 140 142 143 144 146 149 153 154 155 157 159 161 165 168 169 170 171 173 174 175 176 177 178 179 180 181 182 187 188 189 192 197 200
33 142 143 146 147 148 149 150 152 153 154 156 157 158 159 161 163 164 165 169 170 173 175 177 178 180 187 189 190 193 194 195 197 199
34 140 143 144 146 148 150 151 153 155 158 164 165 167 168 173 176 178 180 184 185 186 188 190 191 192 193 194 195 196 197 198 199 201 202
25 141 142 143 145 147 152 156 157 158 161 164 174 177 181 183 184 186 189 190 192 194 195 197 200 201
39 142 143 145 147 149 150 151 152 153 154 155 157 158 159 162 164 166 167 168 170 171 173 175 176 182 183 184 186 188 189 190 191 192 193 194 197 199 201 202
37 141 142 143 145 148 149 150 151 152 156 158 159 160 161 163 165 167 168 171 172 175 178 179 180 186 188 189 191 192 193 194 196 197 198 199 201 202
20 140 143 148 149 150 151 158 162 166 168 170 171 172 173 176 180 181 188 190 194
21 146 151 152 153 154 159 161 163 167 168 170 171 172 175 177 192 193 194 197 199 202
19 140 144 145 146 152 153 158 160 161 162 163 167 170 174 175 176 189 191 194
27 141 144 145 146 147 149 153 155 157 160 161 162 163 170 171 173 174 178 179 186 188 192 193 195 196 197 200
33 141 144 145 148 149 150 151 154 155 159 160 161 162 167 168 172 173 175 177 178 179 180 181 182 183 185 187 193 194 196 198 200 201
33 140 142 143 145 146 152 153 154 157 158 160 161 162 163 166 170 171 172 174 175 176 177 179 182 183 186 187 189 192 193 196 197 202
22 140 141 144 145 153 154 156 157 159 161 163 166 170 177 178 186 187 188 189 191 193 202
21 140 141 142 146 147 152 153 157 158 159 163 168 172 175 177 178 180 182 193 199 200
36 140 143 147 149 150 152 153 155 157 158 161 163 164 166 167 170 172 174 175 176 178 179 180 181 183 188 189 190 191 192 194 196 197 200 201 202
23 142 146 154 158 160 161 164 166 168 171 172 174 175 176 179 183 185 186 187 189 190 191 198
34 140 141 143 144 146 148 149 150 151 152 153 154 156 157 160 162 167 171 172 174 175 176 180 181 183 185 186 188 190 191 194 195 196 197
33 143 145 147 148 150 152 153 163 165 167 168 169 172 173 175 177 179 180 181 182 183 184 186 190 191 192 194 195 196 197 198 200 202
35 140 141 143 146 151 154 155 157 158 160 161 163 164 165 166 168 169 171 172 173 176 177 178 181 183 184 185 187 191 193 195 196 197 199 200
26 144 148 152 153 154 158 159 162 167 168 176 177 178 181 182 185 186 188 190 191 192 193 196 198 199 201
42 141 142 143 144 147 149 152 153 154 155 156 159 160 162 163 164 165 166 167 168 169 170 171 172 174 175 177 178 179 181 183 184 185 186 187 188 191 192 194 196 197 200
26 141 146 148 156 160 163 165 170 174 176 178 179 180 181 183 184 187 188 191 195 196 198 199 200 201 202
32 140 141 143 144 145 146 148 149 150 152 154 157 160 161 162 170 175 176 177 178 181 183 184 186 187 190 193 195 196 197 199 201
28 142 144 146 149 151 152 153 158 160 161 162 163 164 168 172 173 177 179 180 186 190 191 192 195 196 198 200 201
24 140 141 144 145 148 156 157 160 161 162 165 167 170 173 180 182 184 185 188 190 193 195 197 202
27 141 142 143 144 146 147 152 154 163 164 167 168 171 175 177 178 180 184 186 187 190 191 193 197 199 200 201
22 141 146 147 149 154 156 159 164 167 168 169 170 174 178 181 183 186 190 191 197 198 202
37 140 141 145 146 147 148 149 150 152 154 155 160 161 162 165 166 168 171 172 174 175 177 179 182 183 184 185 186 187 188 190 192 195 197 198 199 200
29 140 145 147 148 150 151 154 157 158 162 163 167 168 169 171 172 173 174 176 180 186 191 194 195 197 198 199 200 202
40 141 145 146 147 148 150 153 154 156 157 160 161 162 163 166 167 169 170 171 172 173 176 177 179 180 182 185 186 190 191 192 193 194 195 197 198 199 200 201 202
21 141 142 146 147 149 153 156 158 164 165 167 170 171 172 177 178 184 197 199 200 201
27 140 142 143 144 146 147 148 150 153 154 156 161 162 166 167 169 171 178 179 181 182 183 186 187 194 196 199
39 144 145 146 147 148 149 150 152 153 154 157 158 161 162 165 166 168 169 171 173 174 176 177 178 180 182 185 187 189 190 191 193 195 196 198 199 200 201 202
36 140 143 145 146 148 151 154 155 156 158 160 161 163 164 166 167 169 171 173 174 175 176 180 181 184 185 186 188 191 194 195 196 198 199 200 202
31 140 141 142 143 147 148 149 152 156 157 158 162 163 165 167 168 176 178 179 183 186 187 190 191 192 193 194 195 196 198 201
38 142 143 144 145 147 148 150 153 154 155 158 160 162 163 165 166 167 168 170 172 173 176 177 179 180 181 182 183 184 185 188 192 193 194 196 198 200 202
36 140 141 143 144 150 152 153 155 156 158 161 162 163 164 165 166 167 168 170 172 174 175 176 180 181 182 183 185 188 189 193 195 197 199 201 202
28 140 143 144 146 147 151 152 157 160 161 163 165 166 167 170 172 175 176 177 184 185 186 188 189 190 191 194 199
31 141 144 145 147 148 149 150 152 154 157 161 162 164 166 168 173 177 178 179 182 183 185 187 189 193 194 196 197 198 200 201
27 141 142 146 147 148 149 152 156 158 163 168 176 177 180 181 182 183 185 186 187 188 191 192 193 194 196 197
20 140 142 143 147 152 153 154 156 158 160 162 163 164 171 173 175 176 179 184 199
34 140 142 146 149 151 154 156 157 158 162 163 164 165 167 169 170 172 173 176 177 181 184 187 188 189 190 191 192 194 196 198 199 201 202
24 140 141 142 143 147 148 150 154 159 161 162 165 166 170 179 181 186 188 189 190 194 195 198 202
42 141 143 145 146 148 150 151 152 153 154 155 156 157 158 159 160 161 162 165 167 168 171 172 173 174 177 179 180 181 183 187 188 189 191 194 195 196 197 199 200 201 202
41 141 142 143 145 147 149 153 154 156 157 158 161 163 165 168 169 171 172 173 174 175 176 177 180 181 183 185 186 187 188 189 190 191 192 193 194 195 196 198 199 201
24 141 148 149 150 153 154 156 159 161 162 163 164 165 171 180 181 185 187 191 192 194 196 201 202
28 140 141 144 145 149 150 155 161 163 164 165 167 171 175 177 178 183 184 185 188 189 192 193 194 197 198 201 202
23 142 144 147 150 151 152 153 157 162 165 170 173 174 175 182 183 184 187 190 192 193 195 196
35 141 142 143 145 146 149 150 151 153 154 156 163 164 165 167 168 169 170 171 172 173 180 182 184 185 189 192 193 195 196 197 198 199 201 202
24 141 148 153 155 157 158 160 164 165 166 168 171 173 178 179 181 183 185 186 188 189 190 196 198
42 140 141 143 144 145 146 147 148 149 151 152 153 154 155 156 158 159 160 161 163 164 165 166 167 169 170 171 172 180 181 183 186 187 190 191 192 193 194 196 197 199 201
42 140 141 142 145 146 147 148 149 151 152 153 154 157 158 162 163 166 168 169 170 171 172 174 175 178 180 181 182 183 185 186 187 189 190 191 192 193 196 198 199 200 202
31 140 141 142 145 146 147 148 151 152 153 155 157 160 161 162 168 170 171 173 175 177 179 180 181 183 188 189 195 197 198 199
29 142 143 144 145 148 151 153 154 155 162 165 166 168 169 170 173 174 175 178 179 188 190 191 192 195 196 197 201 202
22 140 141 143 145 147 158 162 165 167 169 171 174 176 180 182 183 185 187 190 192 194 200
33 141 145 146 147 149 150 151 154 156 160 161 162 164 165 166 167 174 177 179 180 181 183 184 185 191 192 194 196 197 199 200 201 202
25 145 148 149 155 156 162 163 165 170 173 174 176 179 180 181 183 188 190 191 192 195 197 198 200 201
38 142 147 148 149 151 154 155 156 157 158 160 163 165 166 168 171 172 176 177 178 180 182 183 184 185 186 187 188 189 191 192 193 194 195 196 198 199 200
34 140 142 144 145 146 149 150 152 153 159 161 163 165 166 170 171 173 174 175 178 179 180 182 183 186 187 191 193 195 196 198 199 200 201
35 140 142 143 146 147 149 150 151 152 153 154 155 157 158 161 162 163 164 167 172 173 174 177 178 179 182 185 186 187 190 192 193 196 198 201
38 140 142 143 144 146 147 149 150 151 152 154 155 157 158 160 161 162 164 165 166 168 169 171 173 175 177 179 182 184 185 186 187 189 190 192 195 197 200
19 141 142 151 158 163 164 169 170 171 172 175 181 183 185 190 191 197 200 201
39 140 145 146 147 148 149 150 152 153 155 156 158 160 161 162 163 164 165 166 170 171 173 177 179 180 181 183 184 187 188 189 190 192 195 197 199 200 201 202
27 140 145 146 148 152 153 155 158 161 162 163 166 169 171 174 176 177 179 182 185 187 188 195 196 197 199 200
30 141 143 144 151 153 154 156 158 159 160 162 164 166 168 169 170 173 174 175 177 178 180 182 183 184 191 192 193 197 200
21 145 147 148 152 154 155 156 159 160 166 172 176 178 181 183 184 186 188 198 199 200
35 143 145 146 152 155 156 157 159 160 162 164 165 166 167 174 175 176 177 178 179 180 181 184 185 186 187 189 190 192 194 195 198 200 201 202
20 140 141 147 148 149 150 151 155 157 158 163 165 171 174 183 185 193 194 198 200
20 140 143 151 153 154 155 159 163 164 168 169 170 172 178 182 183 185 190 196 202
20 143 145 148 154 171 173 175 179 180 181 185 186 188 190 191 193 197 198 199 201
40 140 141 143 144 145 146 147 148 149 151 155 156 158 159 160 161 163 164 168 171 172 174 176 177 178 179 180 181 182 183 184 190 192 193 194 196 198 199 201 202
33 140 141 144 147 148 150 151 152 154 155 157 158 161 162 164 165 167 169 173 177 179 180 181 185 186 190 191 192 195 196 198 199 202
