217 1276
28 1 2 3 4 5 6 7 8 9 10 11 12 13 14 15 16 17 18 19 20 21 22 23 24 25 26 27 28
15 2 4 6 8 9 11 12 13 14 17 20 23 25 26 28
12 2 4 6 7 9 12 14 15 16 21 23 24
17 1 2 3 5 6 8 10 11 13 16 19 20 21 24 26 27 28
12 1 3 6 9 10 11 13 17 18 19 21 25
13 1 2 3 4 5 8 9 15 16 19 21 25 28
19 1 2 3 4 5 8 9 10 11 12 14 17 19 22 23 25 26 27 28
15 4 5 9 10 11 13 15 17 19 21 23 24 25 26 27
14 2 3 4 6 7 9 10 12 16 20 23 24 27 28
20 3 4 6 8 9 10 11 12 13 17 18 20 21 22 23 24 25 26 27 28
19 1 4 5 6 7 8 9 10 11 12 13 15 17 20 23 25 26 27 28
13 4 6 9 10 11 14 16 20 21 23 25 26 28
14 1 2 6 7 10 11 12 13 14 18 19 22 26 28
21 1 2 3 4 5 6 9 10 11 14 15 16 17 18 19 20 21 24 26 27 28
18 2 5 6 8 9 10 12 13 14 15 17 18 19 20 21 23 25 27
11 1 2 5 6 15 16 18 19 25 27 28
8 2 10 11 12 15 19 22 24
10 1 3 8 12 13 15 17 18 21 25
10 2 3 5 6 10 11 12 16 19 21
22 1 3 4 5 6 7 8 9 10 11 12 14 15 18 20 21 22 23 24 25 26 28
9 2 5 6 13 15 16 23 25 27
11 2 5 6 9 13 16 20 22 23 26 27
9 3 7 9 10 11 16 21 25 28
17 3 5 6 8 9 10 11 12 13 15 16 17 18 19 23 25 27
10 2 3 9 16 19 22 23 25 27 28
14 1 5 6 7 8 9 12 13 15 17 19 21 23 26
18 2 3 5 7 9 10 11 15 16 17 18 19 20 21 24 26 27 28
13 3 4 5 7 10 12 13 15 16 21 22 27 28
17 2 4 6 8 9 10 11 12 14 15 17 18 19 20 24 25 28
9 1 3 5 8 10 14 17 20 23
20 1 2 3 4 6 7 8 9 10 12 13 14 15 18 21 22 23 26 27 28
21 1 2 3 6 7 9 10 11 12 13 14 15 19 20 21 22 24 25 26 27 28
18 1 2 3 5 6 7 9 10 12 13 15 16 17 19 22 24 26 27
14 2 3 4 7 8 9 10 11 14 16 17 20 24 28
11 3 4 5 10 12 13 16 18 20 24 28
10 7 14 16 19 21 22 23 24 26 28
14 2 3 6 8 9 10 13 14 16 20 22 23 25 26
15 1 2 6 7 8 9 10 11 15 18 20 21 22 27 28
21 1 2 3 4 6 8 10 13 14 15 17 18 19 20 21 22 24 25 26 27 28
9 4 5 15 20 21 24 25 26 27
13 6 8 9 10 12 17 21 22 24 25 26 27 28
18 1 2 3 4 6 7 10 12 14 15 16 19 20 22 24 26 27 28
9 1 10 11 14 18 21 22 24 25
19 2 3 5 7 8 9 10 12 13 15 16 17 19 20 21 24 25 26 28
22 1 3 4 5 6 7 8 9 11 12 15 17 18 19 20 21 22 23 24 26 27 28
9 1 4 5 6 19 20 21 24 26
19 1 2 5 7 9 10 12 13 15 16 17 19 20 21 23 24 26 27 28
20 3 4 5 7 8 9 10 11 12 13 16 17 19 20 21 24 25 26 27 28
15 1 2 3 5 8 9 12 15 18 20 23 24 25 26 27
20 1 2 4 5 6 8 9 10 11 12 15 17 18 20 21 23 24 26 27 28
11 1 3 5 8 10 11 13 16 18 19 23
13 1 3 4 6 9 10 16 17 19 22 24 25 27
20 1 2 4 5 9 10 11 12 14 15 16 17 18 19 21 22 24 26 27 28
19 1 2 3 5 6 7 8 11 14 15 16 17 20 21 22 24 25 26 28
20 2 3 4 5 6 7 8 9 10 11 12 16 17 18 19 22 25 26 27 28
10 3 6 10 11 17 20 21 22 25 26
8 1 2 3 12 22 24 27 28
10 2 8 10 11 13 15 22 24 26 27
13 2 5 7 9 15 16 17 18 19 23 26 27 28
16 1 2 4 9 10 11 14 15 17 20 21 23 24 25 26 28
20 2 3 4 5 7 9 10 12 13 14 15 16 17 19 20 21 22 23 24 26
12 1 3 4 5 7 11 18 20 23 25 27 28
12 2 6 7 8 9 10 11 13 14 16 18 19
11 2 3 10 17 18 21 22 23 26 27 28
16 3 4 7 8 9 10 12 13 14 15 16 18 19 24 25 28
10 4 5 12 13 15 18 22 24 27 28
28 29 30 31 32 33 34 35 36 37 38 39 40 41 42 43 44 45 46 47 48 49 50 51 52 53 54 55 56
19 30 31 32 34 35 36 38 41 42 44 45 46 48 49 50 51 53 54 56
18 29 30 32 33 36 37 39 41 44 45 46 47 48 49 50 51 52 56
16 31 35 36 40 42 44 45 46 49 50 51 52 53 54 55 56
13 30 31 34 35 37 38 42 43 44 46 48 50 51
19 29 31 32 34 36 38 39 41 43 44 45 46 47 49 50 51 54 55 56
12 30 33 34 35 36 37 38 42 45 50 51 54
12 30 33 35 39 40 42 43 45 49 53 54 55
15 30 31 32 35 36 38 40 41 42 44 48 52 53 55 56
10 33 36 37 38 39 40 43 49 52 53
20 30 32 36 37 38 39 40 41 42 44 46 47 49 50 51 52 53 54 55 56
21 30 31 32 33 34 35 36 37 38 40 41 42 43 44 45 46 49 51 53 54 56
16 29 30 33 35 36 37 40 41 43 44 45 47 48 54 55 56
15 31 32 33 34 35 36 37 39 43 47 48 50 53 54 56
12 30 35 36 37 39 40 44 46 48 52 53 56
8 30 32 36 44 45 49 50 53
15 32 35 36 37 38 39 41 42 46 49 50 51 53 54 56
20 29 31 35 36 37 38 39 41 42 43 45 46 47 48 49 50 52 53 54 56
18 29 30 31 32 33 34 39 40 41 44 48 49 50 51 52 53 55 56
14 29 31 32 33 34 41 43 44 45 46 47 50 52 55
21 29 30 32 33 34 35 37 38 39 40 43 44 46 47 48 50 51 53 54 55 56
22 29 31 33 34 35 37 38 41 42 43 44 45 46 47 48 49 50 51 52 54 55 56
20 30 31 33 34 35 36 37 41 42 43 44 45 46 47 49 50 51 53 54 55
14 29 32 34 36 37 38 40 41 42 44 51 52 53 56
16 30 32 34 36 38 39 40 42 44 47 49 50 52 53 55 56
16 29 30 31 32 36 37 38 42 43 44 45 46 48 52 55 56
19 33 34 35 36 37 38 39 40 41 42 44 45 46 47 49 50 52 53 56
13 29 30 31 33 34 36 38 40 42 43 45 52 55
19 30 31 32 34 36 38 39 41 42 43 44 45 46 47 48 50 51 53 55
15 29 31 32 33 35 36 37 39 42 43 45 48 53 55 56
10 29 31 32 33 41 43 47 50 55 56
15 31 33 36 37 40 42 45 46 47 49 50 51 52 54 55
11 29 33 36 38 40 42 44 47 48 54 56
22 30 31 32 33 34 36 37 38 39 41 42 43 44 45 46 48 50 51 52 54 55 56
18 29 30 34 35 37 38 39 41 43 44 45 47 49 50 51 53 55 56
11 31 32 33 34 42 43 44 49 51 52 55
8 30 32 38 40 44 45 48 54
16 29 32 34 37 40 41 43 45 46 48 49 50 51 53 54 56
15 30 32 37 38 40 41 43 45 46 47 48 50 52 55 56
12 29 34 35 39 40 41 43 44 45 49 53 56
19 29 30 31 33 35 36 38 39 40 41 42 45 46 47 48 49 50 51 56
11 30 33 35 36 39 43 47 48 52 53 56
13 29 30 31 33 35 37 43 46 50 51 53 54 56
18 29 31 32 33 34 37 38 39 41 43 44 45 47 49 50 51 52 53
13 31 33 34 36 39 40 41 47 48 50 53 54 55
18 29 30 31 33 34 35 37 38 39 40 43 45 47 49 50 51 53 55
21 33 34 35 36 37 39 41 42 43 44 45 46 47 48 49 50 51 52 53 55 56
9 31 37 41 43 44 52 54 55 56
11 34 35 39 40 41 43 44 45 46 55 56
18 29 31 33 34 35 37 39 41 42 44 45 46 47 49 51 52 53 56
12 30 32 33 35 36 38 41 42 47 49 51 55
15 31 32 33 34 35 38 41 42 44 46 48 49 50 51 53
10 30 35 36 37 39 40 42 43 46 53
15 30 31 34 35 40 41 42 44 46 47 49 50 51 52 55
16 29 30 32 34 35 38 41 42 43 44 46 51 53 54 55 56
76 57 58 59 60 61 62 63 64 65 66 67 68 69 70 71 72 73 74 75 76 77 78 79 80 81 82 83 84 85 86 87 88 89 90 91 92 93 94 95 96 97 98 99 100 101 102 103 104 105 106 107 108 109 110 111 112 113 114 115 116 117 118 119 120 121 122 123 124 125 126 127 128 129 130 131 132
46 57 58 61 62 64 66 67 69 75 79 80 81 83 84 85 86 87 88 89 90 94 96 97 98 103 104 105 106 107 108 111 112 113 117 118 119 120 121 122 123 125 127 128 129 130 132
44 58 62 63 65 71 73 74 75 76 77 78 79 80 82 83 84 86 88 89 91 93 94 96 98 99 102 107 108 109 110 111 112 113 114 115 117 119 121 122 123 125 128 131 132
57 57 58 59 60 62 64 65 66 68 69 71 72 73 75 76 77 78 79 80 81 82 83 84 85 86 87 88 89 90 92 93 94 95 96 99 100 101 102 103 104 105 106 107 109 111 112 114 115 116 117 120 121 124 125 126 129 130
27 57 59 62 63 65 66 69 73 77 78 79 80 81 83 85 92 96 99 103 104 106 113 114 116 120 123 130
45 59 60 61 62 63 64 65 70 71 76 78 81 82 85 86 87 90 92 93 94 97 98 100 101 103 104 107 108 109 110 111 112 114 116 117 119 120 121 122 123 124 125 126 130 132
56 57 59 60 61 62 63 64 65 66 67 68 69 71 72 74 75 77 78 79 80 82 83 84 85 86 87 89 90 91 92 93 95 96 98 99 100 101 103 105 106 107 108 109 110 111 112 114 115 116 117 122 123 124 126 127 132
50 57 58 60 61 62 63 64 70 72 73 74 75 77 78 80 81 82 83 84 86 87 90 92 94 95 97 98 99 104 105 107 108 109 110 111 112 114 115 116 117 118 120 122 123 124 125 128 129 130 132
34 58 59 60 61 64 72 73 75 77 82 85 86 91 92 93 95 96 97 101 104 105 106 107 109 110 114 117 121 123 126 128 130 131 132
23 58 59 61 65 66 73 76 78 81 84 85 88 95 96 103 104 108 111 114 124 126 129 132
53 57 58 60 61 62 63 65 66 69 70 71 74 76 77 79 81 83 84 85 86 89 90 91 92 93 94 95 96 97 99 100 102 103 105 106 109 111 112 113 114 116 117 119 120 122 123 124 125 126 128 129 131 132
27 62 63 65 68 69 71 73 77 81 84 95 96 97 98 99 100 104 106 109 111 112 115 117 119 120 124 130
42 57 61 63 65 70 71 72 73 74 75 77 78 79 80 82 84 86 88 89 90 92 93 94 98 106 108 109 110 112 113 114 115 117 118 119 121 122 123 126 127 128 132
40 57 59 63 64 65 66 67 69 71 75 78 79 80 82 86 88 89 94 95 98 99 103 105 106 107 108 111 115 118 119 120 122 123 124 125 126 128 130 131 132
52 57 58 60 62 63 64 65 69 70 74 75 76 78 79 80 81 82 83 84 85 88 91 92 93 95 97 100 101 102 104 105 106 107 108 110 111 112 113 114 115 117 118 119 120 122 125 126 127 128 130 131 132
32 57 61 63 64 65 69 70 73 74 77 80 81 87 90 91 92 93 95 97 99 100 101 102 105 107 108 111 113 116 126 129 131
53 57 58 60 61 63 64 65 69 71 72 73 75 78 79 80 81 83 84 85 86 87 88 91 92 93 94 95 97 98 99 100 101 103 106 108 110 111 112 114 115 117 119 120 121 123 124 125 126 127 129 130 131 132
47 57 58 59 63 64 68 69 70 71 73 74 75 77 78 79 80 81 84 86 87 88 90 92 93 95 96 97 98 99 103 104 105 106 107 108 112 113 115 121 122 124 125 126 127 128 129 130
50 57 58 59 61 63 64 65 67 68 70 71 73 74 76 77 78 79 80 82 84 85 87 88 91 93 95 96 97 99 100 102 104 105 106 109 110 112 113 114 116 117 118 120 123 125 126 127 129 130 132
23 57 63 65 66 67 69 72 74 79 82 90 91 98 99 107 113 115 118 120 122 125 128 130
35 58 62 63 64 67 72 74 76 78 79 81 82 83 86 87 88 89 93 94 96 97 99 100 103 105 106 117 118 119 120 124 125 129 131 132
37 59 60 61 64 66 68 69 72 73 75 78 79 82 85 87 91 92 93 95 99 101 104 106 109 111 112 113 115 118 119 122 123 124 127 128 129 131
36 57 58 59 61 63 65 66 68 69 73 74 76 77 79 80 81 87 88 91 92 93 94 95 106 108 109 110 113 114 116 119 120 122 127 128 130
49 58 60 62 63 65 66 67 68 70 71 72 76 77 78 79 80 82 83 85 87 89 90 91 93 94 95 96 99 100 101 103 105 107 111 113 114 117 118 121 122 124 125 126 127 128 129 130 131 132
32 57 58 62 63 65 68 71 75 82 83 84 87 88 89 90 91 93 95 100 102 103 111 116 119 120 121 123 124 126 129 130 131
22 58 59 62 64 65 66 69 70 73 76 82 85 87 91 103 104 109 114 119 123 126 128
52 58 59 61 62 63 64 68 69 70 71 72 73 74 75 76 78 79 81 82 83 85 88 90 91 93 94 95 96 97 98 99 100 101 102 104 105 107 110 111 112 113 114 115 117 118 120 124 125 127 128 129 131
57 57 59 61 62 63 65 66 67 68 69 70 72 73 74 75 78 79 81 82 83 84 85 87 89 90 92 95 97 98 99 100 102 103 104 106 107 108 109 110 111 112 113 114 115 116 117 118 120 121 122 124 125 127 128 129 130 131
23 59 61 62 68 72 73 75 77 84 85 91 95 97 98 99 102 115 117 118 124 127 129 132
37 57 60 61 62 64 68 71 72 76 77 78 80 82 83 85 87 88 95 98 100 102 104 105 106 107 109 111 113 115 116 117 121 122 124 125 128 132
32 57 59 65 69 74 75 76 77 78 79 83 84 87 89 91 92 93 94 96 101 104 108 109 111 114 119 121 125 126 127 128 132
30 58 62 65 67 69 71 78 79 81 82 83 90 91 92 94 96 99 100 104 105 110 113 114 121 122 125 127 128 131 132
47 57 59 60 62 63 64 65 66 67 70 71 72 74 75 76 78 81 85 86 87 90 91 92 95 97 98 99 100 101 103 105 107 109 110 111 112 115 116 117 118 120 122 123 127 129 131 132
34 57 58 59 60 61 62 70 74 75 78 79 80 82 83 89 90 92 97 98 99 100 101 104 107 108 109 110 111 112 114 115 117 121 126
35 59 62 65 66 67 68 70 71 74 75 76 77 80 81 86 87 89 90 91 94 95 96 98 101 106 112 115 116 119 121 122 124 125 126 132
60 58 59 60 61 62 63 65 67 68 71 73 74 75 76 77 81 82 83 84 85 87 88 89 90 91 92 93 95 96 97 98 99 100 101 102 103 104 105 106 107 108 109 110 111 112 113 114 115 116 117 118 120 121 122 124 125 126 128 130 131
32 57 58 60 62 68 70 71 74 75 79 81 83 84 87 89 90 91 92 93 97 98 101 103 107 109 110 111 112 119 122 124 127
47 57 61 65 66 67 68 70 71 75 77 78 79 80 81 82 84 85 86 89 90 92 93 95 97 98 101 102 103 105 106 107 109 110 113 115 118 119 121 122 123 124 125 127 128 129 130 131
58 59 60 62 63 64 65 66 67 68 70 71 73 74 75 77 78 80 83 84 85 86 87 89 90 91 92 94 95 96 97 99 100 101 102 105 106 109 110 111 112 113 115 116 117 118 119 120 121 122 123 124 125 127 128 129 130 131 132
38 58 59 61 65 67 70 71 73 74 75 76 77 79 82 88 90 91 92 98 102 103 105 107 109 110 112 113 114 115 116 117 120 121 122 123 125 129 130
58 57 58 59 60 63 64 65 66 67 68 69 72 73 74 75 77 78 80 81 82 83 84 85 86 87 88 90 91 92 94 95 96 97 98 99 100 101 103 105 107 108 109 111 112 114 115 117 118 119 121 122 123 125 126 127 128 129 132
49 57 58 59 61 63 65 66 67 68 70 73 75 76 80 82 83 84 86 87 88 89 90 91 92 93 95 96 98 102 103 104 106 108 109 110 111 113 114 117 118 119 120 121 122 124 125 128 129 131
43 57 60 61 63 67 68 69 73 76 78 79 80 81 82 84 86 88 91 93 95 98 101 102 104 105 106 107 109 110 111 112 113 114 115 117 119 121 122 123 124 126 127 132
35 57 68 69 70 72 74 77 79 80 81 83 85 87 88 91 93 94 95 96 97 100 103 104 107 108 110 112 113 117 120 121 124 126 129 131
32 57 58 63 68 73 75 76 78 81 85 86 90 92 93 97 102 106 107 108 110 111 113 114 116 120 121 122 124 125 127 128 129
46 57 59 60 61 63 67 68 71 73 74 76 77 80 82 83 85 88 90 91 92 93 94 95 97 98 99 100 101 103 104 106 108 110 111 113 114 115 116 117 118 119 120 126 128 130 131
53 57 58 59 60 62 63 64 65 66 68 70 74 75 76 79 80 83 84 85 87 88 89 91 92 93 94 95 96 97 98 99 101 102 103 104 105 109 110 111 112 113 115 116 118 119 120 121 123 125 126 128 129 132
27 57 60 64 68 69 83 84 88 89 97 99 100 102 104 105 110 114 116 117 118 119 120 121 122 125 129 130
31 58 60 62 65 70 71 72 76 79 85 86 87 90 91 93 100 103 105 106 108 109 110 112 115 119 124 128 129 130 131 132
47 57 58 60 61 62 63 64 66 67 70 72 73 75 76 77 78 84 85 87 88 89 92 95 96 98 100 101 105 106 108 111 112 113 115 116 117 118 119 120 122 124 126 127 128 130 131 132
33 62 66 69 70 73 74 76 80 82 85 87 88 90 91 94 95 96 97 98 99 100 101 102 103 105 106 112 115 117 119 121 126 128
40 57 59 60 62 65 66 67 68 69 70 72 75 76 78 80 81 82 83 86 89 95 98 101 103 107 111 113 114 117 118 119 120 121 122 123 124 126 127 129 131
24 58 59 61 63 66 67 71 80 81 86 89 90 96 97 101 106 109 113 115 116 117 121 122 124
47 57 58 61 62 64 66 68 72 73 75 76 77 78 80 81 83 84 86 87 88 89 91 92 94 96 98 100 102 106 107 108 109 110 111 113 117 120 121 122 123 124 126 128 129 130 131 132
46 58 59 60 61 62 63 66 68 69 72 75 76 78 81 82 84 86 87 88 89 90 93 94 95 97 98 100 102 104 105 107 108 109 110 112 114 116 117 118 119 120 123 125 128 130 132
27 58 59 61 62 63 64 69 72 76 78 82 83 87 88 91 92 97 99 102 104 105 108 117 119 126 130 132
56 57 58 59 60 61 63 64 65 66 69 70 71 73 75 76 77 78 79 80 81 82 83 85 86 87 88 89 90 91 92 93 94 95 97 99 100 101 103 105 107 109 110 111 112 114 115 116 117 118 121 122 126 127 128 131 132
57 60 62 63 64 65 67 68 70 71 72 73 74 75 76 77 78 79 80 81 82 83 84 86 87 90 91 92 93 94 95 98 99 100 101 102 103 104 105 107 108 109 110 112 113 114 115 117 118 119 121 122 123 125 126 129 130 132
26 59 60 63 66 68 69 70 72 76 77 84 85 86 91 95 104 105 109 111 114 115 118 120 121 124 132
38 57 58 63 64 65 68 72 78 81 82 88 89 90 91 92 93 94 96 97 98 99 103 109 111 113 114 117 118 121 122 123 125 126 127 128 129 131 132
30 59 63 71 75 77 79 80 81 84 87 91 92 94 95 103 104 106 107 108 109 114 116 117 119 120 121 122 125 129 130
47 57 58 59 61 63 64 65 66 67 68 69 70 71 72 73 74 75 76 79 81 82 83 84 85 86 87 92 95 101 102 103 104 105 106 109 110 111 114 119 120 122 123 125 127 128 129 130
35 60 62 63 66 68 69 70 72 73 74 75 80 81 82 84 85 88 89 92 94 95 99 100 102 105 111 112 113 114 115 121 123 125 128 130
46 58 59 61 62 63 64 65 66 67 68 72 74 75 78 80 81 84 86 89 91 93 94 95 97 98 99 100 101 102 104 105 106 107 109 110 111 112 114 115 118 121 123 124 126 128 129
23 59 61 65 70 74 79 80 82 83 84 85 86 95 100 104 116 117 118 119 123 127 129 132
45 62 63 65 68 72 76 77 78 79 81 82 83 85 87 89 90 94 95 96 97 98 100 102 103 106 107 108 109 110 111 113 114 116 118 119 120 121 122 123 126 127 128 130 131 132
34 57 59 64 65 71 74 75 76 77 79 81 84 89 92 95 96 99 100 101 106 109 111 112 114 115 117 119 120 122 123 125 126 128 132
51 58 59 60 61 63 64 65 68 70 72 74 76 80 81 82 83 84 85 86 87 88 89 90 91 92 94 95 96 97 98 99 100 101 102 103 104 111 114 115 116 117 118 119 120 121 124 125 126 128 129 132
10 136 139 143 148 151 156 158 160 165 170
15 135 136 137 141 145 150 151 152 158 159 162 163 164 167 171
13 135 136 142 143 145 146 149 151 153 157 164 169 173
15 136 141 142 145 146 148 151 154 155 161 162 164 167 171 172
11 135 137 138 139 140 147 152 156 166 170 173
10 135 142 143 149 152 156 160 164 167 170
7 136 149 150 153 160 169 170
11 135 137 138 140 142 146 157 163 164 169 173
15 133 134 143 144 149 150 153 157 158 159 160 163 165 168 169
14 134 136 139 144 146 152 154 155 156 157 161 165 168 170
7 133 139 140 143 146 157 172
13 133 134 144 145 147 149 150 152 153 166 167 168 171
5 138 147 150 155 171
10 133 136 137 142 143 149 155 159 166 171
14 135 138 140 147 148 151 154 155 158 161 167 168 169 173
18 136 137 139 141 142 143 144 145 146 149 150 156 157 160 164 166 171 172
10 135 139 142 143 146 152 158 160 166 168
16 133 135 136 137 143 144 146 156 162 163 166 168 169 170 172 173
15 133 136 141 147 148 149 153 159 161 162 163 167 170 171 173
24 134 135 137 138 140 141 142 143 144 148 150 151 152 154 156 158 159 163 166 168 169 170 171 173
7 139 142 146 149 160 161 164
15 133 138 140 141 142 143 149 155 157 159 162 165 169 170 172
14 138 139 141 144 145 150 151 156 159 164 169 170 171 173
5 147 150 158 166 171
17 133 136 139 145 146 147 149 153 155 157 160 161 162 164 165 167 172
8 135 154 156 157 159 161 169 170
8 146 148 153 154 162 164 169 172
16 134 140 142 143 151 153 157 159 160 162 164 166 167 168 170 173
9 134 141 150 153 163 167 168 172 173
6 134 138 148 151 159 168
9 133 134 152 153 159 162 163 165 170
6 134 138 146 151 167 173
3 156 164 172
13 135 142 146 148 149 150 152 153 161 162 165 167 171
13 134 137 138 140 144 145 150 151 154 155 157 165 169
13 137 141 148 152 155 156 157 158 160 163 165 171 172
25 134 138 139 140 141 142 145 147 148 149 150 151 152 153 154 155 157 158 159 160 161 164 165 167 171
7 141 154 155 159 161 162 172
17 134 135 136 140 143 146 147 149 152 153 157 158 160 161 167 168 172
18 134 137 139 140 142 144 145 148 151 152 154 161 163 164 165 168 171 173
17 135 138 140 144 145 146 147 148 151 152 154 160 161 162 164 165 170
19 135 136 139 140 143 144 149 150 152 153 154 156 159 160 162 163 165 167 171
10 135 138 141 146 147 155 157 158 166 167
11 140 142 144 147 149 152 153 154 155 164 172
17 135 136 139 140 142 143 145 147 149 150 153 154 159 161 164 166 170
9 137 144 145 149 151 152 155 157 159
6 133 143 156 159 162 172
12 133 135 136 139 144 146 147 156 158 163 171 172
6 134 141 144 148 154 155
15 134 137 140 143 146 147 148 149 152 153 160 163 164 166 169
10 133 137 142 148 154 155 162 163 165 166
13 136 140 141 143 144 145 151 154 156 164 166 170 172
27 133 135 136 137 139 140 141 143 147 148 149 150 151 152 153 154 157 159 163 164 166 167 168 169 171 172 173
6 138 157 158 160 168 173
9 133 134 137 139 147 155 159 163 169
14 134 138 142 144 145 146 155 156 158 160 161 162 165 170
18 133 135 136 137 141 143 145 147 148 151 152 153 155 156 157 166 170 172
7 145 148 159 162 163 168 169
14 133 136 139 140 145 150 151 156 158 160 161 165 166 173
27 133 135 137 138 140 141 142 143 145 147 148 149 150 151 153 158 159 160 162 163 164 166 167 169 171 172 173
6 146 157 168 169 170 172
8 133 138 141 142 145 158 161 173
19 133 134 135 136 138 139 140 141 142 143 156 160 161 163 165 167 168 170 173
16 133 134 137 139 140 141 142 148 150 155 162 164 165 167 171 172
13 135 136 137 139 141 143 145 158 160 163 169 170 171
17 136 138 143 144 145 146 147 149 151 152 153 158 160 163 166 168 173
11 133 146 150 156 157 161 162 165 166 167 173
22 133 137 138 139 140 147 150 152 156 158 159 160 161 162 163 165 166 167 168 170 171 172
5 139 156 157 158 169
16 134 138 140 144 150 154 158 159 162 163 165 167 168 169 171 173
8 134 137 147 148 151 155 164 166
27 134 135 137 138 141 142 143 144 146 147 148 149 152 153 154 155 157 159 162 163 164 167 168 169 170 171 172
19 133 134 136 137 139 140 141 144 146 151 153 154 157 158 161 165 166 172 173
19 134 138 142 144 147 148 149 153 154 155 156 160 161 165 166 168 169 170 173
26 133 135 136 138 139 141 142 144 145 150 151 154 155 156 157 158 159 161 162 165 167 168 170 171 172 173
13 137 138 141 145 148 149 150 152 154 155 161 165 169
5 133 144 162 168 169
7 135 136 145 148 158 164 171
19 134 137 139 144 146 147 150 151 152 153 154 156 160 161 163 166 167 168 173
15 134 137 139 144 146 150 152 153 156 160 161 163 166 167 173
9 135 136 140 143 146 149 153 158 168
5 139 142 146 149 160
2 158 171
10 138 140 143 149 155 157 159 165 170 172
5 133 138 141 142 173
8 140 141 143 144 154 156 164 170
8 136 140 145 149 153 161 166 170
5 146 157 169 170 172
9 136 149 161 162 163 167 170 171 173
4 139 140 143 172
5 139 142 146 160 164
13 134 140 142 151 153 157 159 160 162 164 166 168 173
6 133 134 152 153 162 163
11 133 136 139 149 153 155 157 160 162 164 167
11 133 137 139 140 142 148 150 162 164 165 167
8 134 137 140 143 147 148 153 163
10 133 144 147 149 150 152 153 167 168 171
8 134 143 151 157 159 164 166 173
5 135 139 143 152 158
8 133 147 148 149 161 167 171 173
11 133 134 143 144 149 153 157 158 160 163 168
7 135 154 156 157 159 161 170
9 133 136 147 149 155 161 165 167 172
4 156 157 158 169
12 139 140 143 150 152 153 154 159 162 163 165 171
3 159 162 172
10 133 135 136 144 146 147 156 163 171 172
8 137 139 140 147 152 156 170 173
11 135 136 137 139 141 143 158 160 163 169 171
8 137 141 156 157 158 160 163 165
7 138 139 140 147 156 170 173
11 138 142 144 145 146 155 156 160 161 162 165
6 137 145 149 152 155 159
13 139 141 150 151 155 156 157 159 162 167 170 171 173
15 133 134 135 136 138 140 141 143 156 160 161 163 165 167 173
13 140 141 143 148 149 153 158 159 162 163 164 167 169
4 134 141 154 155
9 134 137 138 140 144 145 150 155 157
4 147 150 158 166
10 135 142 146 148 150 153 161 162 165 167
5 133 137 147 159 169
2 156 158
8 135 139 143 146 158 160 166 168
7 138 140 148 161 167 168 173
5 145 148 158 164 171
7 137 145 149 151 152 155 157
5 134 137 147 148 166
3 154 155 172
13 136 141 142 145 146 148 151 154 155 161 162 171 172
3 141 148 154
8 135 138 146 147 155 157 158 167
6 146 153 162 164 169 172
4 147 150 158 171
22 134 138 139 141 142 145 147 148 150 151 152 154 155 157 158 159 160 161 164 165 167 171
8 135 138 140 158 161 167 168 173
5 133 139 143 146 172
5 134 141 148 154 155
8 144 145 146 147 151 154 160 161
6 138 139 147 166 170 173
11 140 143 146 147 149 152 153 160 163 166 169
10 138 141 145 148 150 152 154 155 161 165
3 139 158 169
9 135 137 140 142 157 163 164 169 173
16 135 136 139 140 143 144 149 152 153 156 160 162 163 165 167 171
9 136 142 148 155 161 164 167 171 172
5 139 142 146 149 161
13 135 139 143 144 149 152 153 154 162 163 165 167 171
11 133 134 135 136 139 143 160 161 163 165 168
18 134 135 137 141 142 143 148 150 151 152 154 156 159 163 166 168 169 170
14 133 134 135 136 138 139 141 142 143 156 163 167 168 170
5 138 157 158 160 168
5 144 149 152 155 157
2 164 172
15 134 137 139 144 146 147 151 152 153 160 161 163 166 167 168
3 158 166 171
4 138 151 159 168
5 134 138 146 151 173
9 134 139 144 152 156 157 161 165 170
9 135 137 139 140 147 152 156 166 170
7 142 147 152 153 154 155 164
6 133 137 139 147 155 159
5 136 148 156 158 165
13 135 136 137 143 144 146 156 162 168 169 170 172 173
11 136 137 139 141 143 145 158 160 163 169 171
3 157 169 170
11 141 148 152 155 156 157 158 160 163 165 171
10 140 142 147 149 153 154 159 161 164 170
11 133 139 140 145 156 158 160 161 165 166 173
9 152 155 156 157 158 160 163 165 172
3 144 168 169
10 139 142 143 144 146 149 156 160 166 171
23 134 135 137 138 141 142 143 144 146 147 148 149 152 154 155 157 159 162 164 167 169 170 172
8 146 154 155 157 161 165 168 170
13 133 134 137 139 140 141 150 162 164 165 167 171 172
10 134 138 142 145 155 156 158 160 162 165
14 135 136 140 144 149 150 152 153 154 156 159 162 163 171
3 154 159 172
14 134 135 136 140 143 146 152 153 157 160 161 167 168 172
14 138 140 144 146 147 148 151 152 154 160 162 164 165 170
9 138 144 147 154 155 156 160 165 169
5 133 134 137 163 169
7 134 139 147 155 159 163 169
11 134 137 140 146 148 149 152 153 163 164 169
10 133 135 136 139 144 146 147 156 158 163
15 135 137 141 142 143 147 149 151 153 158 163 166 167 169 173
5 134 137 155 159 163
11 133 143 144 149 150 153 157 158 159 163 168
21 133 136 137 139 140 141 143 149 151 152 153 154 157 159 163 164 166 167 169 171 173
7 138 147 148 154 167 168 169
9 136 140 143 144 151 154 164 166 170
14 135 137 146 147 148 149 154 157 162 163 168 169 170 171
5 135 136 145 158 164
8 136 139 143 151 156 160 165 170
5 138 157 158 160 173
3 139 157 158
7 137 141 148 156 157 160 171
16 134 137 139 144 146 150 151 152 153 154 160 161 163 167 168 173
6 140 142 147 149 152 155
9 134 137 140 148 149 160 164 166 169
12 134 137 140 143 146 147 148 153 160 163 164 169
20 136 139 141 142 144 145 150 151 154 157 158 159 161 162 167 168 170 171 172 173
6 134 137 139 147 155 169
5 141 167 168 172 173
11 133 140 145 150 151 156 158 160 161 166 173
15 135 136 142 143 145 147 149 150 153 154 159 161 164 166 170
4 149 150 153 170
8 135 137 138 139 140 147 152 173
9 135 141 143 147 148 151 153 156 157
9 138 144 154 158 159 165 167 171 173
7 136 139 143 148 151 160 165
12 134 140 144 150 154 158 163 165 167 168 171 173
14 133 136 140 141 144 146 153 157 158 161 165 166 172 173
14 133 135 138 140 145 147 148 153 162 166 169 171 172 173
11 135 136 143 144 146 156 163 169 170 172 173
9 134 135 140 147 153 160 161 167 168
18 134 138 140 147 148 149 150 151 152 153 154 157 159 160 164 165 167 171
10 140 143 146 147 149 152 153 164 166 169
5 133 140 143 157 172
7 137 142 148 155 162 163 166
3 157 168 172
12 134 143 151 153 157 160 164 166 167 168 170 173
5 134 138 151 159 168
19 133 137 139 147 150 152 156 158 159 160 161 162 163 165 166 167 168 170 171
21 133 135 137 138 141 142 143 145 147 149 150 153 159 160 162 163 164 166 167 171 173
9 134 140 151 157 159 160 164 166 170
8 135 138 141 146 147 157 158 167
8 134 137 145 150 155 157 165 169
3 157 158 169
16 133 137 140 147 150 156 158 159 160 161 162 165 168 170 171 172
6 142 144 147 149 152 172
10 133 136 145 146 149 157 164 165 167 172
8 135 137 141 145 160 163 169 170
6 154 157 159 161 169 170
5 137 143 159 166 171
22 135 136 137 139 141 143 147 148 149 150 151 152 153 154 157 159 163 166 168 169 171 173
9 135 137 138 139 140 152 156 166 170
22 137 138 140 141 142 143 147 148 149 150 151 153 158 159 162 163 164 166 167 171 172 173
11 134 139 142 144 145 151 154 164 168 171 173
16 135 136 139 140 143 144 150 152 153 154 156 159 162 163 165 167
5 139 142 146 161 164
10 138 139 141 150 156 159 164 169 170 173
8 135 140 146 157 163 164 169 173
13 137 139 144 146 147 151 152 153 154 156 160 166 168
5 146 148 162 169 172
8 133 134 143 144 149 157 158 169
13 133 135 136 138 140 141 143 161 163 165 167 168 170
11 134 143 149 153 157 158 159 160 163 165 169
10 138 145 146 147 149 151 152 153 163 173
3 146 151 167
8 133 156 157 161 162 166 167 173
14 137 139 146 147 150 151 153 156 160 163 166 167 168 173
9 133 135 139 144 146 147 158 163 171
3 139 142 164
9 135 136 139 142 147 153 159 161 164
5 136 145 148 158 171
4 144 148 154 155
13 136 139 144 149 150 152 153 154 156 159 160 163 171
12 143 144 149 150 153 157 158 159 160 163 168 169
14 135 136 139 142 143 145 147 149 150 153 159 164 166 170
5 145 148 162 163 168
12 134 137 143 146 147 148 149 152 153 160 164 169
6 136 139 143 151 156 170
6 133 137 162 163 165 166
5 137 144 152 155 157
23 133 135 136 137 139 140 147 148 149 150 151 152 153 154 157 159 163 166 167 168 171 172 173
12 134 136 146 152 154 155 156 157 161 165 168 170
12 134 137 146 147 148 149 152 153 160 163 164 169
16 134 138 140 142 145 147 148 149 151 153 154 159 160 161 167 171
6 136 139 143 148 165 170
11 135 138 144 146 147 152 154 162 164 165 170
7 135 146 148 161 165 167 171
7 140 148 158 161 168 169 173
10 140 143 147 148 149 152 153 160 164 166
6 148 159 162 163 168 169
16 135 136 137 141 143 145 147 148 151 152 153 156 157 166 170 172
1 164
6 135 154 156 157 159 170
12 133 141 142 143 149 155 157 159 162 165 169 172
14 134 137 139 140 142 145 148 152 154 163 164 165 168 171
6 133 138 142 145 158 173
13 133 138 140 141 142 149 155 157 159 162 165 170 172
20 134 138 139 140 141 145 147 148 149 150 152 155 158 159 160 161 164 165 167 171
6 133 134 139 155 163 169
18 134 138 140 141 142 145 149 150 151 152 153 154 155 158 161 165 167 171
4 134 137 155 169
3 138 157 158
7 137 141 148 152 155 156 160
10 154 158 162 163 165 167 168 169 171 173
3 162 163 168
11 138 140 144 145 147 148 151 154 160 164 165
7 135 142 156 160 164 167 170
13 134 138 140 144 150 158 162 165 167 168 169 171 173
14 135 137 140 142 150 151 158 159 166 168 169 170 171 173
14 133 136 139 145 146 153 155 157 160 161 162 164 165 167
5 135 149 160 164 167
4 133 156 162 172
3 148 159 169
10 137 138 141 148 150 152 154 155 161 165
17 133 134 136 137 139 140 144 146 151 153 154 157 158 161 165 166 172
4 134 153 163 172
8 133 136 137 142 143 149 166 171
23 133 135 138 140 141 142 145 147 148 149 150 151 153 158 159 162 163 164 166 167 169 171 173
13 133 139 145 146 149 157 160 161 162 164 165 167 172
11 137 141 148 155 157 158 160 163 165 171 172
7 135 136 137 145 163 169 171
10 135 136 139 144 146 147 158 163 171 172
3 150 158 166
7 139 142 143 146 152 158 160
13 135 137 143 144 146 156 162 163 166 168 169 170 173
6 137 140 147 156 166 173
9 134 138 140 144 158 163 169 171 173
10 136 137 139 141 143 158 160 169 170 171
8 136 139 143 151 156 158 160 170
12 134 137 140 143 147 148 149 152 153 160 166 169
6 144 145 149 151 152 157
13 133 136 137 141 143 145 148 152 153 157 166 170 172
6 134 152 153 159 162 170
10 133 138 141 149 157 162 165 169 170 172
21 133 137 138 140 141 143 147 148 151 153 158 159 160 162 163 164 166 167 169 171 172
2 138 147
16 133 141 148 149 150 152 153 154 157 163 164 166 167 168 172 173
9 137 148 155 157 158 160 163 171 172
7 133 143 144 150 153 159 160
5 143 146 158 160 166
2 156 164
7 133 146 150 157 161 166 167
4 137 155 157 159
6 133 134 155 159 163 169
9 134 139 148 152 163 164 165 168 171
4 133 162 168 169
18 135 137 138 140 141 142 144 150 151 152 156 159 163 168 169 170 171 173
14 134 135 136 140 143 146 147 152 153 157 158 161 167 168
13 136 137 139 141 142 145 146 149 150 157 160 164 166
4 134 144 148 154
5 149 153 154 155 164
15 133 135 137 141 143 147 148 152 153 155 156 157 166 170 172
6 133 139 140 143 146 172
8 135 136 137 139 158 169 170 171
7 135 137 138 140 146 169 173
8 135 138 140 142 146 157 164 173
17 133 136 139 145 150 154 156 157 158 159 161 162 165 167 168 171 173
9 138 141 144 145 156 169 170 171 173
9 134 135 143 153 157 160 161 167 168
10 135 136 137 139 141 143 160 163 169 170
4 133 162 168 169
9 137 142 148 151 154 163 165 168 173
7 133 138 142 143 155 159 162
11 137 138 141 145 148 149 150 152 154 155 169
5 135 159 161 169 170
14 134 137 139 142 144 145 148 151 152 154 161 164 171 173
4 139 142 146 164
16 134 139 140 145 149 151 152 154 155 157 159 160 164 165 167 171
9 136 140 144 145 151 156 164 166 170
11 142 143 151 159 160 162 164 166 167 168 170
22 133 135 137 139 140 141 148 149 150 151 152 153 154 157 159 166 167 168 169 171 172 173
7 142 156 158 160 161 162 170
10 142 147 149 154 160 161 165 166 170 173
15 137 139 141 142 143 144 145 149 156 157 160 164 166 171 172
3 136 149 153
3 147 150 158
11 134 136 144 146 154 155 156 157 165 168 170
6 142 144 147 149 155 172
4 134 141 150 167
13 135 139 143 149 152 153 154 156 159 160 162 163 167
10 133 135 136 144 146 147 156 158 163 171
3 134 141 155
9 134 137 140 146 148 149 152 164 166
14 136 137 139 141 142 143 144 146 149 150 157 160 171 172
10 134 137 140 142 144 148 154 163 168 173
8 134 138 154 162 168 169 171 173
8 133 136 137 143 149 159 166 171
15 134 138 142 144 147 148 153 154 155 156 165 166 169 170 173
14 133 134 137 139 140 141 148 150 155 162 165 167 171 172
20 134 135 137 138 141 144 147 148 149 153 154 155 157 159 162 163 164 167 168 169
6 133 139 140 143 146 172
5 133 156 161 166 167
4 138 158 160 168
23 133 134 135 136 138 139 140 141 143 145 146 148 150 155 156 157 158 160 161 164 167 168 169
23 134 135 138 139 140 142 143 144 146 147 149 151 152 155 158 159 161 163 167 168 170 171 173
22 133 134 135 137 141 142 143 145 146 148 150 152 154 155 156 157 159 160 162 164 169 173
26 133 134 135 137 139 140 141 142 143 144 145 147 151 152 153 154 155 156 158 161 166 168 170 171 172 173
21 133 134 137 139 141 144 147 148 149 150 152 154 156 162 163 164 166 168 170 172 173
19 133 135 140 141 146 147 148 152 153 160 162 163 165 166 168 169 170 171 172
15 134 135 138 141 142 144 149 152 158 159 165 168 169 172 173
20 134 136 139 147 149 151 155 156 158 159 160 161 162 164 165 166 168 171 172 173
21 133 135 136 137 139 142 144 145 146 147 148 149 150 155 159 163 165 166 167 170 171
19 133 135 136 137 139 142 143 146 147 148 149 154 155 157 159 165 166 171 172
14 136 140 148 149 151 152 155 156 157 158 163 166 167 173
13 134 137 142 143 146 150 153 155 158 160 167 169 173
17 134 135 137 138 139 142 143 145 147 148 153 158 161 162 166 167 168
21 133 134 136 137 142 147 150 151 152 156 158 159 161 162 163 164 167 168 170 171 173
15 140 141 143 146 150 153 156 158 159 160 162 164 168 169 170
27 134 138 139 140 142 143 145 147 148 151 153 154 155 156 157 158 159 161 162 163 165 167 168 169 170 171 173
20 133 135 140 142 144 145 146 149 154 155 156 157 159 161 165 166 167 168 169 172
26 133 134 136 137 138 139 141 142 143 145 146 148 150 151 154 157 158 160 163 164 167 168 169 170 171 173
21 135 136 137 138 139 142 143 146 148 150 151 152 154 155 159 161 163 166 169 171 173
25 134 135 136 137 138 139 140 143 144 145 146 147 149 151 155 158 159 160 161 163 164 167 168 171 173
12 134 135 136 141 145 148 149 150 151 162 170 171
26 133 134 135 136 142 143 144 145 146 148 149 150 153 155 158 159 160 161 163 164 165 167 169 170 171 172
24 133 134 136 138 139 141 144 147 148 149 150 151 152 154 155 156 157 162 163 165 166 167 168 170
22 133 134 137 138 139 141 142 143 146 149 150 152 153 159 161 163 164 166 169 170 171 172
16 134 135 143 145 146 150 151 152 155 157 160 162 163 165 171 173
18 134 136 137 138 143 144 146 148 151 152 155 156 157 158 159 162 167 168
24 133 135 137 138 140 141 143 146 147 148 150 152 153 156 157 159 162 163 164 168 169 170 172 173
24 133 136 137 140 141 142 146 149 150 151 152 153 154 155 156 160 161 162 163 165 167 171 172 173
26 134 137 138 139 140 141 143 145 146 147 149 150 151 153 155 156 157 162 163 164 165 167 168 170 171 173
28 134 135 136 139 140 141 143 145 146 147 149 150 152 153 154 155 156 157 158 159 160 161 163 165 166 170 171 172
23 133 134 135 136 137 138 139 141 142 145 146 149 150 152 155 156 157 158 161 162 164 167 168
17 138 140 141 142 144 145 147 149 152 155 157 158 159 162 163 164 169
18 134 137 139 140 141 144 150 152 153 156 157 160 161 164 166 170 171 173
21 133 134 139 140 144 147 151 152 154 155 156 161 163 165 166 167 168 169 171 172 173
23 133 135 136 138 140 141 144 145 147 149 151 152 153 154 155 156 157 158 159 161 166 167 168
19 133 134 135 138 139 140 142 143 144 146 148 152 155 157 159 160 161 165 169
20 133 135 138 139 141 144 145 146 147 148 149 150 151 153 154 156 160 161 167 169
22 134 135 139 140 144 147 149 150 152 156 157 158 159 160 161 164 165 166 169 171 172 173
27 134 135 136 137 138 140 142 143 144 145 147 149 152 153 154 155 156 158 159 160 161 162 164 165 166 168 169
25 137 138 140 141 142 143 149 151 152 153 154 156 157 159 162 163 164 165 166 167 168 170 171 172 173
26 133 135 136 139 140 142 143 144 145 146 149 150 151 152 153 156 157 159 160 162 163 165 168 170 171 173
18 134 136 138 142 143 144 146 147 149 150 157 159 160 162 165 167 170 172
28 134 135 136 137 139 141 145 146 148 150 151 152 153 154 156 157 159 161 162 163 164 165 166 167 168 169 170 172
18 134 139 140 141 143 145 146 147 148 151 152 153 155 156 157 158 166 168
19 135 136 137 139 140 141 142 145 148 151 152 155 158 159 164 166 168 169 171
24 133 134 135 136 140 142 146 148 150 152 156 157 158 160 161 162 164 166 168 169 170 171 172 173
14 133 136 137 140 147 150 151 152 154 156 161 163 164 171
26 133 135 136 139 140 141 142 143 145 146 147 148 149 151 152 153 158 159 161 163 164 168 170 171 172 173
24 133 134 135 139 140 142 143 144 145 146 148 150 154 158 160 161 162 164 165 166 167 169 171 173
25 133 136 137 139 140 143 144 145 146 147 149 151 152 153 154 158 159 160 161 164 167 168 169 170 172
13 133 138 146 149 150 152 156 157 160 163 164 165 173
21 139 140 142 144 148 149 153 154 155 157 158 159 160 163 165 166 167 169 170 171 172
22 133 140 141 142 143 144 149 151 152 154 155 156 157 158 159 160 161 164 167 171 172 173
17 133 134 136 137 141 142 145 147 150 151 152 157 161 162 170 171 172
17 134 135 136 139 142 143 146 147 151 155 156 159 164 167 170 171 172
19 134 138 141 142 148 149 151 152 155 156 160 161 165 166 167 170 171 172 173
17 135 136 137 143 145 146 147 148 151 154 157 158 159 166 167 171 172
26 133 135 136 137 139 140 141 143 145 146 147 148 149 150 152 155 156 161 162 163 165 167 169 171 172 173
24 134 136 138 139 141 142 145 146 147 148 149 152 153 154 156 158 159 160 161 165 166 169 170 173
24 135 138 139 140 141 143 145 146 148 151 154 155 156 157 158 159 160 161 163 164 165 167 170 172
20 133 134 135 137 138 145 147 149 150 151 155 160 162 163 165 166 170 171 172 173
17 134 137 143 145 146 148 149 155 157 159 160 163 166 167 168 171 172
27 134 135 136 137 138 140 141 143 146 148 149 151 153 154 156 157 158 159 161 163 164 165 167 168 171 172 173
17 133 136 140 142 143 145 149 150 151 152 156 160 161 164 167 170 172
22 140 141 142 143 145 147 148 149 150 151 153 155 158 159 160 161 165 167 168 171 172 173
16 135 136 138 139 140 141 146 152 153 154 155 163 165 168 169 173
23 134 135 137 139 142 143 144 147 150 151 153 154 158 159 160 161 162 164 165 166 167 172 173
21 137 138 140 141 145 146 147 149 150 151 152 153 154 155 159 165 166 169 171 172 173
18 133 135 137 140 141 143 144 145 147 149 150 152 153 155 156 158 169 171
16 133 135 136 137 139 142 144 146 148 150 152 153 158 168 170 172
28 134 135 136 137 138 139 140 142 144 146 148 151 152 155 156 157 158 159 160 161 162 163 164 165 166 167 172 173
16 134 140 141 148 150 151 152 157 159 163 164 165 168 169 170 171
14 136 140 142 143 145 146 148 149 150 156 159 160 168 171
16 136 138 142 143 146 147 151 153 156 160 162 163 164 168 170 173
25 135 136 137 139 141 142 143 144 146 147 148 149 153 154 155 156 160 161 162 163 164 167 168 172 173
23 135 137 138 142 144 145 147 150 151 152 154 156 157 158 159 163 165 167 169 170 171 172 173
12 134 136 138 139 144 146 147 148 151 157 160 162
16 133 136 137 139 141 144 147 149 153 155 158 162 163 164 170 171
25 133 134 136 138 139 140 141 142 143 145 147 150 151 152 159 160 161 162 163 166 167 168 169 171 172
25 133 134 136 137 138 139 140 142 143 144 148 150 151 152 153 155 157 158 159 160 163 164 165 168 171
23 133 135 136 137 138 141 142 145 147 151 153 156 157 159 160 161 163 167 168 169 170 171 173
25 135 136 137 139 140 141 142 144 145 147 148 150 151 152 153 156 157 158 162 163 165 167 169 171 172
23 134 136 137 138 139 140 141 142 143 144 148 149 150 151 153 155 156 159 163 168 170 172 173
15 134 135 136 141 144 145 148 151 156 157 166 167 168 170 171
19 133 135 136 137 138 141 148 154 155 157 158 161 164 165 166 167 169 171 173
24 135 136 138 140 144 145 146 148 149 151 152 153 157 158 161 163 164 165 167 168 169 170 172 173
27 133 136 140 143 146 147 148 149 150 153 154 155 156 157 158 159 161 162 163 164 165 166 167 168 169 170 171
18 133 136 139 142 144 145 146 148 149 151 153 154 158 160 162 165 168 169
16 141 143 144 146 147 148 151 157 161 162 164 165 166 169 171 173
21 134 138 141 142 144 145 148 149 150 152 153 154 156 158 159 160 161 166 168 170 173
14 133 135 136 138 139 140 145 147 149 159 160 165 169 172
24 134 136 137 138 140 141 143 144 146 150 151 152 154 155 158 159 161 163 166 168 169 170 171 173
17 134 135 136 138 140 143 144 149 150 151 159 161 162 163 166 170 172
16 134 135 136 142 143 147 149 150 155 157 158 159 162 165 166 169
19 134 137 140 142 143 145 146 147 150 151 156 157 161 162 163 164 168 170 172
13 133 134 142 143 144 145 148 154 155 159 160 168 173
20 133 134 136 137 139 141 143 146 150 152 155 158 159 162 163 165 166 168 169 173
14 134 139 146 148 151 152 154 157 160 162 163 169 170 171
14 133 142 147 149 150 151 163 164 165 166 167 168 169 171
20 134 135 138 143 144 145 146 147 151 152 153 154 155 160 162 165 166 171 172 173
26 133 137 138 139 140 144 145 146 147 148 150 151 152 156 157 159 160 162 164 166 167 168 169 170 172 173
24 133 134 135 137 138 139 141 142 144 147 149 150 151 154 157 158 159 160 161 163 170 171 172 173
19 135 138 139 140 142 143 150 151 153 157 158 159 160 163 164 165 166 170 173
13 133 134 146 147 151 155 157 158 161 163 165 169 171
22 134 136 137 138 139 144 146 147 149 151 152 153 154 156 161 162 164 169 170 171 172 173
18 133 134 135 138 139 142 145 146 147 148 150 154 156 158 159 160 162 169
12 135 139 142 144 145 153 154 155 160 163 166 169
21 139 140 141 148 149 150 151 152 154 155 156 157 160 161 163 164 166 167 168 169 170
18 133 134 135 138 142 144 145 146 148 151 152 153 155 157 161 167 169 170
17 137 138 139 142 148 150 151 153 161 164 165 166 167 169 171 172 173
26 133 134 136 137 138 139 141 142 145 147 148 149 150 155 156 157 158 159 162 163 164 166 167 168 169 173
16 134 135 136 137 138 145 153 155 158 159 164 167 168 169 170 173
17 134 135 136 137 139 142 143 144 147 148 152 153 155 160 165 167 171
20 134 137 138 141 143 146 148 149 152 153 158 160 161 162 163 166 170 171 172 173
17 133 135 137 138 140 143 147 148 149 151 158 160 162 164 165 171 172
14 133 134 136 137 146 148 153 155 157 160 161 162 165 168
22 133 135 136 137 140 141 143 146 148 150 152 153 154 157 159 160 162 165 166 167 168 169
21 134 135 136 137 138 142 143 145 151 153 154 157 159 160 162 164 167 169 170 171 173
19 135 136 137 138 142 145 146 147 149 150 152 154 155 156 160 161 166 169 171
16 134 139 140 144 146 149 159 160 163 164 165 166 168 169 171 173
19 133 134 138 142 143 144 146 149 150 153 154 157 158 161 162 164 167 169 170
28 133 134 136 137 138 139 141 143 144 146 147 148 149 150 152 153 157 158 159 162 165 166 167 169 170 171 172 173
15 133 134 135 143 144 147 153 155 157 161 163 166 170 171 173
21 133 136 140 142 143 144 145 146 147 148 150 153 155 156 159 160 162 165 167 169 171
17 134 138 139 142 143 144 145 146 148 151 152 154 155 158 159 170 171
23 134 136 137 139 141 146 148 149 150 152 153 154 156 158 159 162 163 166 167 169 170 171 173
28 133 136 137 139 140 142 144 145 146 147 149 151 155 156 157 158 159 161 163 165 166 167 168 169 170 171 172 173
12 133 143 144 148 150 153 154 155 157 163 166 173
24 134 135 139 142 143 144 147 148 149 153 154 158 159 161 162 163 164 167 168 169 170 171 172 173
19 133 136 138 139 141 142 144 146 147 148 149 151 152 156 158 165 166 170 171
23 134 135 136 138 142 143 147 148 149 151 152 153 154 156 159 162 163 166 167 168 169 171 172
23 134 136 137 138 140 143 144 145 147 149 151 152 153 155 156 160 163 166 167 168 170 171 172
23 134 136 137 139 141 142 143 145 146 147 148 152 153 157 158 160 163 164 166 167 170 172 173
15 133 134 135 136 137 142 147 148 151 156 162 164 167 170 172
18 136 137 138 139 141 145 146 147 150 151 153 154 157 158 160 164 165 168
20 133 134 135 140 142 143 144 145 146 149 152 156 158 161 164 168 169 170 172 173
18 135 136 137 138 143 146 147 149 150 153 154 160 162 167 168 169 170 173
23 134 135 137 138 141 143 144 145 147 148 149 150 151 153 154 156 157 159 160 161 170 171 173
20 133 134 135 139 141 142 143 145 146 147 155 156 157 158 159 162 164 166 169 173
22 134 135 136 137 138 139 143 147 149 150 152 153 154 155 156 157 165 166 168 171 172 173
27 133 134 135 136 139 140 141 142 145 148 150 151 153 155 156 157 158 159 160 161 162 164 166 170 171 172 173
18 134 135 136 138 143 147 150 152 154 158 160 163 164 165 168 169 172 173
14 134 135 137 144 145 149 151 154 156 157 160 169 171 173
22 134 136 138 139 140 143 145 148 149 154 155 156 157 161 162 163 164 165 168 170 172 173
27 133 134 135 136 137 138 139 140 141 142 144 146 150 153 154 156 158 159 160 162 163 165 166 167 168 170 173
28 133 135 136 137 139 140 141 142 143 145 147 149 151 152 153 154 155 156 157 158 164 166 167 168 169 170 171 172
21 133 135 136 137 139 140 142 143 145 150 153 154 158 160 161 165 166 167 168 171 172
15 133 134 135 139 140 142 146 152 154 163 164 167 170 172 173
22 135 136 138 144 145 146 147 148 151 153 154 155 156 160 161 163 164 165 166 167 168 169
20 133 136 138 143 144 145 147 148 149 150 151 156 161 164 165 167 168 169 171 172
20 133 134 135 136 139 140 142 144 145 150 151 154 155 163 164 165 170 171 172 173
26 137 139 142 143 144 145 146 148 149 150 151 152 153 155 156 158 159 160 163 164 166 167 169 170 172 173
22 133 134 135 138 139 140 141 143 145 149 151 152 153 155 156 157 158 159 161 168 169 173
22 135 136 139 141 142 144 145 150 151 152 154 156 158 160 161 164 165 167 168 169 171 172
27 133 134 135 137 138 140 141 143 144 145 146 148 149 151 155 156 157 158 160 162 164 165 166 167 168 170 173
25 133 134 135 137 141 142 144 145 148 149 150 151 152 154 157 158 159 161 163 166 167 168 171 172 173
20 133 134 135 136 139 142 143 144 147 148 150 152 154 157 158 159 160 161 162 171
24 133 135 136 139 141 142 144 148 153 155 156 157 158 160 163 164 165 166 167 168 169 170 171 172
25 133 138 139 140 141 142 143 145 146 148 150 151 152 153 155 156 157 159 166 167 168 169 170 171 172
24 133 134 136 137 142 143 145 148 149 150 152 153 154 158 159 160 161 163 164 168 169 170 171 172
20 133 137 138 140 145 146 147 151 152 155 156 157 158 160 161 163 167 171 172 173
15 133 134 136 138 143 146 152 153 155 161 164 165 169 170 172
22 135 136 137 138 144 146 147 149 150 151 153 155 157 159 162 163 164 165 166 167 172 173
24 135 137 138 139 141 142 143 144 147 150 151 153 155 156 158 159 160 163 167 168 169 170 172 173
24 133 134 138 140 141 142 143 148 149 151 152 153 154 156 157 158 163 164 165 166 167 169 170 171
15 133 135 137 142 143 147 148 150 155 156 159 160 164 168 169
28 133 135 136 138 139 140 141 142 143 147 148 150 151 153 155 156 157 159 160 161 162 163 165 166 168 169 170 173
24 133 134 135 137 140 142 143 144 145 146 147 149 153 154 155 156 158 161 162 164 165 166 167 171
19 133 134 135 138 139 140 142 144 145 150 160 161 163 164 165 167 168 169 171
14 134 139 145 149 150 152 155 159 160 162 163 165 172 173
19 133 137 138 144 145 146 147 148 149 155 156 159 161 164 165 166 167 170 173
21 142 143 147 148 152 153 154 155 157 158 159 161 162 163 164 165 167 168 169 170 171
25 133 134 135 136 138 140 141 142 145 147 148 149 150 151 153 154 158 159 161 162 163 166 168 169 172
23 134 135 139 140 142 143 145 146 148 149 153 155 156 157 161 163 165 167 168 169 170 172 173
17 133 134 135 137 140 145 146 147 151 155 156 157 158 160 161 165 168
24 135 137 138 139 140 142 146 147 148 150 151 153 155 156 157 159 160 161 163 165 167 168 170 173
20 135 136 137 140 141 142 146 147 150 151 153 155 156 157 158 161 162 164 165 166
15 133 137 138 139 140 144 146 154 156 158 159 162 164 165 173
25 134 136 138 139 140 141 142 144 145 147 148 149 151 154 155 156 159 161 162 164 165 166 170 172 173
17 133 137 140 142 144 146 148 150 153 154 156 158 159 162 164 169 170
25 133 134 136 139 141 142 144 146 148 150 151 152 153 154 156 157 158 159 160 161 162 168 170 171 173
27 133 135 136 137 138 140 142 143 146 147 149 151 153 154 157 158 159 160 162 163 164 167 168 169 170 172 173
20 135 136 141 144 145 148 149 150 152 154 156 159 161 163 166 167 169 171 172 173
25 133 135 136 140 141 142 143 144 145 147 150 152 153 155 156 157 159 161 162 164 165 166 169 170 171
22 134 135 136 137 138 139 141 143 145 149 150 151 152 154 159 160 163 166 167 169 170 173
26 134 135 136 138 139 141 142 144 145 146 147 149 150 151 153 154 156 157 158 159 161 162 164 167 171 172
16 133 136 137 139 142 144 145 151 154 155 157 163 168 170 171 172
21 133 135 136 138 141 142 143 144 146 149 154 155 156 158 162 163 164 165 169 170 173
19 133 146 149 153 154 155 156 157 159 161 163 164 165 167 168 169 170 171 172
16 135 137 138 140 142 144 145 150 153 155 157 158 159 161 165 172
24 134 137 139 140 141 144 145 146 148 150 151 154 157 159 160 161 162 163 164 166 168 170 171 173
23 135 136 137 139 145 148 150 152 154 155 156 158 159 161 162 165 166 168 169 170 171 172 173
20 137 139 140 141 143 145 146 147 149 150 151 152 154 159 163 165 166 168 170 173
14 135 137 138 142 144 146 150 153 155 160 164 165 167 171
15 137 141 142 146 148 150 151 154 156 158 161 167 168 170 171
27 133 134 136 140 142 143 144 145 146 147 148 149 150 151 152 153 154 157 159 160 163 164 165 166 169 170 172
18 134 135 141 142 144 147 150 151 152 157 159 161 162 163 165 166 169 170
14 133 135 137 141 143 144 148 149 151 154 155 166 167 170
28 134 136 137 139 140 141 142 143 144 145 146 151 155 156 157 158 159 160 161 162 163 164 168 169 170 171 172 173
22 133 134 135 140 144 145 147 150 151 152 153 154 155 160 161 164 165 168 169 170 171 173
13 133 140 142 148 149 150 154 157 158 162 168 170 171
27 135 136 137 138 141 143 144 147 148 149 150 152 155 156 157 158 159 161 162 163 164 167 168 169 170 171 172
21 139 140 141 142 144 145 146 147 148 152 154 155 156 157 159 161 162 164 167 171 172
25 135 136 138 139 141 142 143 146 147 148 149 150 152 153 155 156 157 159 161 163 165 166 170 171 172
18 134 135 140 141 142 143 145 146 147 149 151 157 160 162 164 167 169 173
21 133 135 136 137 140 143 144 146 149 150 151 152 153 159 160 164 165 168 169 170 173
21 133 137 140 141 142 145 146 151 152 153 157 159 161 162 164 165 166 168 169 171 173
21 133 134 138 142 145 146 147 148 150 151 153 154 158 160 162 163 164 165 170 171 173
12 133 135 143 146 149 150 151 153 156 164 166 173
21 136 137 138 141 143 144 146 149 154 157 159 160 164 165 166 167 168 169 170 171 172
20 133 138 139 141 148 150 153 154 156 158 160 161 163 165 166 168 169 170 171 172
25 134 137 140 142 143 144 146 149 150 151 152 153 156 158 159 161 162 163 164 167 168 169 170 171 173
15 134 136 138 140 141 142 147 149 152 158 159 160 167 169 170
18 133 136 137 139 140 150 153 155 156 162 163 165 166 167 168 169 172 173
21 133 134 139 140 141 146 147 151 152 155 156 157 161 162 164 165 166 168 169 171 172
25 133 136 137 140 141 142 143 144 146 149 150 151 153 154 155 157 158 159 160 161 162 163 167 169 170
15 134 135 136 138 145 147 148 152 154 155 159 161 164 170 171
12 137 140 143 145 146 147 150 154 156 160 161 168
12 135 138 141 142 146 148 149 156 160 168 169 172
24 133 135 137 138 139 141 144 145 146 148 149 150 151 153 156 159 160 162 164 165 166 168 169 171
20 134 137 139 141 142 143 144 145 148 150 156 158 159 161 162 163 164 166 170 171
18 135 136 137 140 141 144 146 147 148 151 155 158 161 163 167 168 169 173
26 133 136 138 139 142 143 144 145 146 147 148 149 150 151 152 153 155 157 160 162 165 166 168 169 170 171
25 133 136 137 140 143 145 146 148 149 150 154 155 156 157 158 159 160 162 163 164 165 166 167 171 172
12 133 135 137 139 142 150 154 163 166 168 171 172
15 137 138 141 143 147 148 150 151 157 158 160 165 169 171 172
27 133 134 135 136 138 139 140 141 142 146 147 148 151 152 153 154 155 157 158 159 160 162 164 165 168 171 172
16 133 135 142 145 150 152 153 154 156 157 160 162 163 166 167 173
26 133 135 136 137 138 139 142 143 144 145 147 148 150 151 152 153 156 158 159 162 163 164 165 168 171 172
27 134 135 136 138 140 141 142 144 145 146 147 148 149 151 152 154 155 156 158 159 162 163 165 166 167 170 173
15 133 138 141 146 149 150 151 152 154 155 160 167 169 170 173
20 135 137 138 139 140 141 142 144 145 146 150 153 159 160 164 165 166 167 168 172
23 133 134 136 137 138 140 141 142 147 152 153 156 157 158 159 161 162 166 167 168 169 170 172
23 133 135 139 141 143 144 145 146 148 153 154 155 156 157 159 161 164 166 167 168 169 170 173
15 134 136 142 143 148 152 156 157 161 164 165 166 167 169 173
17 136 137 138 140 141 142 143 148 151 152 155 161 162 168 169 170 171
18 136 144 145 147 149 151 152 154 156 158 160 161 166 167 168 170 172 173
17 133 134 136 149 150 151 152 155 157 159 160 161 162 163 166 168 171
21 136 139 140 142 143 146 147 148 149 152 153 154 155 157 161 163 164 167 168 170 172
22 134 135 136 137 140 142 143 144 145 147 149 151 153 155 158 160 161 163 164 166 170 172
12 139 140 143 146 150 154 155 157 162 164 169 173
16 133 137 138 139 140 142 147 149 153 154 155 160 163 164 165 171
16 135 137 139 141 142 146 148 149 151 155 160 164 166 168 169 172
24 133 139 141 145 147 149 150 152 153 155 157 158 159 161 162 163 164 165 166 167 168 169 172 173
27 133 135 136 138 139 140 141 143 145 146 147 148 149 150 153 155 156 159 160 161 162 164 165 168 170 172 173
26 134 135 136 137 138 139 141 142 145 149 150 151 152 154 156 159 160 161 162 163 164 165 168 170 171 172
28 134 135 137 141 145 146 148 149 150 151 152 153 154 155 156 157 158 160 161 162 163 164 165 166 169 170 172 173
17 135 138 139 142 143 146 147 151 152 153 154 155 161 163 164 170 172
18 140 142 144 147 148 149 153 154 156 157 158 160 161 162 164 167 171 173
17 133 135 137 139 140 142 143 148 150 153 161 164 166 167 169 170 173
13 133 135 137 138 139 144 147 148 154 159 160 171 173
17 133 137 139 140 143 148 149 151 152 157 158 161 163 164 166 167 168
19 134 138 141 142 145 148 150 151 152 154 156 159 164 165 168 169 171 172 173
13 133 134 142 146 149 153 154 156 166 168 170 172 173
16 135 136 137 138 139 141 150 152 159 161 162 163 165 169 171 172
23 135 138 139 140 142 144 146 147 149 151 154 155 157 158 159 162 163 165 167 168 170 171 173
20 134 136 137 138 139 140 143 144 145 146 149 152 154 155 160 166 169 170 171 172
25 134 135 136 137 138 140 141 146 148 149 150 151 153 155 156 157 158 159 160 161 162 165 167 169 171
27 133 137 138 139 140 142 143 144 145 146 147 151 153 154 155 158 159 162 164 165 166 167 168 170 171 172 173
14 133 136 143 148 152 153 154 156 158 163 169 170 171 173
12 133 139 142 143 147 154 155 156 160 163 168 172
25 133 134 135 137 138 139 144 146 149 150 152 153 154 155 157 158 159 160 161 163 165 166 169 170 172
21 134 136 137 139 141 142 150 151 152 153 156 157 160 161 163 165 168 169 170 171 173
23 134 136 139 141 142 144 146 147 148 150 152 153 154 156 157 159 160 161 162 166 168 169 173
13 134 136 137 139 144 147 148 149 151 153 165 170 172
15 133 134 137 138 141 144 145 150 152 154 155 156 159 164 169
17 135 137 138 141 142 147 148 150 153 154 155 158 159 167 168 169 170
13 140 141 144 147 154 155 157 159 161 163 167 169 171
27 133 134 135 137 139 140 141 143 147 149 152 153 154 155 156 157 158 159 160 161 162 164 166 167 168 170 173
20 133 134 140 141 144 145 146 151 152 153 154 158 160 163 167 168 169 171 172 173
27 133 134 137 138 140 142 143 144 147 148 150 151 153 155 158 159 161 162 163 164 165 167 168 169 170 172 173
21 134 135 138 139 140 142 144 145 146 147 148 150 152 154 156 157 160 163 168 169 171
19 135 137 138 140 141 142 143 144 149 150 151 157 162 163 164 166 167 170 171
18 133 135 136 137 139 140 142 145 149 151 152 154 155 157 160 164 168 170
13 133 135 138 142 145 151 153 155 160 162 164 167 170
16 134 135 136 138 141 143 144 147 152 160 162 165 168 169 171 172
20 136 137 139 140 141 142 143 145 150 151 152 159 160 161 162 166 167 171 172 173
26 135 137 138 139 140 141 142 143 144 145 146 147 149 154 155 156 160 161 162 163 167 168 169 170 172 173
25 133 134 135 136 138 142 143 144 145 147 148 150 153 154 155 157 160 161 162 165 167 168 171 172 173
20 133 134 135 136 138 139 141 142 143 144 146 147 149 154 155 156 157 159 164 173
21 133 134 135 136 137 139 140 141 145 146 150 152 154 158 159 160 166 167 168 169 170
18 133 135 136 144 150 151 153 156 158 159 162 164 165 167 168 169 171 172
26 135 138 141 142 144 146 147 148 149 150 151 152 153 154 155 157 159 160 161 162 166 167 168 169 170 172
14 134 139 146 148 149 150 152 153 154 159 165 166 167 173
23 136 138 139 141 142 143 147 148 149 151 152 153 157 158 159 161 162 165 166 167 170 171 173
21 134 135 137 139 141 144 146 149 153 154 155 156 157 158 159 160 163 165 166 168 169
15 133 137 141 142 143 145 154 155 156 158 160 162 168 172 173
26 134 135 137 138 140 141 142 145 146 147 148 149 151 152 155 156 159 160 161 164 166 167 168 169 171 173
12 133 134 141 143 145 150 157 159 164 167 168 169
22 134 135 137 138 139 141 142 144 145 149 150 152 153 154 155 158 160 162 163 166 169 173
19 136 137 138 140 144 145 146 147 148 150 151 153 155 159 167 170 171 172 173
22 135 137 139 142 145 146 147 148 149 150 152 153 155 157 158 162 163 164 165 168 169 172
16 133 137 138 139 149 150 152 154 155 157 162 163 166 167 170 173
20 134 136 137 138 140 142 143 145 148 150 151 152 154 158 159 161 165 169 171 173
12 136 137 138 143 147 149 153 161 163 166 167 172
16 134 135 140 142 143 144 148 152 153 157 159 161 163 164 168 172
25 135 137 139 140 141 144 145 146 148 150 151 153 154 156 157 158 159 161 163 164 165 166 167 168 169
19 134 136 137 142 143 147 149 150 156 160 161 162 163 165 166 167 168 169 171
28 174 175 176 178 179 180 182 184 185 188 189 191 193 194 195 196 199 201 202 203 205 206 209 210 211 212 214 215
14 176 180 181 183 185 187 189 195 196 200 201 206 207 215
10 178 181 183 185 187 190 192 196 200 206
14 178 181 182 184 188 193 194 196 200 201 205 212 214 216
11 176 177 181 190 192 193 199 200 205 213 215
13 176 177 178 186 188 198 202 203 205 209 211 212 214
16 174 176 177 179 185 189 191 195 197 203 204 206 209 210 211 213
4 188 193 194 198
10 185 186 189 196 198 202 203 205 208 209
7 179 195 196 202 205 207 216
13 179 187 193 194 197 200 206 207 208 213 214 216 217
10 179 183 191 200 205 206 207 210 211 217
19 176 177 178 179 180 181 184 186 187 190 196 198 200 202 203 206 210 211 215
20 177 178 179 180 181 182 183 185 186 187 188 190 191 192 195 204 207 208 212 213
23 175 178 179 180 181 186 187 188 190 191 192 193 198 199 202 207 208 209 212 213 214 215 216
16 175 177 178 181 182 185 189 193 198 200 201 204 209 212 213 215
17 175 176 178 182 183 184 185 186 188 197 201 206 210 213 214 215 216
10 176 180 181 183 184 185 204 206 209 215
10 175 178 181 185 195 201 202 204 208 213
9 183 186 192 199 202 207 208 215 217
4 181 196 199 202
14 177 180 181 187 188 193 195 197 204 206 213 214 215 216
33 174 175 178 179 180 182 183 184 185 186 187 188 189 191 194 195 196 197 198 201 202 203 204 206 207 208 209 210 211 212 214 216 217
8 180 182 187 190 194 206 210 215
5 175 180 187 190 198
12 174 175 177 178 197 203 204 205 212 214 216 217
15 176 178 181 187 188 189 192 193 196 197 202 204 213 215 216
27 174 177 179 180 181 187 189 190 191 192 193 194 195 196 198 199 200 202 203 204 205 207 208 209 211 212 217
12 176 180 186 187 190 191 192 194 197 210 211 214
20 174 175 179 182 184 185 188 189 193 194 198 199 200 203 204 206 209 211 214 217
16 174 175 183 185 189 191 193 194 195 197 199 201 205 208 212 213
13 174 176 182 183 184 185 194 196 200 204 210 211 217
8 174 177 183 201 202 206 212 215
15 174 175 180 182 183 187 188 196 198 199 203 204 210 215 216
14 174 175 177 186 187 188 192 193 198 200 202 203 204 207
17 176 178 180 181 182 185 186 189 190 193 195 202 203 205 207 213 217
18 176 178 179 182 185 186 189 191 194 195 199 204 207 208 210 211 214 216
19 174 175 177 180 182 184 185 186 190 194 195 198 199 201 203 208 209 212 214
24 175 176 177 178 181 183 184 185 187 188 190 191 197 198 199 200 201 202 204 206 207 208 211 212
22 174 177 180 184 185 188 190 192 193 194 195 196 204 206 208 209 210 211 213 214 215 216
21 174 175 176 178 183 184 185 186 188 189 190 191 195 198 201 203 204 205 210 212 215
14 174 177 183 184 187 188 192 194 200 204 206 208 209 212
6 183 186 189 198 199 203
13 174 176 183 189 192 193 196 197 199 205 207 214 216
10 174 175 176 178 179 183 191 199 212 217
8 177 189 195 197 201 203 205 206
6 182 191 201 208 210 216
20 174 177 180 183 184 185 186 188 191 193 195 196 199 200 206 207 211 214 215 217
23 176 179 186 187 188 189 190 191 192 196 197 198 201 204 205 206 207 208 211 212 213 215 216
19 176 177 179 181 189 190 192 194 195 201 205 206 208 209 211 212 213 214 217
9 174 183 184 188 199 203 206 208 217
20 174 179 180 182 186 189 192 193 194 195 196 203 205 209 210 213 214 215 216 217
24 174 175 176 184 189 193 194 196 197 198 199 200 201 202 203 205 206 209 210 211 214 215 216 217
11 178 180 181 185 189 195 196 199 205 209 211
6 177 180 182 192 209 211
24 175 176 178 179 181 182 187 189 190 192 194 197 198 201 202 203 204 205 208 209 210 212 213 216
13 176 179 183 184 190 194 197 206 212 213 214 215 217
21 174 175 177 178 180 181 182 183 184 185 193 194 195 199 200 202 203 209 210 214 217
9 175 176 178 182 187 191 201 205 212
17 177 178 187 189 190 191 192 197 199 201 202 203 205 208 213 216 217
10 182 184 190 192 194 200 201 207 210 211
24 176 177 178 180 181 183 186 187 190 191 192 195 196 197 201 202 205 207 208 210 212 213 215 216
9 182 188 192 204 207 209 214 216 217
17 174 175 179 182 186 188 193 194 195 196 198 200 207 210 211 212 214
18 175 180 181 184 187 188 190 192 193 196 197 198 200 203 205 209 213 217
13 177 179 184 186 188 191 198 200 203 209 211 212 217
34 174 175 176 177 179 180 182 184 186 188 189 191 193 194 195 197 198 199 201 202 203 204 205 207 208 209 210 211 212 213 214 215 216 217
31 174 175 179 180 181 182 183 184 185 187 189 190 191 192 193 194 195 196 197 199 200 201 204 206 207 208 210 213 215 216 217
10 178 184 185 186 191 193 197 200 202 207
14 179 182 184 186 190 191 192 199 202 208 209 210 211 213
16 177 181 183 186 187 190 192 197 198 200 204 207 208 213 216 217
13 175 179 191 196 197 198 199 201 210 211 214 215 216
7 179 181 197 200 202 207 217
7 180 190 191 192 194 210 214
5 182 191 201 208 210
7 183 184 188 203 206 208 217
8 176 186 187 191 192 194 210 214
7 178 181 183 185 187 196 206
13 180 182 186 189 193 194 195 205 209 210 213 215 216
4 192 207 209 216
7 174 177 203 204 212 214 217
14 176 179 185 186 189 191 195 199 204 207 208 211 214 216
11 174 180 183 184 185 191 193 195 196 211 217
6 186 192 199 202 207 208
12 179 182 193 194 195 196 203 210 213 215 216 217
12 176 178 180 181 186 187 190 200 202 210 211 215
27 175 176 177 179 180 182 184 186 188 189 191 193 194 195 198 201 202 203 204 207 208 209 210 211 212 215 216
11 175 191 196 197 198 199 201 210 214 215 216
4 182 192 214 216
6 182 188 204 209 214 217
7 184 192 199 208 210 211 213
10 174 176 183 184 194 200 204 210 211 217
15 175 180 181 184 190 192 193 196 197 198 200 203 205 209 213
8 176 183 192 196 197 207 214 216
12 179 182 184 186 190 191 199 202 208 209 210 213
9 179 187 193 197 207 208 213 214 217
10 174 183 185 188 191 195 199 207 214 217
20 175 178 179 182 183 184 185 186 187 189 191 194 195 201 202 206 208 212 214 217
11 177 178 189 198 200 201 204 209 212 213 215
8 177 178 186 198 202 205 212 214
13 176 178 181 187 189 192 198 201 202 204 205 208 209
18 177 178 181 183 185 187 188 190 191 197 198 201 202 206 207 208 211 212
8 174 183 192 193 196 199 207 214
5 174 177 201 206 215
7 176 184 194 197 206 214 217
2 188 194
9 181 182 189 193 198 200 212 213 215
3 189 199 203
5 184 190 200 201 210
8 176 183 189 199 205 207 214 216
14 176 178 179 182 187 190 192 194 198 202 203 209 213 216
12 176 187 189 192 193 196 197 202 204 213 215 216
7 182 188 204 209 214 216 217
10 176 180 186 187 190 192 194 197 210 211
13 176 178 181 188 189 192 193 197 202 204 213 215 216
12 174 179 186 189 193 194 196 209 213 214 215 216
5 174 178 199 212 217
8 174 189 191 199 201 205 208 212
5 200 205 207 210 211
17 174 177 180 183 184 185 186 188 191 195 200 206 207 211 214 215 217
9 180 181 183 187 189 195 196 200 201
16 176 179 187 189 190 191 192 196 197 198 204 206 207 208 211 216
13 174 183 185 189 191 193 194 195 199 201 205 212 213
6 176 178 186 188 205 214
8 178 181 184 188 194 196 200 216
15 175 179 181 187 191 192 198 202 208 209 212 213 214 215 216
12 175 176 178 182 185 186 197 206 210 213 214 216
16 175 178 179 182 190 192 194 198 201 203 204 205 209 212 213 216
17 174 175 177 178 180 181 182 183 193 194 195 200 202 203 209 214 217
11 174 178 183 184 189 190 191 198 203 210 212
10 176 179 185 195 203 204 206 209 211 213
17 174 177 184 185 188 192 193 195 196 204 209 210 211 213 214 215 216
17 174 175 179 182 184 185 188 189 193 199 203 204 206 209 211 214 217
18 174 175 178 183 184 185 186 189 190 191 195 198 201 203 204 210 212 215
5 186 202 207 215 217
14 177 179 180 186 190 196 198 200 202 203 206 210 211 215
6 186 192 199 202 208 215
12 174 177 183 184 188 192 200 204 206 208 209 212
5 176 190 193 200 213
12 177 181 187 188 193 195 197 204 206 213 215 216
12 174 175 180 182 183 187 198 203 204 210 215 216
8 181 190 192 193 200 205 213 215
2 181 202
15 176 177 179 189 190 192 195 201 205 206 209 211 212 213 217
4 183 198 199 203
9 183 191 193 194 195 197 199 205 208
11 174 175 183 185 193 194 195 197 199 205 213
4 177 182 192 211
6 188 199 203 206 208 217
7 174 183 184 199 203 208 217
13 175 180 181 186 187 191 198 202 209 213 214 215 216
15 176 177 178 179 181 184 186 187 196 198 200 202 203 210 211
18 174 176 178 183 184 185 186 188 189 190 191 195 198 201 203 205 210 215
13 174 177 184 185 186 188 191 193 195 196 199 211 214
21 174 179 180 182 183 184 185 186 187 188 191 194 197 198 203 206 207 209 214 216 217
8 177 181 187 190 192 200 204 213
16 176 179 181 189 190 192 194 201 206 208 209 211 212 213 214 217
8 176 179 184 197 212 213 214 215
10 180 182 187 188 196 199 203 204 210 215
7 174 175 176 179 191 199 217
7 174 176 183 189 196 197 205
6 179 181 197 200 207 217
14 176 178 179 186 189 191 194 195 199 204 207 208 214 216
16 178 179 180 181 182 183 185 186 187 190 191 192 204 207 208 212
4 197 200 202 217
12 180 181 184 188 190 192 193 197 203 205 213 217
3 186 199 203
21 176 178 180 181 183 187 190 191 192 195 196 197 201 205 207 208 210 212 213 215 216
12 177 180 181 187 188 193 197 204 206 213 215 216
13 174 175 179 185 188 189 193 200 203 206 209 211 217
4 189 201 203 206
5 176 182 187 205 212
2 181 202
17 174 177 180 183 184 185 186 191 193 195 200 206 207 211 214 215 217
12 177 178 187 191 192 197 199 203 205 208 216 217
4 174 201 206 215
3 187 190 198
11 176 187 189 190 191 196 197 198 201 211 213
5 186 196 198 203 205
3 191 201 208
15 177 178 179 180 181 185 187 188 191 192 204 207 208 212 213
13 175 177 181 185 193 198 200 201 204 209 212 213 215
13 174 175 179 186 188 193 195 198 200 207 210 211 212
11 183 186 187 190 192 200 204 208 213 216 217
8 174 175 183 191 193 197 205 208
11 174 176 183 189 192 193 196 197 199 205 216
8 177 183 192 194 204 206 209 212
9 176 183 184 185 194 196 200 210 217
4 177 182 192 211
14 176 178 180 181 185 186 189 190 193 202 203 205 207 217
11 176 178 187 188 192 196 202 204 213 215 216
17 174 177 179 180 181 187 189 193 194 195 196 198 204 205 207 209 212
6 176 180 184 204 206 215
13 177 179 181 189 190 192 194 195 206 208 209 213 217
4 174 188 206 217
11 178 182 184 188 193 194 200 201 205 212 216
7 176 179 183 194 206 212 215
4 177 182 209 211
15 176 179 187 189 190 191 192 197 198 201 204 206 207 215 216
3 182 201 208
5 177 181 192 199 205
15 174 175 180 182 184 185 194 195 198 199 201 203 208 209 214
12 177 180 181 187 188 193 195 204 213 214 215 216
13 176 178 179 185 189 191 195 199 204 207 208 210 211
12 174 175 180 182 183 187 196 198 203 210 215 216
11 174 175 177 178 181 184 195 202 203 209 217
6 178 181 183 185 187 200
14 174 180 184 185 186 194 195 198 201 203 208 209 212 214
3 175 180 190
27 174 175 178 179 182 184 185 186 187 188 191 194 195 196 197 198 201 202 204 206 209 210 211 212 214 216 217
12 178 181 182 184 188 193 194 196 200 201 205 214
5 176 187 201 205 212
6 183 184 188 206 208 217
10 177 189 190 191 197 199 202 203 216 217
19 176 177 178 181 183 186 187 190 191 192 197 201 205 207 208 210 213 215 216
7 174 183 188 200 204 206 208
13 175 177 180 182 184 185 186 194 198 199 203 208 214
4 192 202 207 208
19 177 180 184 185 188 190 192 194 195 196 204 206 209 210 211 213 214 215 216
18 176 179 186 187 188 189 191 192 197 198 204 205 207 208 211 212 213 215
2 199 202
14 174 175 182 186 188 193 194 196 198 200 207 210 211 214
6 176 179 197 206 213 215
3 179 202 217
7 182 183 185 194 204 210 211
6 181 184 185 206 209 215
16 176 184 189 193 194 197 199 200 201 202 203 205 206 209 210 216
12 174 175 180 186 190 194 195 198 199 203 212 214
12 176 177 178 180 181 184 187 196 198 200 203 206
3 181 197 217
12 176 178 179 186 189 191 194 195 199 204 211 216
10 176 178 186 198 202 205 209 211 212 214
5 183 201 202 206 215
7 175 191 196 198 201 211 215
5 189 197 203 205 206
4 177 189 195 201
11 179 182 184 191 192 199 202 209 210 211 213
3 179 181 207
7 179 187 193 200 206 213 217
7 181 190 192 193 199 200 213
10 176 188 189 192 193 196 202 204 213 216
7 186 189 196 203 205 208 209
20 174 175 179 184 186 189 190 193 194 195 200 202 204 206 207 209 210 212 216 217
27 174 175 177 178 183 184 185 186 187 188 189 191 192 194 195 196 198 201 202 203 207 208 209 210 212 213 214
21 175 176 178 179 184 187 189 190 192 194 195 196 198 200 204 207 208 212 213 214 216
27 174 179 180 182 183 184 186 188 190 192 193 194 196 198 199 200 202 203 204 205 206 209 211 213 214 215 217
25 175 177 178 179 181 183 184 186 188 189 190 191 193 194 195 196 198 199 200 202 206 209 210 212 215
24 174 176 178 180 181 183 186 187 188 189 191 192 194 195 199 201 204 205 206 207 208 211 214 215
29 174 176 178 179 181 182 184 186 187 190 192 193 196 197 198 201 202 203 204 205 206 208 209 210 212 213 214 215 217
30 176 177 179 180 181 182 183 190 191 192 193 194 195 196 197 198 199 201 203 204 206 207 208 209 210 212 213 214 216 217
15 178 181 182 184 186 189 191 193 195 204 205 209 210 212 216
28 174 176 177 178 179 181 185 186 187 188 190 191 197 198 199 200 201 203 204 205 206 208 209 210 211 212 213 214
14 176 181 182 188 189 190 191 195 196 198 201 203 205 210
24 174 175 177 178 179 182 184 187 188 189 191 197 198 199 200 201 203 205 207 208 210 213 214 215
23 174 175 176 177 181 182 184 192 193 197 198 200 202 204 205 207 208 209 211 212 214 215 216
19 177 180 188 190 191 192 193 195 196 197 202 203 204 206 208 209 210 216 217
27 174 176 178 180 181 182 183 184 185 188 190 191 192 194 197 198 200 201 203 207 209 210 213 214 215 216 217
30 178 179 181 182 183 187 188 189 190 191 192 193 194 195 197 198 199 200 201 202 203 205 208 209 210 211 212 213 215 216
19 175 177 178 180 182 183 185 188 190 192 195 196 200 201 208 210 214 216 217
15 175 176 178 180 182 184 185 186 191 192 194 205 210 213 217
22 176 177 179 181 182 183 187 188 191 193 196 198 199 202 203 207 209 212 213 215 216 217
27 174 176 177 179 181 182 184 185 187 188 189 190 191 192 193 195 196 197 198 200 202 208 209 211 212 215 216
18 175 177 180 181 182 185 188 193 196 197 200 201 204 207 209 211 212 214
19 175 178 179 180 182 188 189 190 191 194 196 197 202 203 208 210 212 213 215
29 174 175 176 177 180 181 183 185 189 192 193 194 195 197 198 200 202 205 206 207 208 210 211 212 213 214 215 216 217
15 175 177 184 191 193 196 197 199 200 202 204 210 214 215 217
30 174 175 178 179 183 184 186 187 188 189 190 193 195 196 197 198 199 200 202 203 204 205 206 208 209 211 212 214 216 217
24 177 178 180 184 185 188 189 190 192 194 195 196 197 198 199 200 201 202 204 205 206 208 210 216
29 175 176 177 178 179 180 181 182 184 185 186 187 188 189 191 192 198 202 204 205 206 209 210 211 212 213 214 215 217
16 175 180 182 183 185 187 188 190 191 196 198 202 204 207 214 217
21 174 178 180 181 184 185 187 190 192 193 200 204 205 207 208 210 211 213 214 216 217
14 174 175 176 178 180 182 183 185 196 199 202 208 209 212
14 178 184 185 186 188 192 193 201 202 205 207 214 215 217
14 175 176 177 183 188 189 190 191 194 197 198 202 206 207
23 175 176 180 182 183 185 186 187 188 189 190 191 193 194 197 198 201 206 208 209 210 212 216
30 175 176 177 178 180 181 182 184 187 188 189 191 194 195 196 198 199 200 201 202 204 207 209 210 211 212 214 215 216 217
21 175 176 177 180 181 183 185 187 188 189 190 193 194 199 201 205 209 213 214 216 217
23 174 177 178 180 181 182 185 187 191 192 193 194 195 197 203 205 207 209 210 214 215 216 217
20 174 175 176 179 180 181 182 185 190 191 192 194 195 197 207 209 211 212 213 215
14 176 180 181 183 184 192 197 206 208 210 213 214 216 217
27 174 175 177 179 180 182 185 187 189 190 191 193 194 195 198 200 201 202 203 204 205 206 207 209 212 214 216
24 174 176 177 179 183 184 186 187 188 189 194 199 200 201 202 205 206 208 210 212 213 214 216 217
13 174 175 176 182 186 189 190 207 208 209 212 215 216
13 174 182 183 189 196 198 199 202 203 204 207 208 216
20 174 175 176 178 179 182 184 187 188 189 191 192 195 198 203 207 210 215 216 217
13 179 186 187 193 199 202 204 207 209 212 214 215 216
16 175 176 177 178 179 180 181 187 191 192 193 196 204 205 207 211
16 180 181 184 185 186 191 197 200 201 202 203 204 205 206 207 217
23 174 175 178 179 180 181 183 187 188 190 194 195 196 197 201 203 205 206 207 208 213 215 217
21 174 175 180 181 183 187 188 189 192 193 199 202 203 205 207 209 211 212 215 216 217
22 174 182 185 186 188 189 190 191 194 196 199 201 203 206 207 209 211 212 213 214 215 217
13 175 177 178 180 182 188 189 191 195 196 199 209 215
25 174 176 178 179 180 181 182 183 184 187 190 192 193 194 195 198 201 205 207 208 209 211 214 216 217
19 176 177 181 184 185 187 190 192 193 194 195 197 199 200 202 203 209 212 217
29 174 175 177 179 180 181 182 183 185 186 187 188 189 190 191 192 193 196 197 202 203 205 206 209 210 212 213 214 216
28 174 175 176 177 180 182 184 185 186 188 190 192 195 196 197 200 202 204 206 207 208 209 210 212 213 215 216 217
18 175 176 178 179 181 183 184 185 187 188 191 202 206 208 209 214 216 217
21 175 181 182 183 185 188 189 192 194 195 198 199 201 202 203 207 208 211 214 215 217
19 175 176 177 180 185 188 189 192 195 196 197 198 201 203 207 208 212 214 217
28 175 178 179 180 181 182 185 186 187 188 189 190 193 197 198 200 201 202 203 204 207 209 211 213 214 215 216 217
24 174 175 177 178 179 180 181 182 184 186 188 189 190 193 194 198 199 204 208 209 211 212 213 216
30 176 178 179 180 181 183 185 186 188 189 191 192 193 194 195 197 198 201 202 203 205 206 207 208 209 211 214 215 216 217
27 174 176 179 180 181 182 183 184 185 186 189 193 194 195 196 199 200 201 204 205 207 208 210 211 212 216 217
26 175 176 178 179 180 182 183 184 187 189 191 192 194 195 196 197 198 202 204 206 207 208 209 210 213 215
25 174 175 176 177 179 181 184 186 188 190 191 192 193 194 195 197 199 200 201 202 203 204 208 212 216
20 175 176 179 184 185 188 189 190 192 193 198 200 204 205 206 207 211 212 215 216
13 178 179 184 187 196 199 200 202 205 207 212 213 215
25 174 175 176 177 180 182 185 187 189 190 192 193 197 198 202 204 205 207 209 210 212 213 215 216 217
16 175 177 179 187 192 194 196 197 199 202 205 206 210 211 213 214
18 174 176 180 181 182 185 186 187 188 189 192 195 197 205 211 212 216 217
15 175 184 187 189 190 192 194 197 200 201 203 206 211 216 217
27 174 176 177 179 180 183 184 186 187 189 190 193 194 195 197 198 200 202 203 204 208 209 210 211 213 214 217
17 175 176 177 178 188 190 192 196 200 203 208 209 210 213 214 215 216
15 174 179 183 186 188 190 196 197 198 200 201 204 206 213 215
16 174 176 177 184 185 187 189 191 192 193 195 196 199 209 213 217
26 174 175 176 177 179 180 181 184 185 186 188 189 190 195 196 198 199 200 203 204 211 213 214 215 216 217
25 174 175 176 178 179 181 182 183 185 186 188 189 193 194 195 200 203 204 206 207 211 212 213 214 217
20 174 176 177 178 179 184 185 187 190 192 193 204 205 206 208 210 211 212 214 217
27 174 175 176 178 180 182 184 185 189 190 192 193 195 196 197 200 202 203 204 205 208 210 211 212 213 214 215
27 174 175 176 178 180 182 184 188 191 193 194 195 197 199 200 201 202 204 205 206 207 210 211 213 214 216 217
16 179 180 186 187 190 193 195 197 198 201 203 204 205 211 215 216
17 178 179 181 187 192 194 195 196 198 199 203 205 207 208 210 213 216
15 180 182 185 189 193 197 198 199 200 202 208 213 214 215 217
25 176 177 178 183 184 185 186 188 190 191 194 195 197 199 200 202 203 205 206 207 208 209 215 216 217
14 174 175 177 187 188 189 201 203 209 210 212 213 216 217
25 174 175 177 178 179 180 181 182 184 185 186 187 189 190 194 195 196 202 204 208 209 210 211 213 216
15 176 179 180 182 187 191 193 195 199 203 206 208 210 214 216
23 174 175 177 178 180 181 187 190 194 196 198 199 201 204 206 208 210 212 213 214 215 216 217
17 174 175 178 179 181 183 185 186 192 193 197 198 201 206 212 215 216
26 175 177 179 180 183 185 186 187 189 190 192 193 194 197 198 199 200 201 203 207 209 210 211 213 216 217
16 174 176 177 178 185 187 194 197 199 200 201 203 204 206 207 215
28 174 177 182 183 184 185 186 187 188 191 192 195 196 197 198 199 200 201 203 204 205 207 210 211 212 213 214 217
16 176 178 182 183 188 189 191 195 198 199 200 201 202 207 210 217
27 174 176 177 180 181 182 183 184 186 188 189 190 192 193 194 195 196 197 202 206 207 208 210 211 212 213 214
17 177 179 183 186 187 189 190 196 198 199 200 203 204 206 207 208 209
15 175 183 186 187 190 192 193 196 198 203 206 207 208 214 215
29 175 176 177 178 180 181 183 185 186 190 191 192 193 194 195 196 197 198 199 201 202 204 205 208 211 213 215 216 217
26 176 178 180 181 183 184 186 187 188 190 191 192 194 195 196 197 199 200 201 202 204 205 206 207 208 214
25 175 176 177 181 182 183 185 186 189 190 191 192 195 196 201 202 206 208 210 211 212 213 214 215 217
15 175 178 179 182 183 185 187 191 195 201 202 208 212 213 214
17 175 177 181 184 185 188 190 191 195 199 201 202 204 208 213 214 215
30 176 178 179 180 181 182 183 185 186 188 189 191 192 193 194 195 196 198 199 201 202 203 205 206 208 209 211 212 215 216
22 176 180 182 184 186 188 192 193 195 198 200 202 203 206 208 209 210 211 212 213 214 217
18 179 182 183 186 187 191 192 194 195 197 201 202 203 207 208 211 215 216
16 174 177 178 179 180 186 188 198 201 204 205 206 212 214 215 217
15 176 177 178 180 183 189 190 193 194 201 203 205 207 208 213
27 174 175 176 178 180 181 182 184 185 186 187 188 190 191 192 193 194 198 199 200 202 203 206 207 210 211 216
28 174 175 176 177 179 180 181 182 184 185 186 187 190 191 193 197 200 201 202 203 204 205 207 209 210 212 213 217
27 174 175 177 178 179 180 181 183 186 190 191 192 194 195 199 200 201 202 204 205 206 207 208 211 214 216 217
21 174 175 177 184 185 187 188 189 191 197 200 201 202 204 205 206 207 208 209 211 215
18 178 179 180 181 184 186 187 189 191 192 195 196 198 207 211 212 214 216
17 175 179 180 181 189 195 197 199 202 203 207 208 209 210 212 214 217
17 174 181 183 184 185 187 190 192 193 195 198 200 203 207 209 211 216
17 174 178 181 182 187 191 193 195 196 197 200 202 205 209 214 216 217
23 175 177 178 179 180 181 183 184 185 186 188 191 193 194 203 205 207 208 209 213 215 216 217
14 176 178 182 185 186 187 194 196 199 200 201 205 210 216
16 174 176 179 180 182 187 189 193 197 198 201 205 207 210 213 214
26 175 177 178 179 180 181 182 183 186 187 188 189 191 192 194 196 198 199 201 204 205 207 208 211 214 215
18 175 177 178 182 186 187 196 197 199 203 205 207 208 209 210 212 213 216
28 174 177 179 180 181 182 183 184 187 188 189 190 191 193 194 195 196 198 199 200 202 206 209 211 212 214 216 217
26 174 176 178 180 181 183 185 186 187 188 190 192 195 196 197 198 200 205 207 208 209 210 211 214 215 217
14 174 175 176 181 183 185 187 195 201 202 203 204 208 211
16 176 181 183 185 187 188 190 192 193 195 199 202 206 212 214 217
25 175 179 180 181 182 183 184 186 187 189 190 191 193 194 195 196 197 202 207 209 210 211 213 215 216
20 175 177 180 181 182 186 187 188 189 190 194 198 200 201 203 208 211 212 216 217
19 178 179 183 186 189 191 193 194 196 197 200 201 202 206 207 208 210 214 217
18 174 176 177 178 183 184 187 188 189 190 195 198 199 204 205 209 214 215
13 180 184 186 188 192 197 201 202 204 206 207 212 215
19 175 176 177 178 182 185 186 195 198 202 204 205 207 210 212 213 215 216 217
27 174 175 178 180 181 183 184 185 186 187 188 190 191 193 194 195 197 198 200 202 205 207 210 211 213 214 217
25 175 176 177 178 179 181 182 185 186 190 192 193 194 195 196 197 198 202 204 208 210 211 212 216 217
24 177 179 180 181 184 185 187 189 190 196 197 198 199 200 203 204 205 206 208 211 213 214 215 216
22 175 177 178 182 183 184 185 187 188 190 192 194 196 200 201 202 205 206 207 211 214 216
29 174 177 178 179 180 181 182 184 185 186 187 192 193 194 195 196 198 199 200 202 203 204 205 207 208 211 212 215 217
30 177 180 181 182 183 185 186 187 188 189 191 192 193 195 196 197 199 200 202 203 204 205 208 209 210 211 212 213 215 217
24 176 178 179 180 181 186 189 190 191 194 196 198 199 200 201 202 205 208 210 211 212 213 214 217
19 175 176 177 183 184 185 188 189 190 193 195 198 199 200 207 208 209 216 217
30 174 175 176 177 178 179 181 182 183 184 187 188 189 190 191 192 195 196 197 198 200 201 202 203 206 207 209 210 211 216
14 174 176 178 179 181 184 185 186 190 192 197 198 209 210
15 178 180 189 191 195 196 199 205 206 207 208 209 210 211 215
17 179 180 181 183 189 191 196 197 198 199 203 211 212 213 214 215 217
28 179 180 181 182 185 186 187 188 189 190 193 194 195 196 198 200 202 203 204 206 208 210 211 212 213 214 216 217
14 176 180 182 185 193 197 198 199 200 208 210 212 213 216
19 175 182 185 186 187 188 189 193 199 200 204 205 207 208 209 213 214 215 216
18 174 181 182 186 187 190 194 195 197 198 200 201 210 211 212 213 215 217
26 174 176 177 179 180 181 182 183 185 186 188 190 191 192 193 195 196 199 200 206 207 210 211 214 215 216
23 174 175 176 179 180 182 183 186 187 188 189 190 193 196 197 201 203 206 210 211 213 215 216
23 174 176 177 179 181 182 183 184 187 189 193 194 196 197 200 201 204 206 207 210 211 213 216
26 174 175 176 178 180 181 183 184 185 188 189 192 193 194 195 198 200 201 204 205 206 207 213 214 216 217
19 178 181 187 190 191 194 196 197 199 200 201 204 205 207 208 209 210 212 214
13 178 180 186 189 199 202 204 206 208 210 211 214 216
23 175 179 180 183 184 186 188 191 192 193 194 195 197 199 200 201 204 206 207 209 211 214 215
19 174 175 177 178 179 182 183 186 188 189 190 192 194 195 199 208 210 214 215
18 174 175 178 181 184 187 189 190 193 194 197 206 207 208 212 214 216 217
17 174 185 186 187 189 190 193 195 197 198 200 203 207 209 210 213 217
18 176 182 183 184 185 186 187 189 191 194 195 196 197 203 206 207 209 211
26 174 177 178 179 180 181 184 185 186 187 190 191 193 194 196 197 198 200 202 203 204 207 210 213 214 215
21 174 176 178 179 180 182 183 184 185 186 190 193 194 199 202 203 208 210 212 214 216
23 176 177 179 181 182 184 185 187 188 190 194 197 198 200 201 205 206 207 208 211 214 216 217
25 176 177 178 179 180 181 186 187 190 191 192 194 195 196 198 200 201 203 204 205 207 208 213 215 216
25 176 179 182 185 186 187 190 192 193 195 197 200 201 203 205 206 207 208 209 210 211 212 213 214 216
26 175 176 178 179 182 183 185 186 188 189 190 191 194 198 201 202 203 204 205 206 208 209 212 213 214 216
23 176 177 178 180 181 183 184 185 187 190 193 196 198 199 201 202 205 207 210 211 213 215 217
30 175 176 179 180 182 183 185 186 189 190 191 194 197 198 199 200 201 202 203 204 205 206 207 209 211 212 214 215 216 217
13 177 182 184 191 193 197 199 200 202 203 205 207 213
20 174 177 178 179 182 184 185 186 188 190 193 200 202 206 207 208 210 214 215 217
24 174 180 181 184 185 186 188 189 191 193 195 196 197 199 202 204 206 207 208 209 210 212 215 216
25 174 175 176 177 179 180 182 183 184 185 188 189 191 193 194 195 196 198 200 201 205 207 209 213 215
27 174 175 177 178 180 183 184 185 186 187 189 190 191 192 195 196 197 198 200 206 207 211 212 213 214 216 217
21 174 177 179 182 185 186 189 191 193 195 198 199 201 202 204 205 207 210 212 216 217
15 176 177 179 181 182 184 188 203 205 207 208 210 211 212 215
28 175 176 178 179 180 182 183 184 185 186 188 190 191 194 198 199 201 202 204 205 206 209 210 211 212 214 215 216
