265 1208
54 1 2 3 4 5 6 7 8 9 10 11 12 13 14 15 16 17 18 19 20 21 22 23 24 25 26 27 28 29 30 31 32 33 34 35 36 37 38 39 40 41 42 43 44 45 46 47 48 49 50 51 52 53 54
20 1 4 7 12 14 15 16 23 24 27 28 32 33 37 38 43 46 47 50 52
27 1 2 5 6 11 15 16 17 18 19 22 23 27 28 31 34 37 38 39 43 44 45 46 47 48 52 53
29 6 8 9 10 11 12 15 16 18 19 21 22 24 25 26 27 28 29 32 36 37 38 39 40 42 46 47 52 53
36 1 2 3 4 6 7 8 9 10 12 13 16 18 20 21 22 23 25 28 29 33 34 36 37 38 39 40 42 44 46 47 48 49 51 52 53
39 1 2 3 5 6 9 10 11 14 15 16 17 18 19 20 22 24 25 26 27 28 29 30 33 34 36 37 38 39 43 44 45 46 47 48 51 52 53 54
30 2 3 5 6 8 9 10 11 13 14 19 20 22 23 24 25 26 32 33 36 39 41 42 43 45 46 47 48 51 52
16 1 6 7 8 17 18 32 33 34 38 40 43 49 50 51 54
31 1 4 7 8 10 11 14 15 18 20 21 22 24 25 28 29 30 31 32 33 34 37 38 41 45 47 49 50 51 53 54
30 1 2 3 4 5 6 9 10 11 12 15 17 22 24 26 28 29 32 35 36 37 38 40 41 42 43 44 46 52 54
37 1 2 5 6 10 11 12 13 14 15 16 17 18 20 21 22 25 27 28 30 31 33 34 35 36 37 39 40 41 43 44 45 46 49 52 53 54
18 2 4 5 7 9 11 12 14 15 16 18 20 25 32 36 42 44 54
43 2 3 4 6 7 8 9 10 12 13 14 15 17 18 19 20 21 22 24 25 27 28 29 30 31 32 33 36 37 38 39 40 42 43 44 45 46 47 48 50 51 52 54
37 1 2 5 6 7 9 10 14 15 17 18 19 20 21 22 24 30 31 32 33 34 35 36 37 38 39 41 42 44 45 46 47 49 50 52 53 54
32 1 4 5 6 7 9 10 12 13 14 17 20 21 22 23 24 27 28 30 31 35 36 38 40 41 42 45 46 47 50 51 52
30 2 5 7 9 10 11 13 16 20 23 24 25 26 28 30 31 33 35 36 38 41 42 44 45 46 48 50 51 52 54
42 2 3 4 5 6 7 9 10 11 15 16 17 19 20 22 24 25 26 27 28 29 30 31 33 34 35 36 37 39 40 42 43 44 45 46 47 48 49 50 51 52 54
39 1 2 3 4 5 6 7 8 10 11 13 15 16 17 19 21 23 24 25 27 28 30 31 34 35 36 38 39 40 41 42 43 44 45 46 48 50 52 54
18 1 9 10 11 13 15 17 18 20 26 27 29 30 36 42 43 47 50
32 1 2 4 9 10 11 16 17 18 19 21 22 23 24 25 27 29 30 31 32 34 35 37 38 42 43 45 47 48 49 50 54
20 1 2 5 16 17 18 23 25 26 27 28 31 33 34 36 39 43 44 47 53
39 1 2 3 4 5 6 8 9 10 12 13 15 16 19 21 23 26 28 29 30 32 33 34 35 36 37 38 39 40 41 42 43 44 45 47 48 50 52 54
28 1 3 4 5 6 8 10 11 12 16 17 18 19 20 21 22 25 31 35 39 41 42 43 47 48 49 51 52
31 1 5 8 9 10 11 12 13 15 16 19 20 21 22 24 25 26 28 29 30 31 39 45 46 47 48 49 50 51 53 54
24 1 2 9 10 11 15 17 19 20 22 23 27 30 31 35 36 37 39 41 42 43 48 50 51
40 1 2 3 4 5 6 7 8 9 10 12 13 14 15 18 20 21 22 24 25 26 27 28 31 33 36 39 40 41 42 43 44 45 46 47 48 49 50 52 54
31 3 4 6 9 10 14 15 16 17 23 26 28 29 30 31 32 33 34 36 37 40 41 42 43 44 45 48 49 50 53 54
38 1 2 3 4 5 6 7 9 10 11 12 13 16 17 18 21 22 23 24 25 26 27 28 30 32 33 34 35 38 39 41 42 44 46 47 52 53 54
26 1 2 4 6 7 8 9 12 16 17 18 20 22 32 35 37 39 41 44 45 47 49 50 51 52 54
38 1 7 8 9 10 11 12 13 14 17 18 20 21 22 23 24 26 27 28 30 31 32 34 36 37 38 39 40 41 42 44 46 47 49 50 51 52 54
23 1 3 9 10 11 14 17 18 19 20 21 25 26 28 30 31 35 36 40 41 45 48 51
34 4 5 6 7 8 11 16 17 18 19 20 21 22 23 24 25 28 30 31 32 39 40 42 43 44 45 46 47 49 50 51 52 53 54
41 1 2 3 4 5 6 7 9 10 11 14 17 18 19 20 21 22 23 24 25 27 28 29 30 31 33 35 36 37 38 39 40 43 44 45 46 47 48 49 52 54
26 6 8 9 10 13 14 15 17 18 19 21 22 23 27 35 38 39 42 44 45 46 48 50 51 52 53
33 2 3 7 8 9 10 14 15 16 17 18 21 25 26 27 28 29 31 32 34 39 40 41 42 45 46 48 49 50 51 52 53 54
41 1 2 3 4 5 8 9 10 11 12 14 15 16 17 18 19 20 21 22 23 25 26 27 29 30 32 33 35 36 38 39 40 41 42 43 44 46 47 49 51 53
33 1 2 3 5 6 7 10 12 15 16 17 18 19 20 22 23 24 25 26 27 31 32 33 35 36 40 44 45 46 47 51 52 53
25 1 3 4 5 6 7 9 11 13 16 19 20 22 23 25 29 32 34 35 41 44 46 47 50 54
35 1 3 4 6 7 10 11 12 13 14 16 20 21 22 24 25 26 27 28 30 31 32 33 34 36 37 38 41 43 48 49 50 51 53 54
32 2 3 4 5 7 8 9 13 14 15 16 17 19 22 24 25 27 28 29 31 32 34 38 39 40 42 46 48 49 50 51 54
29 3 4 5 6 7 10 11 13 15 16 19 20 23 25 28 30 31 33 35 38 40 43 44 45 46 47 48 50 52
20 1 3 7 10 13 14 15 18 19 22 23 25 29 31 36 45 48 50 51 53
36 1 2 3 4 5 8 9 11 12 14 17 19 20 21 24 25 27 28 30 31 32 33 35 36 37 38 39 40 44 46 47 48 49 50 51 54
34 1 2 3 5 6 7 11 12 14 17 19 20 21 22 23 24 25 26 28 31 33 34 38 39 40 41 42 43 44 45 46 51 53 54
20 2 4 7 8 12 14 18 25 29 32 33 34 36 38 39 41 42 44 46 49
29 1 2 4 5 6 7 8 12 13 14 16 21 25 27 28 29 30 31 32 34 35 37 38 40 41 42 43 45 54
22 3 4 5 9 13 14 16 18 20 21 25 28 29 30 31 33 34 39 44 51 53 54
21 1 3 5 8 9 11 14 23 27 28 31 40 41 42 43 44 46 48 49 51 52
17 1 10 13 14 16 19 20 29 34 38 41 43 45 46 50 51 53
25 1 4 6 9 10 12 14 15 17 18 19 20 22 23 25 26 29 30 35 36 40 43 49 51 52
31 1 4 6 7 10 12 13 16 17 19 20 24 26 29 30 32 33 34 37 39 40 41 42 44 46 47 48 49 50 51 53
21 1 3 6 11 15 18 20 21 22 28 29 30 31 33 35 40 41 42 44 46 54
23 4 5 10 11 12 13 14 15 18 22 26 29 30 31 36 39 40 42 46 49 51 52 53
36 1 4 7 9 10 11 12 13 16 17 18 19 20 21 22 24 25 27 29 31 32 33 35 36 37 41 42 44 45 46 47 48 49 50 52 54
37 1 2 4 5 7 8 9 11 13 14 16 17 18 19 22 24 25 27 28 29 32 33 35 36 37 38 39 40 42 44 46 48 49 50 51 52 54
38 1 2 3 4 5 8 9 11 12 14 15 17 19 21 22 23 25 27 28 29 32 33 35 36 37 41 42 43 44 46 47 48 49 50 51 52 53 54
42 1 2 4 5 6 7 8 9 10 11 12 13 15 18 19 21 24 25 26 27 28 29 30 31 32 33 34 35 36 38 40 42 44 45 46 47 48 49 50 51 52 54
26 1 2 4 5 6 13 14 17 19 23 27 29 30 31 35 36 37 38 40 42 43 46 47 51 52 54
30 3 5 9 11 14 15 16 19 20 21 22 23 25 28 31 32 35 36 37 38 42 43 44 45 47 48 49 50 51 52
33 1 3 4 5 6 9 10 14 15 20 22 23 24 25 27 28 29 30 31 33 34 35 36 37 38 41 42 46 48 49 50 52 54
78 55 56 57 58 59 60 61 62 63 64 65 66 67 68 69 70 71 72 73 74 75 76 77 78 79 80 81 82 83 84 85 86 87 88 89 90 91 92 93 94 95 96 97 98 99 100 101 102 103 104 105 106 107 108 109 110 111 112 113 114 115 116 117 118 119 120 121 122 123 124 125 126 127 128 129 130 131 132
35 55 56 58 59 61 63 64 65 66 69 71 81 82 84 86 88 93 95 96 97 98 100 101 102 104 105 107 108 110 111 112 116 119 123 127
39 55 63 64 65 66 69 70 72 73 74 77 79 80 82 83 87 89 90 92 93 95 97 98 99 101 102 104 105 107 108 109 110 112 113 116 118 123 124 125
29 60 62 63 64 66 75 76 80 82 84 86 87 89 92 93 94 100 101 110 113 117 118 119 121 125 126 127 131 132
30 58 61 63 64 67 68 69 72 79 80 82 83 92 94 98 99 100 103 104 105 106 107 109 112 122 124 125 129 130 132
45 57 59 60 61 62 63 65 66 70 71 72 73 75 77 78 82 83 85 86 87 88 89 90 91 92 95 96 98 101 102 103 106 108 109 111 113 114 116 117 118 120 121 130 131 132
61 55 56 57 58 59 60 61 62 63 64 66 67 68 69 70 72 73 74 76 77 79 80 82 83 84 85 86 87 88 89 90 92 93 94 95 96 97 98 99 103 104 105 106 107 109 110 111 112 113 116 117 118 119 120 124 126 128 129 130 131 132
49 56 57 58 60 62 63 65 66 68 69 72 79 80 81 82 83 84 85 86 87 89 90 91 92 93 94 97 98 99 100 101 102 103 104 105 106 107 109 111 112 119 121 123 124 125 126 127 129 132
57 55 57 58 59 60 61 62 65 66 68 69 71 72 73 74 75 76 77 79 80 81 82 83 84 85 86 89 91 92 94 95 97 98 99 100 102 103 105 106 107 109 110 111 113 114 115 118 119 121 123 124 126 127 128 129 130 131
24 56 61 62 65 66 77 79 81 87 88 96 98 99 101 103 104 107 109 113 117 120 123 124 129
57 55 56 57 58 60 62 64 66 67 68 69 70 73 74 75 76 78 79 80 81 83 84 85 86 87 88 89 91 92 95 96 100 101 103 104 105 106 108 109 110 111 113 114 115 116 117 118 119 120 121 122 123 127 128 129 130 131
36 55 56 58 59 63 65 66 67 70 71 72 75 76 79 80 81 82 83 85 86 89 91 93 95 97 98 100 101 106 108 109 113 115 116 126 132
52 55 56 58 59 61 64 66 67 68 69 70 71 73 74 78 79 81 84 87 88 91 92 93 94 95 96 97 98 99 100 102 104 105 106 107 108 109 110 113 115 116 117 118 120 121 122 125 126 127 128 129 131
41 55 57 59 60 64 65 66 68 69 70 74 75 76 78 79 82 85 90 92 93 96 97 99 102 104 105 106 109 110 111 112 115 116 119 121 125 126 129 130 131 132
52 55 57 61 62 63 64 66 68 69 72 74 75 76 79 80 81 82 83 86 91 92 93 94 95 97 98 99 100 101 102 103 104 105 106 111 112 115 116 117 118 119 120 121 123 124 125 126 128 129 130 131 132
48 56 57 58 60 62 63 64 65 67 70 71 73 75 77 78 79 80 83 84 86 87 88 89 90 92 93 94 95 96 98 100 105 108 110 113 114 117 118 120 121 122 125 126 127 128 129 131 132
27 58 61 64 66 67 68 82 85 87 88 89 92 93 94 98 99 100 103 108 111 117 119 120 124 126 128 131
53 56 57 59 60 61 63 64 65 66 69 71 72 73 75 76 78 79 80 81 82 83 84 86 87 88 91 92 93 94 96 97 98 99 100 103 105 106 108 109 111 112 113 115 116 117 118 119 120 124 125 126 128 129
55 56 57 58 60 61 62 63 64 65 68 69 70 71 73 74 75 76 78 79 80 84 85 90 91 92 93 94 95 96 97 99 101 102 103 105 106 107 109 110 112 114 115 116 117 121 122 123 124 125 127 128 129 130 131 132
39 56 57 58 61 62 65 66 71 74 79 81 82 84 85 86 90 93 94 98 99 100 101 102 103 108 109 110 111 112 118 119 120 121 123 124 128 129 130 132
25 55 62 65 68 74 76 77 78 82 92 93 94 96 97 103 105 107 112 116 123 126 128 129 130 132
58 56 59 60 61 62 65 66 67 69 70 71 72 73 74 75 76 77 78 79 80 81 82 83 86 87 88 89 90 92 93 94 95 97 98 99 100 101 103 104 105 106 107 108 110 112 113 114 116 117 119 122 123 124 126 128 129 130 131
46 56 57 59 61 62 63 64 65 66 67 70 72 75 76 83 84 85 88 89 94 95 98 99 101 102 103 104 105 106 107 108 109 112 113 114 115 116 117 118 121 122 123 125 126 129 131
39 59 60 63 64 65 66 70 71 74 75 79 80 81 82 83 87 89 90 92 94 95 96 97 98 103 105 108 109 110 111 113 115 118 123 125 126 127 131 132
27 56 58 59 60 62 66 68 69 73 77 78 80 86 89 90 91 99 102 104 105 110 111 121 123 124 126 132
34 62 63 64 65 66 67 68 72 78 81 84 88 89 90 92 97 99 101 102 103 108 111 112 113 114 115 116 117 120 122 124 127 128 132
35 60 61 62 63 64 66 67 70 71 73 74 76 77 78 89 90 91 92 94 96 99 103 104 105 111 116 120 121 122 123 124 126 129 131 132
56 55 56 57 59 62 63 64 65 66 68 69 70 71 72 74 76 77 78 79 81 83 84 86 87 88 89 90 91 92 93 96 97 98 100 101 102 103 105 107 108 109 111 112 113 115 116 118 119 120 121 122 125 127 129 130 131
58 55 56 57 58 59 63 64 65 66 67 68 69 70 71 72 73 74 75 77 78 80 81 86 88 89 90 91 92 93 94 96 97 98 99 100 101 103 106 107 109 112 113 114 115 116 118 119 120 121 122 124 125 126 127 128 129 131 132
42 55 56 58 60 61 62 64 65 69 70 73 75 77 80 81 84 85 86 89 90 92 94 95 97 99 101 102 103 106 109 113 114 118 123 124 125 126 127 128 129 130 132
56 55 56 57 58 59 60 62 63 64 65 68 69 70 75 76 78 79 80 81 82 83 85 86 87 89 90 92 93 95 96 99 101 102 103 104 106 107 108 109 110 111 112 113 114 115 116 117 118 119 120 123 124 125 127 128 131
52 58 60 62 63 65 66 67 68 70 71 73 74 76 77 79 80 81 82 83 84 85 87 88 89 90 91 92 93 94 95 96 97 99 100 101 103 104 106 107 109 111 112 113 115 119 120 121 123 124 127 129 131
31 59 62 65 67 72 73 80 81 84 86 87 88 90 91 92 95 98 99 101 103 107 109 112 115 117 118 122 124 125 127 132
30 55 56 57 59 61 62 67 74 75 77 81 84 86 88 93 94 95 97 102 104 109 110 111 114 115 121 124 128 130 132
42 133 134 135 136 137 138 139 140 141 142 143 144 145 146 147 148 149 150 151 152 153 154 155 156 157 158 159 160 161 162 163 164 165 166 167 168 169 170 171 172 173 174
26 133 134 137 138 139 141 142 143 145 147 149 151 152 153 154 155 156 158 160 161 162 163 164 166 167 170
19 134 138 139 140 141 146 148 153 157 163 164 165 167 168 169 170 171 172 173
32 133 134 136 137 139 140 141 143 145 146 147 149 150 152 153 154 156 157 158 159 160 161 162 164 166 167 168 169 171 172 173 174
29 134 135 136 137 138 140 141 142 143 145 149 153 154 155 156 157 158 159 160 162 164 165 166 167 169 170 172 173 174
23 133 137 138 140 141 142 147 148 149 150 151 152 157 160 161 162 163 165 169 170 171 173 174
20 133 135 139 141 142 143 147 148 151 152 153 154 155 156 158 160 161 164 169 173
28 134 135 136 139 140 141 143 144 145 146 147 152 153 154 155 157 159 160 161 163 165 167 168 169 170 171 173 174
32 135 136 137 138 139 141 145 146 147 148 149 150 151 152 153 154 155 156 157 158 159 160 161 162 163 164 166 168 170 171 172 174
12 133 135 143 145 146 150 151 158 168 169 172 174
31 134 135 137 139 140 141 142 143 145 146 147 148 150 151 152 153 155 156 158 159 160 163 165 166 167 169 170 171 172 173 174
29 134 135 136 137 138 140 141 142 144 146 147 149 150 151 154 156 157 158 159 160 161 163 164 165 166 169 170 171 173
16 134 135 141 143 144 146 149 154 156 157 158 161 162 163 164 166
19 133 134 135 136 137 142 149 151 152 154 155 158 161 163 168 170 171 172 174
23 135 136 137 139 141 143 145 146 147 149 150 151 154 156 157 159 160 161 166 169 172 173 174
22 133 134 136 138 144 145 146 147 149 152 155 157 158 160 161 165 166 167 169 170 172 174
15 136 138 139 140 144 149 150 151 152 154 156 163 166 167 170
22 133 134 137 138 139 140 142 144 145 153 154 157 158 160 163 164 165 166 167 168 169 171
26 133 134 135 136 139 141 143 144 145 146 147 148 151 154 155 156 157 161 163 165 166 167 168 171 172 173
29 133 134 135 139 140 142 143 145 146 147 148 149 150 151 155 156 157 159 160 161 162 163 168 169 170 171 172 173 174
25 133 135 136 138 141 143 144 145 147 150 152 153 154 155 156 157 158 159 160 162 164 166 170 172 173
12 140 141 147 155 158 160 164 165 168 170 172 174
27 135 137 141 142 144 145 146 147 148 149 150 151 152 153 154 157 158 159 160 161 164 165 166 167 168 171 173
33 133 134 136 137 139 140 141 142 143 144 145 146 147 148 149 150 152 154 155 156 157 158 159 161 162 163 165 167 168 170 172 173 174
27 133 134 136 138 140 141 142 143 144 145 147 148 149 150 153 155 156 157 161 162 165 166 167 169 170 171 172
28 136 137 138 139 141 143 144 145 146 147 148 149 150 151 152 154 155 156 157 158 159 160 161 162 164 171 173 174
28 135 137 138 139 140 142 143 146 147 148 149 150 151 154 156 157 158 160 162 163 164 165 166 168 169 170 171 174
17 176 183 187 191 192 193 194 196 197 201 202 204 208 210 211 213 216
9 176 178 180 183 192 199 210 216 218
13 177 179 191 193 195 197 204 206 207 211 212 213 218
4 188 199 209 212
11 175 177 184 187 194 197 199 205 208 212 217
8 175 178 181 183 192 199 202 207
9 180 183 193 196 201 211 212 215 218
8 181 185 188 189 198 202 212 213
16 175 176 180 183 188 189 195 197 199 203 207 210 213 215 216 217
11 175 176 177 180 190 196 198 206 209 217 218
25 177 179 180 183 187 189 190 191 192 194 195 196 197 200 202 204 205 206 207 208 210 211 214 217 218
10 180 185 187 188 193 195 201 206 217 218
8 176 178 181 186 189 198 209 217
6 176 193 194 198 206 218
13 175 185 189 190 197 199 201 202 208 210 211 213 216
28 175 176 177 181 182 183 185 186 187 188 189 193 194 197 199 201 202 203 204 205 206 207 209 211 212 213 216 217
7 184 194 195 197 198 205 206
15 175 178 181 185 188 195 200 203 206 207 209 212 214 215 218
23 175 180 182 183 184 185 187 188 190 192 194 196 199 200 201 202 203 205 208 210 214 215 216
12 179 181 188 190 191 192 195 199 200 212 215 218
11 183 184 190 193 196 199 202 203 207 211 214
8 181 183 194 195 197 205 208 218
16 178 179 180 184 190 191 192 195 196 198 200 208 210 214 215 218
13 182 186 191 194 202 203 204 207 208 209 210 212 213
10 175 181 185 188 193 199 201 205 211 214
21 176 178 184 185 186 189 192 196 198 199 201 203 204 206 207 209 210 212 214 215 217
14 178 181 182 184 185 186 187 191 192 195 205 208 213 214
21 176 178 181 184 186 187 188 191 192 193 194 195 196 200 203 204 206 207 215 217 218
7 185 190 202 209 210 215 218
5 197 198 200 217 218
6 175 180 191 192 197 214
4 185 191 192 200
9 175 179 189 203 209 212 215 217 218
23 176 177 179 182 184 186 190 196 198 199 200 202 203 205 206 208 209 211 212 213 214 215 216
28 177 178 179 181 182 184 185 186 187 190 191 192 193 194 196 198 200 201 202 204 205 206 208 209 211 212 214 218
7 185 187 190 193 208 213 214
12 178 179 181 182 189 197 199 201 202 204 210 215
15 175 177 179 180 182 187 188 190 191 193 200 202 211 213 216
10 177 180 183 192 198 206 211 213 214 215
16 178 181 182 183 184 188 198 199 202 204 208 209 210 213 215 217
11 178 196 198 201 206 208 211 212 215 216 217
14 175 176 177 178 182 184 185 186 189 193 197 210 211 213
11 176 178 180 182 186 188 195 198 201 207 214
16 176 177 178 179 180 183 184 187 189 190 192 195 196 206 215 216
15 175 176 178 181 182 184 185 186 193 198 201 203 213 215 216
21 183 184 185 186 187 188 191 192 193 194 195 200 203 205 207 208 211 212 213 214 216
9 194 198 201 204 205 206 209 214 216
13 178 179 182 184 186 188 190 193 199 200 203 204 207
9 181 185 186 187 191 194 196 208 213
34 175 176 177 178 179 181 182 183 184 187 188 189 191 192 193 195 196 197 199 201 202 203 204 205 206 207 208 209 210 211 213 215 217 218
13 175 177 183 186 187 188 190 192 194 195 200 207 210
18 178 179 182 183 188 190 195 196 199 200 201 202 205 209 210 211 212 213
26 176 177 180 182 184 186 187 188 190 191 193 194 195 197 200 201 204 206 208 210 211 212 213 215 216 218
10 177 179 180 182 183 198 205 209 212 214
15 179 181 183 189 191 192 193 196 200 203 204 206 211 213 216
14 179 182 185 187 188 192 198 201 205 209 212 213 216 218
10 179 185 189 196 198 203 205 209 214 217
34 175 176 177 178 179 181 182 183 184 186 189 190 191 192 194 196 197 198 199 200 202 203 204 205 207 208 209 210 211 212 213 214 215 216
11 175 179 180 187 190 193 203 211 212 216 218
10 176 180 182 184 191 193 197 203 209 218
9 177 180 181 189 195 200 206 210 215
13 176 177 186 189 194 195 196 197 201 205 206 207 214
7 177 179 180 186 189 198 199
9 177 180 196 201 203 211 214 215 218
9 180 183 187 196 202 203 207 208 217
10 179 181 185 189 199 202 204 205 213 214
35 175 176 177 178 179 180 182 183 184 188 189 190 192 193 195 197 198 199 200 201 202 203 204 205 206 207 209 210 211 212 214 215 216 217 218
10 175 176 178 186 191 194 197 204 208 217
21 175 176 181 185 187 189 191 194 195 196 197 201 202 205 208 209 210 212 216 217 218
8 175 182 191 192 195 206 210 216
19 176 178 179 183 184 186 187 190 193 194 197 199 200 204 205 207 208 209 217
5 182 184 190 205 217
21 175 177 179 181 182 186 188 189 191 196 200 201 202 203 204 207 209 211 212 215 217
21 175 178 180 181 183 185 187 188 189 191 192 193 194 195 197 201 204 207 210 217 218
21 175 176 177 179 188 189 190 194 197 198 199 200 202 203 204 206 207 209 210 216 217
35 176 177 178 180 181 182 183 184 185 186 187 188 190 191 192 193 194 195 196 197 198 199 200 201 202 204 205 206 207 208 210 211 213 214 216
10 180 185 186 190 194 198 200 212 214 216
14 177 181 184 185 186 187 189 203 204 207 208 215 216 217
5 181 189 200 206 210
6 175 177 184 187 197 205
5 184 194 195 197 205
11 184 186 196 198 200 205 206 212 213 215 216
5 196 211 215 216 217
4 197 200 217 218
6 201 204 206 209 214 216
7 178 179 184 186 188 190 207
6 176 182 184 203 209 218
9 179 182 187 192 198 212 213 216 218
17 180 183 187 189 190 195 197 200 202 204 206 207 210 211 214 217 218
5 186 190 194 212 214
5 177 183 192 198 206
5 194 198 204 209 216
7 179 187 198 201 209 213 218
4 180 196 208 217
6 181 183 192 199 202 207
7 179 181 182 189 199 202 210
20 176 177 179 182 186 190 196 198 200 202 203 205 206 208 209 211 212 213 215 216
5 179 189 196 205 209
6 178 198 201 206 208 217
6 183 187 188 190 207 210
6 189 198 203 205 214 217
8 180 185 187 188 193 195 201 206
4 194 195 197 205
6 180 187 188 195 201 217
14 176 183 191 192 193 194 196 197 201 202 208 210 211 216
7 175 179 189 203 209 217 218
20 176 177 181 182 185 188 189 194 197 199 201 204 205 206 207 209 211 212 213 217
9 178 196 198 201 206 212 215 216 217
17 176 178 184 185 186 189 196 198 199 201 203 204 206 209 214 215 217
8 179 188 191 192 195 199 200 212
22 175 176 177 181 182 183 185 186 188 189 193 197 199 202 204 206 207 209 211 212 213 216
4 175 180 192 197
4 194 195 208 218
4 182 192 195 210
12 176 183 187 191 192 193 194 197 201 210 211 216
9 175 183 186 187 188 190 194 207 210
3 187 190 213
3 176 198 206
2 190 205
5 185 186 191 196 208
15 179 182 184 185 186 187 190 194 196 201 202 205 206 208 209
6 176 194 195 197 205 214
10 178 182 183 188 196 199 200 202 205 213
13 175 178 181 185 188 200 203 206 207 209 212 214 215
7 175 189 190 201 210 211 216
6 177 179 198 205 212 214
2 197 217
19 178 180 182 184 185 186 187 194 195 196 197 199 201 202 204 207 210 213 214
6 175 181 188 193 199 211
16 176 177 179 189 194 197 198 199 200 203 204 206 207 209 210 217
11 179 183 184 193 194 197 200 205 207 209 217
6 175 179 203 209 217 218
8 178 181 182 185 186 187 191 192
4 187 208 213 214
11 178 181 183 188 198 199 204 208 209 213 217
2 217 218
4 211 214 215 218
18 176 182 184 186 190 196 198 199 200 203 205 208 209 211 212 213 214 216
10 176 177 186 189 194 195 196 205 207 214
12 175 176 180 183 188 189 195 197 199 207 213 215
22 175 177 179 182 184 188 189 192 198 199 202 204 205 206 207 209 210 214 215 216 217 218
4 182 184 205 217
3 200 217 218
6 175 178 181 183 192 199
11 176 184 196 198 199 202 205 206 209 214 215
7 194 198 201 205 206 209 216
19 177 180 187 189 190 195 196 200 202 204 205 206 207 208 210 211 214 217 218
4 175 191 195 206
4 181 188 198 213
4 181 198 212 213
5 181 185 188 189 198
7 180 181 195 200 206 210 215
13 175 178 181 182 184 185 186 193 198 201 203 215 216
7 181 188 193 201 205 211 214
11 182 186 191 194 203 204 207 209 210 212 213
15 183 184 187 191 192 193 195 200 203 205 207 208 211 212 214
3 176 193 218
10 175 177 189 194 198 200 202 209 210 216
7 176 177 186 196 197 206 207
12 178 182 184 185 187 191 192 195 205 208 213 214
9 186 191 194 202 203 204 208 212 213
7 175 176 178 191 194 197 204
6 177 180 206 211 213 214
5 180 183 192 206 215
8 178 198 201 211 212 215 216 217
2 191 200
7 176 186 195 196 197 201 206
6 175 179 187 203 211 218
6 184 187 199 205 208 212
5 179 180 190 203 212
11 178 181 182 185 187 191 195 205 208 213 214
8 176 178 181 193 198 201 213 216
15 175 176 185 187 189 195 196 197 201 205 209 212 216 217 218
5 183 196 201 215 218
12 176 184 186 192 193 194 200 203 204 206 207 215
4 191 192 197 214
11 175 177 180 182 187 188 190 191 193 211 213
16 184 185 186 187 188 191 192 194 200 203 207 208 211 212 213 214
10 177 180 188 190 193 200 202 211 213 216
15 184 185 186 191 193 194 200 202 205 206 208 211 212 214 218
14 177 182 186 187 191 193 194 200 206 210 211 213 215 218
5 196 201 211 214 215
22 177 178 179 181 182 184 185 186 187 191 192 193 194 196 200 201 202 204 206 208 214 218
8 176 182 184 191 197 203 209 218
10 176 177 186 194 195 196 201 205 207 214
6 177 179 180 186 198 199
24 175 176 177 179 182 184 186 190 191 194 196 197 198 199 203 205 207 209 210 211 212 213 214 215
11 178 181 182 185 187 191 192 195 205 208 213
12 177 181 184 185 187 189 203 204 207 215 216 217
6 198 201 204 205 209 214
7 176 180 182 191 203 209 218
8 179 182 185 198 201 209 212 216
5 196 208 212 215 216
4 177 179 189 198
9 179 184 190 191 198 200 210 215 218
12 175 180 184 185 187 188 192 194 203 208 215 216
13 176 179 184 187 190 194 199 200 204 207 208 209 217
16 175 182 183 184 187 188 190 192 199 200 201 202 203 208 215 216
12 179 182 186 190 196 199 203 205 206 208 213 215
5 181 189 198 202 212
2 199 212
11 178 190 195 196 199 200 201 202 205 209 213
10 181 189 191 192 196 200 204 206 211 216
7 189 198 203 205 209 214 217
15 176 178 184 189 192 198 199 201 203 204 206 209 210 212 215
9 175 176 177 180 190 196 198 217 218
9 182 185 187 188 192 209 213 216 218
11 175 188 189 194 199 202 203 204 209 210 216
11 175 176 177 178 182 184 185 186 193 211 213
5 192 195 206 210 216
6 177 183 192 213 214 215
8 177 179 180 182 183 205 212 214
19 175 178 179 182 183 189 190 195 198 200 203 207 209 210 211 212 215 216 218
3 199 209 212
10 176 183 187 197 201 202 204 208 211 216
6 175 182 191 192 195 210
10 177 179 191 195 197 204 206 212 213 218
4 182 191 206 210
6 181 183 194 195 208 218
7 175 176 178 186 191 208 217
2 217 218
5 186 194 196 208 213
9 179 181 189 191 192 193 203 204 211
7 181 185 186 191 194 196 213
7 179 189 196 198 203 205 209
10 175 176 180 195 199 203 207 210 213 216
5 185 190 209 215 218
11 184 185 187 193 194 195 205 207 208 212 213
5 180 189 200 210 215
12 179 182 185 187 188 192 198 201 209 212 213 216
8 179 181 192 195 199 200 212 218
5 176 186 198 209 217
5 181 189 198 209 217
10 175 185 190 197 199 201 202 208 211 216
7 194 201 204 206 209 214 216
18 175 181 185 189 191 194 195 196 197 202 205 208 209 210 212 216 217 218
6 175 182 192 195 206 210
6 181 183 195 197 205 218
5 180 196 203 214 218
5 182 184 191 203 209
4 197 200 217 218
14 177 180 189 190 191 192 195 200 202 204 205 207 208 211
13 179 188 190 198 199 200 202 203 204 207 209 210 217
6 179 185 189 198 205 209
5 176 178 181 189 217
20 175 176 178 179 182 185 189 193 194 199 201 203 204 205 206 207 209 212 213 218
26 175 180 182 183 185 186 187 188 191 192 193 194 195 196 200 201 202 203 205 206 207 210 211 212 214 216
29 175 176 177 178 179 182 186 188 190 191 192 193 196 197 199 200 202 203 204 205 208 209 210 213 214 215 216 217 218
23 175 176 177 179 182 183 185 186 189 191 194 196 197 198 202 203 204 209 212 213 215 217 218
25 176 177 178 180 181 182 183 192 193 194 195 197 198 199 200 201 203 204 206 211 212 213 214 216 217
17 177 182 183 184 188 191 193 197 200 201 202 210 211 212 213 215 216
22 181 184 185 186 187 192 193 196 197 201 202 203 204 205 207 212 213 214 215 216 217 218
26 178 180 181 182 184 185 186 187 188 189 194 195 196 198 199 200 201 202 204 207 209 210 213 214 216 218
22 175 176 178 180 183 185 186 189 192 193 195 196 198 200 203 204 206 207 209 212 214 218
14 178 180 181 182 185 188 196 199 204 205 207 214 215 217
30 175 179 181 183 184 185 186 187 188 189 190 191 192 195 197 198 199 200 202 203 205 206 207 208 209 212 215 216 217 218
23 175 177 180 181 182 183 185 186 187 190 191 196 197 199 201 202 203 208 210 214 215 216 217
19 175 177 179 180 181 183 184 185 189 190 194 196 199 208 209 210 211 212 216
29 175 179 181 183 184 185 189 190 191 192 193 194 196 197 198 199 201 202 203 204 205 206 207 208 209 210 211 214 217
27 176 177 180 182 183 184 187 188 189 190 198 199 202 203 204 205 206 208 209 210 211 212 213 214 215 216 217
23 177 178 179 180 181 184 188 189 192 194 195 199 201 202 203 204 208 210 211 213 215 216 217
18 176 178 182 185 189 193 195 197 202 203 204 206 207 208 210 213 217 218
26 175 176 178 180 184 186 188 191 192 193 194 195 196 198 199 200 202 203 204 206 207 208 210 211 216 218
23 179 180 181 185 186 187 189 190 191 193 194 196 197 200 201 205 206 208 210 211 212 213 215
28 176 178 179 180 181 182 183 188 190 191 193 195 196 197 198 199 201 202 203 206 207 208 210 211 212 214 215 218
29 175 176 178 180 181 182 183 184 185 187 188 189 191 195 196 197 199 200 203 204 206 207 208 211 213 215 216 217 218
16 178 181 190 192 194 200 201 202 204 208 209 211 212 215 216 217
23 175 177 178 179 181 182 186 187 191 193 194 195 201 202 203 205 206 208 211 213 214 215 216
29 175 177 178 180 181 183 184 185 188 190 192 193 194 195 197 198 201 202 203 204 205 208 209 210 213 214 215 216 217
28 175 176 177 179 180 184 185 186 187 188 189 190 193 196 197 198 199 200 202 205 207 209 210 212 213 214 217 218
18 177 180 183 184 185 187 188 193 195 199 200 202 208 209 211 212 215 216
28 175 176 179 180 181 183 184 185 186 188 189 190 191 192 194 195 197 198 202 204 206 207 208 209 212 214 216 218
14 175 176 177 180 181 185 194 196 197 199 214 215 216 218
18 175 176 178 179 182 183 186 187 189 195 197 202 203 207 211 212 214 215
22 176 177 179 181 183 187 188 193 195 197 198 200 201 207 209 210 211 213 214 215 216 217
18 176 177 179 180 182 183 186 187 189 198 200 201 205 207 208 210 211 214
29 177 178 180 181 183 184 185 187 189 190 192 193 194 195 197 198 199 200 201 203 204 206 207 208 209 212 214 217 218
25 176 177 178 179 180 181 182 183 186 187 189 191 192 194 195 198 199 202 204 206 207 210 212 213 218
14 175 179 185 186 190 192 200 206 207 208 209 210 215 217
24 175 176 178 183 184 186 188 189 192 193 194 195 196 197 199 200 201 202 203 208 209 210 214 218
17 175 176 180 183 184 187 191 194 195 198 201 202 204 205 208 212 215
15 175 187 188 189 190 197 199 202 203 204 205 209 210 216 217
25 175 176 181 183 184 185 186 188 191 193 194 195 196 199 200 201 202 203 204 205 207 209 210 211 215
13 178 182 188 190 191 194 196 197 200 203 204 209 215
28 176 177 178 179 182 184 187 188 189 190 192 194 198 199 200 201 202 203 204 206 207 209 210 213 214 215 216 217
25 177 178 179 181 182 183 185 187 188 190 191 192 195 197 198 199 201 203 204 207 209 213 214 217 218
27 175 176 177 179 180 181 182 183 184 186 187 190 193 194 195 196 197 198 201 205 207 208 210 211 212 213 216
19 177 179 181 185 186 187 188 192 194 196 197 198 201 203 210 211 212 215 216
22 177 181 184 187 191 192 193 194 195 196 197 199 201 202 206 207 208 209 213 214 216 217
26 175 176 177 180 181 182 184 186 187 190 192 193 194 196 198 200 201 202 206 210 211 212 213 215 216 218
30 175 176 177 179 180 181 182 184 185 186 189 190 191 192 195 196 198 199 200 201 203 204 207 208 209 211 215 216 217 218
27 176 177 179 182 183 184 185 186 187 189 191 194 195 199 200 201 203 204 206 207 208 209 210 211 214 215 216
28 179 181 182 183 185 186 187 188 190 192 193 194 195 196 198 199 200 201 204 205 207 208 210 211 213 215 217 218
13 176 177 178 179 181 185 188 190 193 200 207 210 216
16 175 176 181 182 184 191 195 196 197 198 201 206 208 211 216 218
26 178 179 182 183 185 186 188 189 191 192 193 194 197 200 201 202 204 205 206 207 209 210 211 212 213 216
14 184 185 187 192 199 202 203 204 205 209 211 213 215 217
18 175 178 179 183 185 187 189 194 195 200 203 205 207 208 211 212 214 217
19 178 179 180 181 183 185 186 188 189 190 196 199 206 207 209 211 212 216 218
19 175 178 179 180 181 186 188 189 191 192 193 194 196 198 204 206 209 214 218
20 175 178 179 180 185 187 188 189 192 193 195 196 199 200 210 211 213 214 216 218
28 177 180 181 182 183 186 187 189 190 191 193 194 196 199 200 201 202 203 205 207 208 209 211 212 214 215 216 218
26 175 176 177 178 179 181 183 184 185 190 191 192 195 196 197 201 202 203 204 205 207 210 211 214 215 217
24 176 179 181 182 184 186 187 190 191 194 195 196 197 198 200 203 204 207 208 209 210 214 215 217
30 175 176 177 178 180 181 182 184 185 187 188 191 192 193 194 195 196 197 198 201 206 207 208 209 210 212 215 216 217 218
17 175 177 181 183 188 192 193 194 198 205 206 208 209 213 214 215 218
28 175 176 179 180 182 183 184 187 190 192 193 194 196 198 200 201 202 203 204 205 206 209 210 211 214 216 217 218
29 175 177 178 180 181 184 185 186 188 190 191 192 194 195 196 197 198 199 200 202 203 204 209 210 211 213 214 215 216
28 176 177 178 179 181 182 184 187 188 191 192 195 196 197 198 199 200 201 202 205 206 208 209 210 211 212 213 217
26 176 178 179 182 183 184 186 188 189 192 194 195 197 199 200 201 202 203 204 208 210 211 212 214 215 216
14 178 180 181 190 191 192 198 199 203 208 212 213 216 217
23 175 177 181 184 190 192 193 196 197 198 199 200 203 204 205 206 207 209 212 213 214 215 217
20 176 177 178 179 183 185 190 192 196 199 200 201 203 204 206 207 209 211 212 218
25 176 177 180 183 185 187 188 191 192 193 195 198 199 200 201 204 205 209 210 211 213 215 216 217 218
25 180 182 183 185 189 190 192 193 194 197 198 200 201 202 205 206 207 209 210 211 212 213 214 215 217
27 175 176 178 180 183 184 185 188 189 190 191 192 194 195 196 197 198 199 201 202 204 209 210 212 215 217 218
30 176 177 178 181 184 185 187 190 192 194 195 197 198 199 200 203 204 205 206 207 208 209 210 211 212 213 214 215 216 218
24 175 177 179 181 184 185 187 190 191 192 193 194 195 197 198 201 202 205 207 208 210 211 212 216
19 177 181 182 183 184 185 187 194 196 198 199 200 207 209 210 211 212 214 216
20 175 179 181 183 185 189 195 197 200 202 205 206 207 209 210 213 215 216 217 218
27 177 179 181 183 184 187 188 189 190 193 194 195 196 197 198 200 201 202 204 206 207 209 211 214 215 216 218
30 176 177 178 181 182 183 184 186 188 190 191 194 196 197 198 199 200 201 202 203 204 207 210 211 212 213 214 215 216 217
29 177 178 179 181 182 183 184 185 186 190 191 192 196 197 199 200 201 202 203 204 206 207 208 210 211 213 214 216 217
22 179 180 182 183 186 187 189 190 193 194 196 199 202 203 204 205 206 210 212 213 216 217
13 178 180 186 193 194 195 198 201 202 204 207 213 217
30 176 179 180 181 182 184 186 187 188 190 191 194 195 196 197 198 199 201 203 206 207 208 209 210 211 212 214 215 216 217
13 177 184 185 186 187 188 193 195 196 209 213 214 218
25 177 179 180 182 183 184 185 187 188 189 192 193 195 198 200 202 203 206 209 211 213 214 215 216 218
14 178 180 183 186 190 195 197 198 208 210 211 213 216 217
30 175 176 178 181 182 183 186 189 190 191 193 194 195 196 197 199 200 201 202 203 205 206 207 208 209 210 213 215 216 217
14 176 183 185 186 197 198 200 202 204 209 211 212 215 218
19 176 177 178 179 183 189 191 192 193 195 196 199 200 201 203 205 207 210 212
24 176 178 182 185 187 188 190 191 192 193 194 199 200 201 203 206 207 209 211 212 214 215 216 218
30 175 176 179 180 185 186 188 189 191 193 194 195 197 198 199 200 202 203 204 205 206 207 208 209 210 213 215 216 217 218
22 175 178 179 182 183 186 187 190 192 193 194 197 198 200 201 206 208 210 212 214 217 218
27 175 177 179 180 182 183 184 188 189 191 192 193 195 198 203 204 205 206 209 210 211 212 213 214 216 217 218
14 175 176 178 184 191 199 201 202 203 208 211 212 213 214
26 175 177 181 182 183 185 186 187 188 189 191 192 194 195 198 200 203 204 207 209 211 212 214 215 217 218
26 177 178 179 181 182 183 184 185 186 187 189 191 193 194 195 196 197 198 201 206 208 209 212 215 216 217
23 180 181 182 183 185 186 188 189 192 193 194 195 198 200 201 203 204 205 208 211 214 217 218
21 175 178 181 182 184 188 189 193 196 198 201 203 204 206 207 209 211 214 215 216 218
14 176 184 185 188 190 193 195 196 197 199 200 202 205 216
18 176 177 178 180 184 186 190 192 196 198 202 204 207 211 213 216 217 218
23 176 178 180 181 182 185 186 187 189 190 192 195 196 197 199 201 202 204 208 212 213 216 218
22 178 179 180 184 186 187 188 189 190 192 198 199 200 201 205 206 209 210 212 214 217 218
23 177 178 179 182 184 186 189 190 193 198 199 200 201 202 206 207 208 209 210 213 216 217 218
26 175 176 177 180 181 182 185 187 188 189 193 194 197 199 201 202 203 204 205 206 207 209 210 212 214 217
24 175 181 182 183 185 186 188 189 190 191 193 195 196 197 198 200 202 203 207 209 210 211 213 218
19 176 180 181 183 184 185 187 189 193 198 199 200 206 207 209 210 211 212 217
23 175 176 178 179 181 182 183 188 190 191 194 195 199 202 203 204 205 206 207 212 213 215 218
17 180 181 182 186 192 193 195 197 200 205 207 209 210 214 215 216 218
30 176 177 178 179 181 182 184 185 186 187 188 189 190 192 193 194 195 196 200 201 203 205 207 208 210 212 215 216 217 218
18 175 179 180 182 186 187 188 192 193 194 196 198 199 201 215 216 217 218
17 176 183 186 187 188 189 191 194 195 201 202 203 206 207 210 214 218
16 175 177 180 184 189 191 197 198 201 202 203 204 207 213 216 217
26 177 180 182 183 184 185 186 187 193 194 197 198 199 200 201 203 205 206 207 208 209 211 213 214 215 216
21 175 176 178 182 184 185 187 189 190 191 193 196 199 201 206 208 209 213 214 217 218
22 175 176 179 180 189 190 192 194 195 196 202 204 207 209 210 211 212 213 214 215 217 218
25 175 177 179 181 182 183 184 185 186 187 190 193 200 201 202 203 204 206 208 209 211 213 214 215 218
20 175 176 178 179 180 183 185 186 187 189 190 191 194 196 201 206 209 213 214 218
24 176 177 178 179 180 184 187 192 193 195 196 197 199 203 204 205 207 208 209 211 212 215 217 218
18 177 179 180 184 186 188 189 193 194 201 203 207 208 211 213 216 217 218
21 175 178 180 181 183 184 186 189 190 192 193 202 204 206 208 210 212 213 214 217 218
24 176 178 180 181 185 188 190 191 193 195 196 197 198 199 200 201 205 207 208 209 210 214 217 218
26 176 177 178 179 181 182 186 187 188 191 192 193 194 196 198 199 200 201 203 205 210 212 213 214 215 216
26 175 176 178 180 182 187 188 189 193 195 196 197 199 203 204 205 206 207 208 209 211 212 214 216 217 218
20 176 178 181 183 184 186 190 192 193 195 197 201 202 205 206 209 211 212 213 215
23 175 176 179 180 182 184 185 186 187 188 189 191 194 195 197 199 200 203 204 205 207 217 218
27 175 176 177 179 180 181 183 186 187 188 190 191 193 194 195 197 199 200 201 206 208 209 210 211 213 215 217
30 175 176 177 180 181 182 183 186 187 188 190 191 192 193 194 195 196 198 200 201 203 204 206 207 210 212 213 214 216 217
25 175 176 178 181 182 183 184 185 189 191 193 194 195 197 199 201 202 203 204 205 206 208 209 215 217
25 176 178 179 181 184 186 187 188 189 191 195 196 197 198 200 202 203 204 208 209 210 211 214 216 218
20 176 178 179 181 186 187 188 189 191 195 196 197 207 211 212 213 215 216 217 218
13 175 177 179 183 187 192 198 200 203 204 212 215 216
29 175 180 181 183 184 185 186 190 191 192 193 194 195 196 199 200 201 202 203 204 205 206 208 211 212 213 214 215 218
30 175 176 177 178 179 180 181 182 186 187 189 191 193 194 196 197 198 199 201 202 204 206 207 209 210 211 214 215 217 218
28 175 176 179 180 181 182 183 185 189 190 191 192 193 194 198 202 203 204 205 206 208 210 211 212 214 215 217 218
28 176 177 178 179 181 182 184 186 187 192 193 195 196 197 199 200 201 203 204 206 207 208 209 210 214 215 216 218
27 175 178 179 181 183 184 185 186 187 188 189 190 192 194 195 196 197 199 201 203 204 205 207 209 211 215 218
21 175 176 177 179 182 183 184 186 190 192 193 194 199 200 201 203 204 208 210 212 216
13 175 180 184 190 194 198 199 200 201 203 207 215 217
16 176 178 179 182 184 186 190 191 196 198 200 203 206 212 213 217
14 178 180 181 182 183 186 188 189 192 194 201 206 210 216
29 176 177 179 181 183 184 185 186 187 188 190 191 192 193 194 195 196 197 198 200 201 203 204 207 208 209 211 215 218
17 176 177 180 184 192 194 197 198 199 200 202 203 206 207 211 214 215
30 176 177 178 180 181 184 185 186 188 190 194 195 196 198 199 201 202 203 204 205 207 208 209 210 211 212 213 214 216 217
25 175 176 179 180 181 184 186 187 189 193 194 195 198 199 203 204 206 208 209 210 212 213 215 216 218
27 175 176 178 179 181 182 183 184 185 187 189 190 191 194 195 199 200 202 203 204 205 206 208 210 211 213 218
21 176 178 179 184 186 187 189 193 195 196 201 202 203 207 208 209 212 213 215 217 218
28 175 177 178 181 183 184 186 187 188 190 191 194 195 196 198 199 200 201 202 206 207 208 211 212 214 215 216 218
23 176 178 179 182 183 184 185 187 188 189 192 195 198 201 202 204 205 208 210 213 214 215 217
30 176 177 178 180 181 182 183 184 185 186 187 188 189 190 192 193 194 197 198 199 201 202 203 205 206 208 209 210 216 217
17 175 176 177 181 185 188 189 190 195 199 203 205 209 213 215 216 217
26 175 181 183 184 185 187 188 189 192 195 196 197 198 199 200 201 202 203 204 206 207 208 211 212 213 215
22 176 177 180 181 183 184 187 190 192 194 195 197 198 202 203 206 207 208 211 212 213 215
24 175 180 182 183 184 185 187 188 189 190 191 192 194 195 196 197 199 202 203 206 207 216 217 218
18 175 176 177 183 184 186 188 190 193 196 198 200 201 203 206 213 216 218
19 175 177 178 180 184 188 191 192 193 196 198 199 205 206 207 209 210 211 218
16 176 179 184 185 187 189 190 192 193 196 197 207 209 211 212 214
14 178 180 182 191 193 195 196 199 205 206 210 211 213 217
22 177 180 181 182 184 185 186 188 191 192 196 198 199 202 203 206 207 210 212 214 217 218
27 175 180 182 185 186 187 188 190 192 193 195 196 197 198 203 204 205 207 208 210 212 213 214 215 216 217 218
27 175 179 181 182 184 186 188 191 193 194 195 196 197 199 202 203 204 205 206 209 211 212 213 215 216 217 218
28 175 176 177 179 181 182 183 184 185 186 187 188 189 191 195 197 198 200 201 203 204 206 207 212 214 215 216 217
20 180 183 185 186 188 189 191 193 195 196 197 198 200 204 207 208 211 212 213 214
26 175 176 178 179 180 183 185 186 187 188 189 191 194 197 198 203 205 206 209 211 212 214 215 216 217 218
16 179 184 185 186 189 193 195 198 199 200 204 205 207 213 214 215
24 175 178 180 182 183 184 186 187 189 192 193 195 197 198 199 201 203 204 205 207 210 211 214 217
26 175 177 182 183 184 186 188 189 191 192 193 194 195 197 198 199 203 205 208 209 210 211 213 214 217 218
24 176 178 179 181 186 188 189 194 195 197 199 200 201 204 205 206 208 209 210 213 214 215 216 218
21 175 176 177 179 181 182 184 185 187 189 196 198 200 205 206 207 208 210 214 215 217
28 175 178 180 182 184 186 187 189 190 191 192 193 194 195 197 198 200 202 203 207 208 209 210 212 213 216 217 218
19 219 220 221 223 226 227 232 233 234 235 242 245 246 248 256 257 262 263 265
9 234 237 242 243 251 260 261 262 264
16 220 223 225 226 227 234 242 243 246 250 253 255 256 259 262 264
24 221 222 223 227 229 230 232 234 236 237 239 240 241 242 244 247 248 249 253 256 257 260 261 265
11 224 226 236 237 241 242 254 255 258 262 264
22 220 222 223 225 226 228 231 232 236 238 239 241 246 250 251 253 257 258 259 260 261 265
5 223 229 233 239 246
26 219 221 222 223 224 226 227 228 229 240 243 244 246 247 248 249 252 253 256 257 258 259 260 261 263 265
29 222 223 225 226 228 229 230 233 237 238 239 240 241 242 243 244 245 246 247 248 249 251 253 254 255 261 263 264 265
32 219 221 224 226 227 230 231 232 233 235 236 237 238 242 243 244 246 247 248 249 250 251 252 254 256 257 258 259 260 263 264 265
12 221 222 225 231 235 239 245 247 249 254 262 265
13 219 220 224 226 228 233 243 245 246 254 258 262 264
14 219 225 226 229 231 234 235 237 239 243 246 258 260 264
13 220 221 231 232 239 243 245 246 251 252 263 264 265
22 220 226 228 229 231 232 233 241 242 243 244 246 247 248 250 251 252 253 256 258 262 264
15 224 225 227 232 234 236 237 238 247 248 249 251 255 258 261
13 223 224 228 234 236 240 242 246 253 255 256 257 263
12 226 227 233 234 238 240 244 248 249 254 257 261
14 219 224 227 233 234 238 241 242 252 253 256 258 261 265
11 222 225 226 230 232 236 239 240 244 246 250
9 219 229 232 234 247 256 259 260 261
15 220 222 223 225 228 229 234 239 240 241 245 253 255 261 262
12 220 221 225 226 228 231 235 239 249 254 264 265
7 240 242 244 251 257 262 265
17 220 225 228 230 234 235 236 240 242 247 253 254 258 260 262 263 264
9 223 235 243 247 251 255 259 260 263
8 224 235 240 242 243 247 256 262
7 228 236 237 248 249 252 257
11 219 221 229 232 233 235 239 240 254 258 263
18 219 220 221 224 227 231 232 234 235 236 250 252 256 257 258 259 260 262
10 222 225 230 235 241 242 247 250 253 256
14 220 224 236 237 238 240 242 243 247 251 256 260 262 263
19 220 224 227 228 230 233 236 238 241 245 247 248 249 252 253 254 255 256 261
16 220 222 223 226 227 229 233 234 235 240 244 253 256 260 264 265
15 221 222 224 226 229 232 238 239 241 246 249 257 259 261 265
26 221 222 225 227 228 229 230 231 234 235 237 240 242 243 244 246 247 248 249 250 251 252 253 255 258 259
12 219 223 224 228 229 236 237 255 258 259 260 262
13 219 222 226 229 230 231 243 246 253 254 256 257 262
9 221 222 224 227 238 241 244 246 259
13 222 224 230 231 238 241 244 245 247 251 260 261 265
12 220 221 223 228 230 238 239 249 250 253 263 265
17 219 221 227 229 230 233 234 237 244 245 248 249 252 254 255 263 264
19 219 223 225 226 228 233 235 236 240 245 248 249 250 252 253 255 257 263 265
21 219 221 223 224 227 230 232 233 237 238 240 243 244 245 252 256 257 258 259 263 265
15 223 229 232 234 236 238 240 241 251 253 257 258 261 262 263
10 220 229 230 231 232 239 247 254 256 258
13 219 220 222 223 235 245 247 249 251 252 254 258 265
22 221 223 224 225 227 228 229 231 232 236 239 240 242 243 248 249 251 253 255 256 258 265
13 220 221 228 229 231 237 245 248 249 254 257 262 264
15 222 225 227 231 233 235 240 243 244 245 246 248 251 252 257
10 227 233 237 238 248 250 251 252 258 260
22 219 221 225 226 227 231 233 236 237 240 241 243 246 247 248 250 252 257 259 261 262 263
28 222 224 225 228 229 230 231 236 237 238 239 240 241 243 244 247 249 250 251 252 253 254 255 258 259 260 261 264
10 225 226 239 241 242 243 246 259 262 263
7 221 222 223 232 250 259 263
31 219 221 224 225 228 230 231 232 236 237 238 239 241 242 243 245 246 247 248 249 250 251 252 254 255 257 258 259 261 262 263
14 219 222 225 228 229 230 231 232 240 241 244 250 254 261
21 220 225 230 231 232 233 234 235 236 237 238 239 241 242 245 250 251 254 255 262 264
21 219 220 223 224 226 232 233 236 238 239 241 245 254 256 257 260 261 262 263 264 265
11 220 221 233 235 241 244 250 252 259 263 264
26 219 221 222 225 226 227 228 230 231 232 234 235 241 244 245 248 249 250 253 255 257 258 259 261 264 265
7 221 229 231 233 234 256 261
8 223 228 239 240 242 245 260 265
10 225 227 230 235 238 245 257 260 261 263
12 219 220 226 229 230 232 241 243 244 259 261 264
25 219 220 222 226 230 233 234 235 237 238 241 244 245 246 247 250 252 254 257 259 260 261 262 263 264
16 220 223 226 234 235 238 239 245 247 248 249 251 260 262 264 265
10 225 231 235 238 250 251 252 255 259 263
20 219 222 224 227 230 233 237 242 243 244 245 246 247 248 250 252 255 256 259 260
17 224 227 228 230 232 236 237 238 240 244 248 250 253 255 257 260 264
26 220 222 225 226 228 229 231 234 235 236 239 241 242 246 247 248 249 250 251 253 254 255 260 261 262 264
2 252 254
17 221 224 227 233 236 237 242 243 246 252 253 255 256 257 258 259 263
15 219 223 227 231 233 237 243 244 245 248 250 251 252 255 256
15 219 221 222 223 224 234 236 237 239 240 249 254 255 259 265
25 220 222 223 224 228 229 230 232 234 235 238 239 242 244 245 249 251 253 254 255 256 258 260 264 265
19 222 224 229 230 231 236 237 238 241 243 247 250 252 253 254 255 259 261 264
19 219 226 230 233 234 235 237 238 241 244 245 246 247 250 252 257 262 263 264
10 223 228 234 236 240 242 253 256 257 263
9 219 222 226 230 231 253 254 256 262
6 223 228 239 240 245 265
17 219 221 222 225 230 231 234 235 241 244 248 249 255 257 258 259 261
6 221 226 235 239 249 254
11 219 220 224 226 228 233 245 246 254 258 264
12 220 222 223 224 228 234 242 244 245 249 255 258
12 219 220 221 227 231 234 236 252 256 257 258 260
6 226 233 234 238 249 254
7 227 233 234 240 249 254 257
1 252
14 220 221 223 226 227 232 233 234 242 246 256 257 262 265
6 223 228 240 242 245 265
16 219 230 234 235 241 244 246 247 250 254 257 259 260 261 262 263
5 221 231 233 234 261
4 228 239 245 260
7 226 233 244 248 249 257 261
11 219 225 226 229 231 234 235 237 258 260 264
10 223 232 234 238 241 251 253 257 258 261
2 223 229
9 224 226 237 241 242 255 258 262 264
7 220 230 231 232 247 254 256
11 220 223 232 236 238 254 256 257 260 262 265
4 237 243 260 262
8 222 224 232 238 241 246 257 261
10 219 220 226 229 230 232 243 244 259 264
5 240 244 251 257 262
6 226 240 248 249 257 261
10 224 236 238 242 243 251 256 260 262 263
13 222 225 227 233 240 243 244 245 246 248 251 252 257
14 221 227 229 230 233 234 237 244 245 248 252 254 255 263
15 219 223 225 228 233 235 240 245 250 252 253 255 257 263 265
8 219 222 223 236 239 249 255 259
11 224 226 238 239 241 246 249 257 259 261 265
4 228 239 240 242
11 222 227 235 243 244 245 246 248 251 252 257
3 236 237 257
9 220 221 223 239 249 250 253 263 265
3 223 239 246
6 222 225 226 236 244 250
9 219 223 228 235 236 248 255 257 265
6 220 226 229 230 232 244
5 236 237 248 249 252
17 219 221 223 224 233 237 238 240 243 244 245 252 256 257 258 259 265
10 221 233 236 237 242 246 252 257 259 263
10 220 221 225 226 228 231 235 239 249 264
6 222 223 232 250 259 263
12 223 232 234 236 238 240 251 253 258 261 262 263
7 234 237 242 243 261 262 264
8 233 237 238 248 250 251 252 258
24 222 224 228 230 231 236 237 239 240 241 243 244 249 250 251 252 253 254 255 258 259 260 261 264
13 222 228 229 230 234 240 243 244 247 248 250 253 258
17 219 220 224 226 232 233 236 238 239 245 254 257 261 262 263 264 265
21 220 222 225 226 229 235 236 239 241 242 246 247 248 249 250 251 253 254 255 262 264
8 219 223 228 229 236 259 260 262
13 220 223 226 235 238 239 245 247 248 251 262 264 265
7 220 223 230 249 250 253 265
8 219 220 224 228 245 246 258 264
12 219 221 224 227 231 234 236 252 256 257 258 260
7 225 235 238 245 257 260 261
9 219 221 229 232 239 240 254 258 263
4 240 242 251 257
10 219 221 227 229 233 234 237 245 252 264
6 237 242 243 251 261 262
15 219 221 227 236 237 240 241 243 246 247 248 259 261 262 263
7 220 221 230 238 249 253 265
23 222 223 226 228 229 230 233 237 238 239 240 243 244 247 248 249 251 253 254 261 263 264 265
5 221 229 231 256 261
6 221 222 224 227 241 259
14 220 226 234 235 239 245 247 248 249 251 260 262 264 265
12 221 223 224 234 236 239 240 249 254 255 259 265
15 219 223 224 227 230 232 233 237 240 243 245 252 256 257 263
6 219 224 229 237 259 262
18 222 226 230 233 234 235 238 244 245 246 247 252 254 257 260 261 262 263
5 221 222 223 259 263
12 219 222 233 237 243 245 246 247 248 250 255 259
7 228 231 235 239 249 264 265
5 221 222 224 227 241
11 221 223 227 232 236 243 248 251 253 256 265
6 225 228 239 254 264 265
8 224 225 227 247 249 255 258 261
6 221 229 231 233 234 261
9 222 225 226 230 232 236 239 240 246
11 219 222 226 231 243 246 253 254 256 257 262
5 225 241 250 253 256
13 224 227 228 230 236 238 240 244 248 250 253 255 260
6 220 221 233 235 252 263
16 223 229 230 233 237 238 242 243 246 247 249 254 255 261 263 265
6 221 233 235 239 258 263
12 224 236 237 238 240 242 243 247 251 256 260 262
6 223 228 240 242 246 255
16 220 224 227 228 233 236 238 241 248 249 252 253 254 255 256 261
15 220 229 231 232 233 241 242 244 247 250 251 253 256 262 264
5 225 230 247 250 256
23 224 225 228 229 231 236 237 238 239 240 243 244 247 250 251 252 253 255 258 259 260 261 264
6 223 235 243 255 259 260
6 225 239 242 243 246 259
14 222 228 234 236 241 242 247 249 250 251 254 255 260 264
14 219 223 226 227 229 243 246 248 249 252 256 259 260 265
4 240 242 251 257
3 244 257 265
20 219 222 224 226 227 229 243 246 247 248 249 252 253 256 257 258 260 261 263 265
13 220 223 226 234 235 238 239 245 248 249 260 264 265
4 238 241 246 259
13 225 226 233 235 236 240 245 249 252 255 257 263 265
11 220 227 234 242 243 250 253 256 259 262 264
12 220 226 232 234 242 245 246 248 257 262 263 265
13 223 226 234 235 239 245 247 248 249 251 262 264 265
11 219 221 234 236 237 240 249 254 255 259 265
16 221 222 225 227 228 230 231 234 235 237 240 242 243 247 250 253
9 221 229 230 233 234 245 252 254 255
20 221 222 227 229 230 232 234 236 237 239 240 241 244 247 248 249 256 257 261 265
14 219 220 221 227 231 232 234 235 236 250 252 258 259 262
15 220 224 227 228 230 233 236 238 241 245 247 252 254 255 256
4 224 242 256 262
9 221 229 233 235 239 240 254 258 263
22 222 225 227 228 229 231 234 235 237 240 242 243 244 246 247 248 249 251 252 253 255 259
4 229 231 233 234
13 220 231 232 233 236 242 245 250 251 254 255 262 264
16 219 220 221 226 227 232 234 235 242 246 248 256 257 262 263 265
11 220 226 234 235 239 247 249 251 260 262 265
4 235 240 247 262
12 219 221 227 231 232 235 250 252 256 257 259 260
8 219 222 223 235 245 247 251 258
7 226 236 237 241 242 255 262
9 219 223 224 234 239 249 254 259 265
10 225 226 229 231 234 237 243 258 260 264
5 221 223 232 250 259
8 224 226 236 237 242 254 255 258
9 220 221 239 243 246 251 252 263 265
11 222 225 227 231 235 240 243 244 245 248 257
8 220 229 230 231 232 239 247 254
4 243 260 261 262
10 220 223 234 242 246 253 255 256 259 262
13 220 226 228 231 233 241 242 243 246 247 248 250 256
18 219 221 228 236 237 242 243 245 246 247 248 249 250 251 254 257 261 262
6 227 233 237 238 258 260
14 223 224 228 229 231 232 236 239 242 249 251 253 258 265
18 221 222 225 227 228 230 231 234 237 242 243 244 247 249 250 251 255 259
14 221 224 226 227 228 229 240 243 244 253 256 258 259 265
13 219 221 222 223 224 234 236 237 239 249 255 259 265
6 225 231 238 251 252 255
12 220 223 227 229 234 235 240 244 253 256 260 264
16 219 222 224 227 230 233 237 242 244 245 247 252 255 256 259 260
14 219 220 221 223 226 233 235 242 245 246 248 262 263 265
9 223 224 228 234 240 246 255 257 263
16 222 223 228 231 232 236 239 241 246 250 253 258 259 260 261 265
6 219 221 229 235 254 258
6 219 232 256 259 260 261
16 220 222 224 228 229 230 232 234 235 238 239 242 251 255 258 265
6 229 232 234 256 259 260
10 219 220 222 223 235 245 247 254 258 265
8 223 229 238 240 251 258 261 263
6 221 223 230 238 263 265
8 221 229 233 235 239 240 254 258
9 220 227 243 246 250 253 255 262 264
10 219 221 227 232 234 250 252 257 259 260
8 227 230 235 238 245 257 260 261
9 220 227 234 242 243 250 256 259 264
10 222 223 234 236 237 239 249 254 255 259
9 220 233 235 241 244 250 252 259 264
7 222 223 234 239 253 261 262
8 229 231 234 237 243 246 260 264
13 230 231 235 237 238 239 241 242 245 250 251 255 264
1 254
7 223 235 243 247 251 259 263
14 225 230 231 232 233 235 237 238 239 242 245 255 262 264
13 219 222 227 230 233 237 245 246 247 248 252 259 260
6 219 232 256 259 260 261
12 223 226 235 238 239 245 247 249 251 262 264 265
12 219 222 225 229 230 231 232 240 244 250 254 261
20 221 224 225 230 231 232 236 239 241 242 243 245 246 248 249 250 252 254 258 262
10 220 234 235 238 239 245 247 248 260 264
12 220 223 225 226 227 234 242 246 250 259 262 264
13 219 224 230 233 243 244 246 247 250 252 255 256 259
11 219 220 222 235 245 247 249 251 252 254 265
12 219 221 223 224 234 236 237 239 240 249 254 255
14 220 222 223 226 227 229 233 234 235 253 256 260 264 265
12 220 230 231 236 237 239 241 242 245 251 254 255
10 222 224 226 229 232 238 241 246 261 265
12 221 224 227 236 237 243 255 256 257 258 259 263
17 219 221 223 224 227 228 229 240 243 247 248 249 252 257 259 260 263
9 222 225 226 230 232 240 244 246 250
8 223 225 227 234 243 246 262 264
5 230 235 245 260 261
6 220 229 230 232 254 256
10 219 222 229 231 243 246 253 256 257 262
14 219 225 226 228 235 240 245 248 249 250 253 255 257 263
8 227 233 238 248 251 252 258 260
8 222 226 232 236 240 244 246 250
5 221 227 241 244 246
12 219 220 223 224 226 232 233 239 257 260 262 263
6 219 229 232 247 256 261
13 221 227 231 240 242 243 244 246 250 251 252 255 259
13 219 227 233 237 244 245 246 247 248 250 252 255 260
14 225 228 230 243 244 245 246 247 248 249 251 253 255 263
14 220 228 229 232 242 243 246 247 250 251 252 256 258 262
10 222 227 233 244 246 247 250 255 256 259
9 226 227 233 234 238 244 249 257 261
14 220 225 228 230 234 235 236 240 242 247 254 262 263 264
6 224 235 240 243 247 256
6 225 241 242 247 250 253
21 220 225 226 229 231 234 235 236 239 241 242 247 248 249 250 251 253 254 260 261 262
17 222 223 232 234 235 238 239 242 244 245 251 254 255 256 258 260 265
16 220 224 227 228 230 233 238 245 247 248 249 252 253 255 256 261
15 219 220 234 235 238 241 244 245 246 247 254 257 259 260 262
7 222 224 230 241 244 251 265
8 222 225 226 230 232 236 239 250
14 224 227 228 230 232 236 238 240 250 253 255 257 260 264
14 220 222 223 229 232 234 235 239 242 244 245 254 260 265
6 223 235 247 251 260 263
20 220 222 223 224 228 229 230 234 235 239 242 245 249 251 253 254 255 256 258 260
6 225 231 238 250 259 263
18 219 226 227 232 233 235 236 237 242 246 247 248 250 252 254 258 263 265
6 223 240 242 245 260 265
10 226 233 234 238 240 244 249 254 257 261
8 222 223 226 240 244 260 264 265
18 221 223 224 225 228 229 232 240 242 243 248 249 251 253 255 256 258 265
11 224 238 240 242 243 247 251 256 260 262 263
14 224 227 233 236 237 243 246 252 253 255 256 257 258 263
5 228 236 237 249 257
5 223 239 240 245 265
8 225 231 235 239 245 249 254 262
16 220 226 229 231 232 241 242 244 246 248 250 251 253 256 258 262
7 223 235 247 251 255 260 263
4 243 247 256 262
9 222 224 226 232 239 257 259 261 265
5 225 238 245 261 263
9 224 236 238 242 247 251 256 260 263
13 220 222 223 225 228 229 234 239 240 241 245 261 262
19 219 225 226 227 228 230 232 235 241 244 245 248 249 250 253 257 258 264 265
5 221 229 231 234 261
19 221 222 223 227 229 232 234 236 241 242 244 248 249 253 256 257 260 261 265
5 231 250 252 259 263
13 220 227 232 233 242 245 246 248 256 257 262 263 265
17 219 221 226 227 231 236 237 240 241 243 246 250 252 257 259 261 262
15 219 220 221 223 227 232 233 235 242 245 248 256 257 262 263
9 219 220 226 229 232 243 244 261 264
7 222 225 235 241 247 250 253
9 221 231 235 239 245 249 254 262 265
5 224 235 242 247 262
4 251 255 260 263
12 219 223 231 233 237 243 244 248 250 252 255 256
16 225 230 233 234 236 237 238 239 241 242 245 251 254 255 262 264
7 219 220 229 230 241 244 264
8 223 244 245 248 251 252 255 256
8 229 230 234 245 248 249 252 264
8 223 224 228 236 240 242 253 257
10 224 242 246 252 253 255 257 258 259 263
6 221 223 230 238 263 265
17 221 223 227 229 230 234 237 240 241 242 244 248 253 256 257 260 265
9 223 236 237 240 249 254 255 259 265
11 219 221 234 242 245 246 248 256 257 262 265
11 220 236 238 240 242 243 247 251 256 262 263
7 220 221 231 237 248 257 262
23 222 223 225 229 230 233 237 238 239 240 241 243 244 245 247 248 249 253 254 255 261 263 264
10 219 225 240 245 248 249 250 257 263 265
14 221 224 225 227 229 232 236 242 243 249 253 255 256 265
10 219 220 222 223 235 245 249 251 258 265
14 221 223 232 233 234 235 242 245 246 248 256 257 262 263
6 225 230 232 236 239 240
8 222 224 239 241 246 249 257 259
11 221 222 224 226 229 232 239 241 249 257 265
8 219 222 225 230 231 250 254 261
5 227 238 248 250 258
13 219 220 221 227 231 232 235 236 250 256 257 260 262
16 219 220 221 223 226 227 232 233 245 246 248 256 257 262 263 265
15 219 221 225 232 236 239 241 245 247 249 252 254 255 261 262
11 219 224 227 233 234 241 252 253 256 258 261
9 228 236 247 248 253 254 255 256 261
5 224 227 238 244 259
21 219 221 222 223 224 227 228 229 240 243 244 246 247 248 249 253 257 258 260 261 263
1 252
7 224 227 238 242 252 258 261
6 223 228 239 240 245 260
7 220 221 233 244 252 259 264
6 229 232 239 240 254 258
6 221 223 230 238 249 263
10 221 222 224 232 238 239 241 257 261 265
11 221 224 227 232 233 240 243 244 245 256 263
10 220 228 230 235 240 254 260 262 263 264
13 223 226 228 233 235 236 240 245 248 249 250 255 257
9 219 220 226 229 230 232 244 259 261
9 220 221 225 226 228 235 239 249 254
7 221 226 228 231 235 239 265
1 252
16 221 223 229 230 236 237 239 240 242 244 247 248 253 256 257 265
10 220 224 236 238 243 247 251 260 262 263
19 222 228 229 230 231 234 235 237 240 244 246 247 248 251 252 253 255 258 259
17 220 222 226 230 233 234 238 244 246 247 250 254 257 261 262 263 264
9 220 221 231 232 243 245 251 252 263
11 219 226 228 245 248 249 250 253 257 263 265
12 219 227 233 237 243 244 245 247 250 256 259 260
9 221 233 235 241 244 252 259 263 264
18 220 222 223 225 226 228 231 232 236 239 241 246 250 251 253 259 260 265
9 222 226 227 233 234 235 240 244 264
22 221 222 225 227 228 230 231 235 237 240 242 243 244 246 247 248 249 251 253 255 258 259
30 221 222 223 224 225 226 229 230 234 235 237 238 239 240 245 246 247 248 249 251 253 255 256 257 258 259 260 262 263 265
25 219 220 221 223 224 227 228 229 234 235 236 239 240 242 243 244 245 246 251 253 254 257 261 264 265
18 219 220 223 226 230 236 242 243 244 245 247 248 250 255 256 260 263 264
31 219 220 222 225 226 230 233 235 236 237 241 242 243 244 245 248 250 251 252 253 254 256 257 258 259 260 261 262 263 264 265
28 219 220 222 224 225 226 227 228 229 230 234 236 238 239 240 241 243 247 248 250 251 252 254 256 260 263 264 265
21 222 223 226 229 230 232 233 234 235 238 241 247 251 252 253 256 258 259 260 262 264
15 220 221 222 225 228 229 232 234 238 239 243 244 246 260 264
20 224 225 226 229 230 231 233 234 236 237 240 242 244 245 248 250 255 258 260 263
25 220 223 224 225 227 228 229 232 234 236 237 238 240 241 243 246 247 251 252 255 256 257 261 262 265
22 219 220 221 222 226 227 228 232 233 234 235 238 240 242 244 245 247 254 258 259 262 264
20 223 224 226 227 229 233 234 236 244 248 249 252 254 257 259 260 261 262 263 264
18 222 224 225 227 228 233 238 241 243 245 250 252 255 257 261 262 264 265
17 220 223 225 231 233 236 238 240 242 244 245 251 252 253 256 258 260
23 219 221 222 223 225 226 228 229 234 236 240 241 242 246 248 249 251 252 253 255 256 261 262
15 222 223 226 227 235 238 241 247 248 250 253 258 261 264 265
21 221 225 226 227 229 231 236 238 239 240 244 246 247 251 252 253 254 256 258 261 265
32 219 220 222 223 224 227 229 230 231 233 238 239 240 241 242 243 244 246 248 249 250 251 253 255 256 257 258 259 260 261 264 265
19 222 225 228 237 238 240 241 242 245 247 250 252 253 259 261 262 263 264 265
17 222 229 231 232 234 240 242 243 248 251 252 253 256 257 260 263 264
27 219 221 222 223 225 228 229 230 232 233 235 237 240 241 242 243 244 247 248 249 251 256 257 259 260 264 265
14 219 228 230 234 235 238 240 243 244 246 247 249 264 265
14 220 221 225 226 228 231 232 233 236 238 245 247 250 252
29 220 222 223 226 227 228 229 232 233 234 235 236 237 239 240 242 243 246 247 248 249 250 251 252 255 258 260 262 265
30 219 220 221 222 223 224 228 229 230 232 233 235 236 237 239 240 241 242 245 247 250 252 253 254 255 258 259 260 262 265
29 220 221 222 223 225 226 227 229 230 236 237 239 240 241 242 243 245 246 249 250 252 253 254 255 258 259 261 263 264
21 220 223 224 226 228 231 234 236 237 239 242 243 246 249 251 254 259 260 261 262 264
32 220 223 224 226 227 228 229 230 231 232 233 238 239 242 244 245 246 247 248 249 250 251 252 253 255 257 258 259 260 263 264 265
32 221 222 223 224 225 226 228 230 231 233 234 236 238 242 243 244 245 247 248 249 251 252 253 255 257 258 259 260 261 262 264 265
14 219 225 230 232 233 235 236 239 243 245 246 250 260 262
21 219 224 225 226 229 231 236 238 243 244 245 247 248 249 251 252 253 257 260 261 265
14 219 222 225 226 227 234 236 240 242 243 246 251 252 259
15 219 235 237 238 240 241 242 244 246 248 249 260 262 264 265
20 220 223 224 225 226 231 232 237 238 240 246 247 249 250 251 253 256 259 264 265
30 220 222 226 227 228 229 231 232 233 234 235 236 239 241 242 243 244 247 249 250 251 252 253 256 257 258 260 261 262 264
26 220 221 224 229 232 233 234 237 239 240 242 246 247 248 249 250 255 256 257 259 260 261 262 263 264 265
16 221 225 227 228 231 236 238 240 244 246 248 250 254 255 257 258
30 221 222 223 224 227 228 229 230 232 233 235 238 239 240 242 243 244 245 249 250 251 253 254 255 256 257 258 259 261 262
18 221 226 227 231 232 234 236 237 238 240 242 246 247 249 251 255 263 265
23 219 220 221 223 224 226 228 230 233 237 238 241 243 247 248 249 251 252 253 256 260 261 262
17 220 224 230 231 232 233 234 236 242 246 248 250 251 253 260 262 263
21 219 221 225 227 234 235 237 238 240 243 246 247 250 251 254 255 258 259 260 261 264
20 219 220 221 222 226 229 230 231 234 239 240 246 247 249 254 255 256 257 259 262
24 219 228 232 234 235 239 240 241 242 243 244 245 246 247 248 249 251 253 254 255 259 262 263 264
22 221 222 224 225 226 228 229 230 233 236 238 239 241 242 246 247 252 254 256 259 262 263
23 219 220 222 225 228 230 232 235 239 240 242 243 247 248 249 250 251 252 253 254 256 258 265
26 219 224 226 227 228 230 231 232 235 236 239 240 241 242 243 246 247 248 249 250 252 253 257 260 261 264
22 224 226 228 230 238 239 240 241 244 245 246 248 250 251 253 256 258 259 260 261 262 263
19 219 220 222 227 228 230 233 236 239 240 241 242 245 248 250 255 258 261 265
21 220 222 223 225 232 234 235 236 238 239 245 249 250 251 253 255 256 258 260 261 264
21 219 223 226 232 233 236 237 238 239 241 242 243 251 252 253 255 257 258 259 260 261
17 220 222 224 226 230 231 234 235 236 237 241 245 246 251 255 258 264
32 220 221 223 224 225 226 229 230 232 233 235 236 238 240 241 242 243 244 246 247 248 249 250 253 254 255 256 257 260 262 264 265
17 222 224 228 229 232 233 235 245 247 248 250 251 253 255 261 262 265
15 219 221 225 229 230 235 237 239 240 248 249 250 261 262 263
23 219 220 221 222 224 225 230 231 233 235 238 239 241 244 245 251 252 254 256 257 258 262 265
30 219 220 221 222 223 226 227 228 229 230 231 233 234 235 236 237 238 239 240 241 242 243 244 251 252 254 257 258 262 264
22 220 223 225 227 228 229 234 235 236 242 243 244 246 247 249 250 253 256 257 258 261 263
23 219 221 223 225 226 227 229 230 231 232 235 237 243 246 248 252 253 254 255 258 260 263 265
27 220 221 223 224 225 227 229 230 233 234 238 239 241 242 243 244 245 250 252 253 255 256 259 260 262 264 265
23 219 221 225 227 228 229 230 231 235 237 239 243 245 247 248 249 251 252 253 258 259 262 265
21 219 221 222 223 225 228 230 232 233 237 239 240 243 244 245 248 250 252 258 260 264
23 219 220 222 225 226 227 233 235 238 239 242 243 246 248 252 253 254 255 256 258 259 260 263
26 219 223 225 227 229 232 233 234 235 236 238 241 245 246 248 249 250 253 256 257 258 259 260 261 263 264
17 219 223 224 228 233 235 236 239 241 242 247 251 254 255 256 259 264
16 225 229 232 236 237 240 243 246 250 254 257 259 260 263 264 265
31 219 220 223 225 226 227 228 229 232 233 234 236 237 239 241 242 243 244 246 247 251 252 253 254 255 256 258 259 263 264 265
23 219 220 221 223 228 230 235 236 237 238 242 245 246 247 250 251 253 257 258 259 260 261 262
28 219 223 224 225 226 228 229 230 231 234 235 236 238 242 244 247 248 249 250 251 252 254 256 257 259 263 264 265
22 219 220 225 226 231 232 234 236 237 243 246 247 249 251 252 254 257 260 261 262 264 265
31 221 223 224 225 227 229 230 232 233 234 235 236 237 238 239 242 243 244 246 247 249 252 253 255 256 257 260 261 262 264 265
20 221 225 226 228 230 232 235 236 238 241 242 244 245 246 249 253 255 258 260 265
22 219 220 224 228 229 230 231 234 235 240 241 245 250 251 252 253 254 256 259 261 263 264
28 220 221 223 224 225 226 227 230 232 233 234 238 239 242 243 244 246 247 248 253 255 256 258 259 261 262 263 265
21 220 223 226 227 228 231 237 238 241 242 243 247 248 249 255 257 259 260 261 264 265
19 219 220 228 229 234 236 238 239 240 243 244 246 247 251 252 253 258 259 261
29 222 224 226 227 228 229 231 232 233 234 238 239 240 241 242 243 244 246 247 248 249 250 251 254 255 256 258 259 264
31 219 220 223 224 225 226 227 228 229 230 234 235 236 239 240 242 243 244 246 248 250 251 252 254 256 257 259 260 262 263 265
25 219 222 225 226 227 228 234 235 236 239 240 242 243 244 246 247 248 249 250 251 252 254 256 261 263
15 219 221 225 229 235 237 238 239 240 243 244 247 251 256 265
30 220 222 224 226 227 229 230 231 233 234 236 239 240 241 243 244 245 247 249 250 251 253 254 255 256 257 258 260 262 265
20 219 222 225 226 232 234 237 238 239 240 242 243 244 246 249 250 253 254 257 264
15 223 225 227 235 237 238 239 245 248 249 251 253 256 258 264
31 219 220 223 225 226 227 230 231 232 236 237 238 240 241 243 244 245 246 249 250 252 253 256 257 258 259 260 261 262 263 265
18 219 220 222 224 227 232 235 236 237 242 245 246 248 249 256 260 261 265
16 221 223 225 229 230 231 234 236 237 240 241 244 246 250 258 259
26 223 224 225 227 231 233 234 235 236 238 239 240 241 242 243 245 246 247 248 252 253 256 257 259 261 265
30 219 223 224 226 228 229 231 232 234 235 237 240 241 243 244 247 248 250 252 253 254 256 257 259 260 261 262 263 264 265
14 220 224 225 230 231 232 233 243 246 254 257 258 260 261
18 219 220 223 224 233 234 238 242 247 248 250 255 256 257 258 259 260 262
26 219 224 225 227 228 229 230 231 232 233 235 241 242 245 248 249 251 255 256 257 258 260 261 262 264 265
26 220 221 225 226 228 229 230 231 233 234 235 236 238 240 245 247 248 252 254 255 256 260 262 263 264 265
29 219 220 223 224 225 228 229 230 231 232 233 234 235 236 237 240 241 243 244 245 246 248 250 251 254 255 258 259 261
27 219 220 222 223 224 225 228 231 233 235 236 238 239 240 241 242 247 248 249 254 255 257 258 259 260 261 264
19 219 223 226 230 234 237 241 244 245 248 250 252 254 256 257 258 262 263 264
14 219 226 227 228 230 240 241 244 246 248 249 258 259 260
15 221 222 233 234 235 237 240 245 247 248 249 254 257 261 263
14 226 227 229 231 241 246 248 249 250 251 258 261 262 263
19 220 222 227 229 230 234 236 237 239 242 243 245 247 248 250 255 261 262 264
23 219 220 224 226 229 232 233 235 236 238 239 240 241 242 246 247 249 250 251 252 262 264 265
29 219 220 221 222 224 225 226 230 231 232 234 235 238 239 240 246 248 249 250 251 253 254 255 256 258 259 260 262 265
27 219 220 221 224 225 226 229 230 231 232 233 235 239 240 241 242 247 248 250 252 253 255 256 258 260 261 263
31 220 221 222 225 226 227 228 229 231 232 233 237 239 241 242 243 244 245 247 251 252 253 255 257 258 259 260 261 262 263 265
20 219 220 221 222 224 228 229 230 232 234 241 242 244 245 246 252 258 261 263 264
27 223 224 225 227 229 230 233 235 236 237 238 239 241 242 244 246 247 249 251 254 256 259 260 262 263 264 265
19 219 221 223 225 227 228 229 232 235 236 240 242 246 251 256 258 260 262 263
18 221 223 224 225 229 230 234 238 239 241 250 251 255 257 259 260 261 264
24 220 221 223 225 228 229 231 233 235 236 237 240 241 243 246 249 255 257 260 261 262 263 264 265
21 219 220 222 227 230 233 235 236 237 238 241 242 245 250 251 252 253 254 261 263 265
16 220 224 232 235 236 237 239 241 242 243 245 249 250 255 259 260
23 219 220 221 222 224 225 226 227 230 238 240 241 243 244 245 249 251 253 256 257 261 262 264
17 223 226 231 235 237 239 240 242 243 246 251 257 259 260 261 264 265
23 220 227 228 229 230 232 236 238 241 242 243 244 246 248 250 252 253 256 257 260 261 264 265
26 219 220 222 223 225 226 227 229 230 231 236 237 240 241 243 244 247 248 250 251 252 254 255 258 259 262
20 219 221 223 226 228 229 234 236 242 247 251 252 253 256 257 258 261 262 264 265
18 219 229 231 232 234 237 239 243 244 245 248 249 250 252 254 257 263 264
30 219 221 222 223 225 226 227 229 230 231 233 234 235 236 237 238 239 242 245 247 249 250 251 252 253 259 261 262 263 265
24 219 220 221 225 227 228 231 233 238 239 241 247 249 250 251 252 255 258 259 260 261 262 263 265
31 219 221 222 225 226 227 229 231 232 234 235 236 237 238 239 243 244 245 246 247 249 250 251 252 254 256 257 259 260 263 264
18 221 222 224 227 228 230 231 232 233 237 240 247 250 251 259 260 264 265
30 219 220 221 222 223 224 225 227 228 230 233 236 238 239 241 243 245 246 248 249 250 251 252 253 254 255 257 259 260 262
19 219 221 228 229 230 236 237 239 241 247 249 255 256 257 258 260 262 263 265
29 220 222 223 224 225 226 227 228 229 230 233 235 236 237 240 241 242 244 249 250 253 254 256 257 258 259 260 262 263
17 221 225 226 229 230 231 232 233 235 239 242 244 254 256 260 261 263
24 219 220 227 228 229 230 231 233 235 237 238 239 242 245 246 247 251 252 253 254 257 260 263 265
25 219 220 221 224 226 227 228 229 230 231 232 233 234 236 238 240 241 242 243 254 256 257 259 260 262
15 223 225 226 228 229 232 233 235 237 241 243 245 250 255 264
21 220 222 226 230 231 234 235 236 237 238 240 242 245 247 249 251 252 254 260 261 265
23 221 226 227 229 233 234 236 237 238 239 241 245 246 249 250 252 253 255 256 257 261 264 265
22 219 226 231 236 237 239 240 241 242 243 244 245 246 249 250 251 252 253 255 256 259 262
23 220 221 223 224 229 230 232 234 235 236 237 240 241 244 246 249 251 252 253 254 255 258 259
26 220 222 223 227 228 230 231 232 234 236 239 240 246 247 248 250 252 253 254 255 256 257 258 259 262 265
21 220 226 227 229 231 232 236 237 239 240 241 244 247 251 253 257 258 260 263 264 265
22 221 225 226 230 233 235 236 237 238 239 240 242 244 248 249 251 258 260 261 262 263 265
23 219 220 224 225 226 229 230 231 232 233 237 240 242 244 247 249 250 251 252 254 255 257 263
21 220 221 223 226 228 229 234 237 238 239 241 242 245 247 248 249 250 253 259 263 265
20 220 221 222 227 232 233 236 237 238 239 245 246 253 255 257 259 261 262 263 265
32 219 220 221 223 224 226 227 228 229 232 233 234 235 237 238 241 242 243 244 245 246 249 251 252 253 254 255 259 260 262 263 265
22 219 221 222 223 225 228 229 231 238 241 243 245 246 248 251 252 253 255 256 260 261 265
14 220 225 226 229 230 232 233 236 245 253 257 258 260 264
21 221 224 226 227 229 230 236 238 241 242 244 247 249 251 252 253 256 257 258 261 263
27 220 223 224 226 227 228 229 231 233 236 239 240 242 243 245 246 247 250 251 253 254 257 259 260 261 263 264
23 221 223 225 227 228 231 232 234 235 238 239 240 241 242 246 250 251 252 253 257 259 260 261
25 220 222 223 224 225 227 229 231 232 236 240 244 247 248 249 250 251 253 255 256 258 259 260 261 262
32 220 222 224 225 226 227 229 231 232 233 234 235 236 237 238 239 241 242 244 245 246 251 252 254 256 257 258 259 260 261 262 265
18 222 223 224 225 226 228 232 233 235 237 240 241 243 250 252 257 263 265
32 219 221 222 223 224 225 226 227 229 231 232 233 234 237 240 242 246 247 249 250 252 253 254 256 257 258 259 260 262 263 264 265
32 219 220 222 224 226 227 228 230 232 233 234 235 236 240 241 242 243 244 245 247 248 249 250 251 253 256 258 259 262 263 264 265
22 221 222 223 224 225 229 230 231 232 233 234 237 239 242 244 251 252 258 259 260 262 265
19 220 221 223 224 225 226 228 231 235 239 242 248 253 254 257 258 262 264 265
25 220 221 223 224 229 230 231 233 237 241 242 243 244 245 246 249 250 253 255 256 257 258 259 261 262
14 219 229 230 232 233 235 240 241 243 244 255 257 259 260
29 219 220 222 223 224 227 229 230 231 232 234 235 236 238 242 244 245 247 248 249 250 251 254 255 257 261 263 264 265
14 222 224 228 229 230 233 234 239 241 243 249 253 259 262
16 222 223 226 228 229 230 236 237 246 250 256 258 259 262 264 265
18 221 222 223 224 225 229 230 238 239 240 241 244 246 247 251 256 258 265
29 219 226 228 229 230 231 232 233 235 236 237 238 239 240 241 244 245 246 250 251 254 257 258 259 261 262 263 264 265
28 219 221 222 224 225 226 228 229 230 231 232 233 234 236 237 239 241 243 250 251 252 255 256 257 259 260 263 264
27 221 222 223 224 225 228 229 230 231 232 235 236 240 241 243 244 245 246 248 249 251 253 258 259 260 261 262
19 221 224 229 233 235 236 242 244 248 250 251 253 254 257 258 259 260 263 265
24 221 223 226 228 229 230 233 234 237 239 241 243 247 248 249 252 253 256 257 258 260 261 262 265
23 219 226 231 233 235 236 238 240 241 242 244 245 246 247 249 250 253 254 255 256 258 260 262
21 219 225 228 231 232 234 235 238 239 240 241 243 247 249 250 251 252 254 260 262 265
32 219 220 223 225 227 228 229 230 231 233 235 236 237 238 239 240 241 243 245 246 247 249 251 253 254 255 256 257 258 261 264 265
23 221 222 225 227 228 229 230 235 236 237 241 242 245 250 251 253 255 256 258 261 262 263 264
26 220 221 225 226 228 229 230 231 232 235 236 237 239 240 241 242 243 244 245 248 250 252 255 257 264 265
24 219 222 223 227 231 235 237 239 240 242 244 245 249 250 251 252 253 254 255 259 260 263 264 265
24 219 220 221 222 224 225 226 231 235 241 243 245 247 248 249 250 251 252 255 257 259 260 261 263
28 219 220 223 224 226 230 231 233 235 238 239 240 242 244 245 248 249 250 251 253 255 258 259 260 261 262 263 264
20 222 223 224 225 228 229 231 235 242 243 245 247 248 250 253 255 256 259 262 265
29 219 221 225 228 229 231 232 233 235 240 241 242 243 244 245 246 247 248 249 253 255 256 257 258 260 261 262 263 265
29 219 220 221 223 224 227 228 229 230 231 234 238 240 241 243 245 246 247 249 251 252 255 256 257 258 259 262 264 265
18 221 223 225 229 231 233 234 238 241 246 247 252 253 255 256 258 259 260
15 222 231 233 236 237 239 242 244 245 250 253 257 260 261 264
23 221 224 225 228 230 231 235 236 237 240 241 243 245 248 249 255 256 257 258 261 262 263 265
20 222 224 225 229 231 232 233 235 238 242 243 244 248 250 254 258 262 263 264 265
25 220 221 222 226 229 232 235 236 237 240 242 243 245 247 248 250 252 253 255 257 260 261 262 264 265
27 220 222 223 224 225 227 228 230 231 232 234 235 236 238 239 245 246 248 250 252 253 255 257 259 262 263 265
16 219 221 224 225 226 228 231 233 239 240 242 244 250 253 262 264
27 220 221 222 223 225 226 227 228 229 232 233 238 239 243 245 247 250 251 252 255 256 257 258 259 261 262 265
19 219 222 223 225 226 230 232 237 239 240 249 252 254 255 257 258 261 263 264
24 219 223 225 226 228 232 233 236 239 240 242 243 244 245 247 250 253 254 255 256 257 261 262 264
26 219 222 223 228 229 230 232 233 235 237 238 239 241 246 247 249 251 254 255 256 257 259 260 261 264 265
21 220 221 222 223 228 230 234 235 236 239 242 243 245 246 248 253 254 256 259 263 264
16 220 225 233 236 237 238 239 241 250 251 252 254 255 257 258 261
16 219 223 226 233 243 244 248 250 251 252 254 255 256 260 261 265
18 219 221 228 229 230 231 238 239 241 243 244 254 255 258 260 261 262 265
16 220 221 223 224 226 229 233 238 240 242 243 247 249 250 261 263
15 220 225 226 228 236 237 243 244 248 250 252 254 258 260 265
25 219 220 221 223 225 226 227 228 229 230 231 233 234 235 239 240 241 243 246 249 254 256 261 262 265
16 223 224 226 228 230 235 236 241 244 246 250 251 252 254 264 265
16 219 224 229 230 231 232 235 236 238 242 243 247 252 256 257 261
29 219 220 223 224 226 227 229 231 232 233 234 236 237 239 240 241 242 244 246 247 248 249 254 255 256 258 259 261 265
30 219 221 222 223 224 227 228 230 231 233 235 236 239 240 242 243 245 246 248 249 252 254 255 257 259 260 261 263 264 265
14 222 225 232 236 245 247 248 252 256 258 260 261 264 265
20 219 221 224 225 226 229 231 232 234 237 245 246 248 251 252 253 255 256 259 263
21 221 222 224 225 227 229 231 235 236 237 240 248 249 250 252 254 255 256 257 260 263
14 220 224 225 229 232 238 243 246 248 249 257 260 261 263
30 219 220 221 223 224 226 227 228 229 230 231 232 233 238 240 242 244 245 246 248 253 254 255 257 258 259 260 261 262 265
27 219 221 226 227 230 232 233 234 235 239 240 242 243 244 247 248 249 250 251 252 253 254 256 258 260 264 265
16 219 220 221 226 227 229 230 231 234 236 237 238 247 251 253 263
14 219 224 227 233 241 246 247 249 252 255 257 260 262 264
14 224 225 232 236 240 242 246 247 251 253 254 255 256 257
14 221 222 223 227 233 234 236 238 244 245 246 247 256 262
16 220 222 224 225 226 228 232 237 239 241 242 246 257 258 261 264
30 220 221 224 226 227 228 229 233 234 235 236 238 240 241 242 243 244 246 248 249 253 254 255 257 258 259 260 261 262 265
15 221 223 230 240 242 245 246 247 249 252 257 258 259 262 264
23 219 222 227 229 230 231 232 234 235 238 239 240 242 244 245 246 250 252 256 259 260 261 263
17 219 223 224 225 228 230 234 235 236 240 243 249 250 252 254 261 262
23 221 222 223 228 230 232 234 235 236 237 239 241 246 247 249 250 252 253 255 258 260 262 263
29 219 220 221 222 224 225 228 229 230 231 232 234 236 239 240 241 244 245 246 249 251 253 254 257 258 260 261 262 265
15 225 227 233 237 238 240 242 243 245 246 251 252 254 256 263
18 219 220 222 225 230 231 234 236 237 238 240 248 256 257 258 259 260 265
15 226 230 231 234 235 237 239 243 247 250 255 257 263 264 265
32 219 220 222 223 224 226 227 229 230 231 233 236 237 238 239 243 244 247 249 250 252 253 254 255 256 257 258 259 260 261 263 265
15 222 224 234 237 240 246 247 249 250 252 255 256 257 258 263
14 219 222 230 231 232 238 243 247 249 250 255 260 262 264
18 229 231 233 236 238 241 242 244 247 249 250 254 255 257 261 262 263 264
17 220 222 224 225 228 233 234 235 240 247 249 250 251 254 259 261 264
29 220 222 223 224 225 228 230 231 232 233 234 235 236 238 240 241 242 243 244 245 246 247 248 249 250 251 258 259 265
27 220 224 225 227 228 231 232 234 235 236 237 241 244 245 246 247 248 249 251 252 253 254 255 256 259 260 261
19 220 221 223 226 227 229 234 236 241 243 245 246 247 249 254 260 262 263 265
14 219 224 227 234 237 245 246 248 251 252 253 257 258 262
30 219 220 221 223 224 225 226 227 229 231 232 234 237 238 241 242 243 244 245 248 252 253 254 258 259 260 261 262 263 264
20 219 225 230 231 232 238 240 242 243 244 245 251 252 253 254 255 256 258 260 263
30 219 220 222 223 226 227 228 230 231 232 233 234 235 238 241 244 245 246 248 250 251 252 253 254 257 258 259 260 261 265
21 219 220 222 223 229 232 233 235 236 239 240 241 242 244 246 247 251 259 263 264 265
26 220 222 223 227 228 230 231 232 233 234 237 238 242 243 244 247 248 249 253 254 255 256 257 258 259 261
16 221 225 228 232 233 234 236 239 241 248 251 253 255 261 262 264
31 219 220 221 222 224 225 226 229 230 231 232 234 236 239 240 241 242 244 245 247 248 249 253 255 256 257 260 261 263 264 265
23 219 220 225 226 228 230 231 237 241 243 244 245 246 249 250 253 254 257 258 261 262 263 264
22 220 222 228 229 230 231 233 234 236 237 239 241 242 243 244 246 247 249 250 252 255 260
31 219 220 222 223 225 226 227 228 229 230 231 236 239 240 242 243 244 247 248 249 252 253 254 255 256 257 260 261 262 264 265
15 222 224 225 228 232 233 237 240 246 248 253 254 263 264 265
30 219 220 221 222 224 225 226 227 228 231 232 233 234 236 237 240 241 242 244 248 249 251 252 257 259 260 261 263 264 265
32 221 222 223 224 225 226 227 228 229 231 235 236 237 238 240 241 243 245 246 248 249 251 252 253 254 255 257 258 259 260 262 263
29 219 220 222 224 226 227 229 230 232 233 235 238 239 240 243 244 246 247 249 250 251 252 253 257 260 261 263 264 265
30 221 222 223 224 229 230 232 233 234 235 236 238 239 240 242 243 244 246 248 250 252 253 254 255 256 257 259 260 261 263
26 220 222 223 225 227 228 229 231 233 234 237 239 240 241 244 245 247 249 250 251 252 256 258 260 262 264
16 220 224 226 231 234 235 244 246 247 249 252 255 261 262 263 265
32 219 220 221 222 223 226 228 230 231 233 234 236 237 238 240 241 242 244 248 249 250 251 252 254 256 257 258 259 260 261 264 265
16 220 221 222 225 233 234 238 249 250 252 253 256 257 258 261 265
29 220 221 222 225 227 229 230 231 232 234 235 236 238 239 241 242 245 246 248 252 253 254 255 256 258 260 261 262 263
22 219 221 222 223 224 225 228 230 231 233 236 238 247 248 250 251 252 253 254 258 260 265
28 219 222 224 226 229 231 236 237 238 239 240 241 242 243 244 245 247 248 251 252 255 256 257 258 260 262 263 265
20 220 221 223 225 227 228 230 232 237 239 241 242 243 244 253 254 256 260 262 265
25 220 222 224 228 229 232 238 239 241 242 243 245 246 247 248 250 251 252 255 258 260 261 262 263 264
14 220 225 226 230 232 241 242 245 250 253 254 256 261 264
30 219 220 223 225 226 228 229 232 233 234 235 236 237 238 243 244 247 249 250 251 253 254 256 257 258 259 260 263 264 265
30 219 220 221 222 223 225 227 229 231 233 234 236 237 238 239 240 241 244 245 246 247 251 252 253 254 257 261 262 263 264
24 219 220 221 223 225 226 228 229 230 232 233 235 237 239 246 250 251 254 255 256 258 259 264 265
16 221 226 229 231 233 237 238 239 247 251 257 258 261 262 263 265
14 220 221 225 226 228 236 242 243 253 256 258 259 260 264
17 221 222 225 226 228 237 241 242 246 251 252 253 255 256 259 264 265
16 219 221 223 226 230 235 239 242 248 250 251 253 258 261 262 264
23 219 220 223 226 231 232 234 236 237 238 239 242 244 245 246 247 252 253 254 255 257 259 260
28 219 221 222 227 228 229 230 231 233 235 239 240 243 244 245 246 247 248 249 250 251 252 253 254 255 258 263 265
31 219 220 223 224 226 227 228 230 231 232 233 234 237 238 239 241 242 244 245 247 250 253 255 256 257 259 260 262 263 264 265
31 221 222 225 226 227 228 229 230 231 232 233 234 235 236 237 239 240 242 243 244 246 247 248 250 251 253 254 256 261 263 264
24 221 222 226 228 230 234 236 237 239 240 241 242 243 244 247 248 249 250 253 256 260 263 264 265
27 219 224 225 228 232 233 234 235 237 238 242 244 245 247 249 250 252 253 254 255 256 259 260 261 262 263 264
31 220 221 222 223 224 225 226 227 228 229 230 233 235 237 238 240 243 244 245 246 247 252 253 254 255 256 258 259 260 262 263
25 219 221 222 224 228 229 231 232 233 236 238 239 241 243 245 246 247 248 251 252 253 255 257 258 259
28 221 222 223 224 226 227 229 233 234 235 236 237 238 239 241 242 244 245 246 247 248 250 253 254 255 260 261 263
18 219 220 223 225 227 228 231 235 237 238 239 247 255 256 257 259 264 265
23 220 221 222 224 226 228 230 231 233 237 238 240 242 243 244 246 248 250 253 255 259 260 265
31 219 220 222 224 225 227 228 229 231 232 233 234 236 238 240 241 242 243 245 246 247 248 249 250 251 253 257 258 260 261 264
31 220 223 225 226 228 229 230 232 233 235 236 237 238 239 242 243 244 245 247 249 250 251 252 254 255 258 261 262 263 264 265
29 222 223 225 226 231 232 235 236 237 238 240 242 243 244 246 247 248 249 250 251 252 254 255 256 257 258 260 261 264
31 219 220 221 222 223 224 226 228 231 233 234 235 237 238 239 240 242 243 244 246 249 250 251 252 253 256 258 259 261 263 265
30 219 221 222 223 224 226 227 228 229 230 231 233 234 235 239 241 242 247 248 251 253 255 256 257 258 259 262 263 264 265
25 220 221 222 223 225 227 228 232 233 234 235 240 241 246 247 248 252 256 258 259 260 261 262 263 265
23 219 225 228 234 235 236 239 240 241 244 245 246 247 249 251 255 256 257 258 262 263 264 265
14 219 223 226 227 229 232 239 245 248 249 256 258 260 262
30 219 223 225 227 228 229 232 233 234 235 237 240 241 244 245 246 248 249 252 253 254 255 256 257 258 259 260 262 263 265
30 220 222 224 225 227 228 229 230 231 235 238 239 240 241 242 243 246 248 251 252 254 255 256 257 258 260 261 262 263 265
28 222 223 225 226 228 229 230 235 236 238 239 240 241 243 244 245 247 248 249 251 252 253 256 257 260 261 264 265
16 220 221 222 225 227 229 232 233 241 243 244 248 256 257 262 265
32 219 221 223 226 227 228 229 230 231 232 233 234 237 238 241 242 243 244 246 247 249 250 251 252 253 255 256 258 259 263 264 265
24 219 221 222 223 225 227 228 233 235 238 239 240 244 247 248 249 250 251 252 255 256 261 262 265
19 219 221 225 226 233 237 240 241 242 243 247 252 253 254 258 259 262 263 264
26 219 220 221 222 223 224 226 227 229 230 233 234 235 237 240 242 243 244 246 248 249 252 256 261 262 264
17 222 224 229 230 233 234 236 242 243 245 247 248 254 256 258 259 263
28 219 220 221 223 224 226 227 231 232 233 235 236 237 238 239 240 241 243 246 247 249 252 256 257 258 259 262 264
14 220 224 225 226 233 234 235 236 240 241 246 249 255 258
16 220 227 230 233 240 242 244 247 248 249 250 253 258 259 261 263
23 219 225 226 227 229 231 233 235 237 240 241 243 244 245 247 253 256 257 258 259 260 261 262
29 220 221 223 224 227 229 230 231 233 234 235 236 240 241 242 243 244 247 248 249 250 251 252 255 257 258 259 260 265
23 219 221 225 234 235 236 238 239 240 242 243 244 246 247 248 249 252 256 257 260 261 263 265
31 220 221 222 223 224 226 228 229 230 234 235 237 239 241 243 244 245 247 249 250 251 254 255 256 257 258 259 260 261 262 264
16 220 221 224 226 228 231 237 238 243 246 249 250 254 259 263 265
14 224 226 229 234 235 242 248 249 254 255 256 257 259 264
28 220 222 224 225 227 230 231 232 235 236 240 241 242 243 244 246 248 249 250 251 252 255 257 258 260 261 264 265
25 220 221 224 232 233 236 237 238 240 241 243 244 246 247 249 250 251 253 257 259 260 261 262 264 265
30 219 220 221 222 223 224 226 227 228 230 232 233 236 237 239 243 244 245 246 248 251 252 253 258 260 261 262 263 264 265
17 220 222 223 224 225 227 229 239 245 246 247 249 252 262 263 264 265
31 219 222 223 225 227 229 230 233 234 235 236 237 239 240 241 244 245 247 248 249 250 251 253 254 255 256 257 259 261 262 263
28 220 221 222 224 227 228 232 233 235 236 237 239 240 244 245 246 247 249 251 253 254 255 256 258 260 262 263 264
20 219 220 223 229 231 236 237 241 242 244 245 248 251 252 254 255 258 262 263 265
16 221 229 233 235 236 237 241 243 247 250 251 253 256 258 260 265
19 223 225 226 227 230 232 234 243 246 249 250 255 256 258 259 261 262 263 264
