488 1591
74 1 2 3 4 5 6 7 8 9 10 11 12 13 14 15 16 17 18 19 20 21 22 23 24 25 26 27 28 29 30 31 32 33 34 35 36 37 38 39 40 41 42 43 44 45 46 47 48 49 50 51 52 53 54 55 56 57 58 59 60 61 62 63 64 65 66 67 68 69 70 71 72 73 74
38 1 2 6 8 10 12 14 17 18 20 27 28 29 31 32 34 38 39 40 44 45 47 48 49 52 53 56 57 58 60 62 64 65 66 68 70 72 74
54 1 2 4 5 6 7 8 9 10 12 13 14 16 19 20 22 24 25 27 28 29 31 33 34 36 37 38 39 40 42 43 44 45 46 47 48 53 54 55 56 57 58 59 62 64 65 66 67 68 69 70 71 72 73
52 2 3 5 6 7 8 9 10 11 12 13 14 17 18 19 20 21 22 23 24 25 27 28 29 30 31 33 36 39 41 43 44 45 47 48 49 50 51 56 57 58 60 61 62 63 65 66 67 68 72 73 74
23 8 11 14 15 18 20 22 34 36 41 43 44 54 56 59 60 62 65 67 69 72 73 74
45 1 5 7 9 11 13 14 18 19 22 23 25 27 28 32 34 36 37 38 39 40 41 42 43 45 46 47 48 51 52 54 55 56 58 59 60 61 62 63 65 66 67 70 71 73
51 1 2 4 6 7 8 9 10 11 12 13 14 15 17 18 21 22 23 24 25 26 27 28 29 32 33 34 35 36 38 39 40 41 42 43 44 45 47 49 50 52 54 56 57 58 59 62 64 68 70 72
41 1 3 6 8 10 11 14 15 17 21 23 24 25 26 27 28 30 31 37 38 40 41 43 44 46 48 49 51 53 55 56 60 61 64 65 66 67 68 71 73 74
40 2 5 8 9 11 12 18 20 21 22 23 25 28 31 32 34 35 36 44 45 47 48 49 53 54 56 59 60 61 62 63 64 65 67 69 70 71 72 73 74
52 4 5 9 10 11 14 16 17 18 19 21 22 23 24 26 28 29 31 32 33 35 36 37 38 39 40 42 43 45 47 48 50 51 53 54 55 56 57 58 60 61 62 63 64 65 66 68 69 70 71 72 74
50 1 4 5 6 8 10 14 15 16 17 18 20 22 23 24 25 28 30 33 37 38 39 40 41 42 43 44 45 46 48 49 51 52 54 55 57 58 59 60 61 63 64 66 67 68 70 71 72 73 74
37 3 5 7 9 12 14 16 17 21 22 23 24 30 33 34 37 39 42 45 47 48 49 51 52 53 54 56 58 61 62 65 67 69 70 72 73 74
59 1 2 3 4 5 6 8 9 10 13 14 15 16 17 18 20 21 22 23 24 25 27 28 29 30 31 32 34 35 36 38 39 40 42 43 44 47 48 49 50 51 52 54 55 56 57 58 59 60 61 63 65 66 67 68 70 71 72 73
23 3 4 14 16 17 18 22 25 28 29 31 33 34 36 37 39 48 53 54 56 57 65 72
26 2 3 11 14 16 20 23 24 27 29 30 32 37 39 41 42 43 45 48 50 56 57 59 67 72 74
58 1 2 5 6 8 9 10 11 12 13 14 15 16 18 19 20 22 23 25 26 27 28 29 30 31 32 33 34 35 36 37 38 39 40 42 43 44 46 49 50 52 54 55 56 57 58 59 61 63 64 66 67 68 69 70 72 73 74
38 2 7 8 12 15 16 17 19 20 21 22 23 24 28 34 35 36 37 38 39 41 43 45 46 47 52 54 55 58 60 61 62 68 69 71 72 73 74
52 1 2 4 5 6 8 9 10 11 13 16 17 18 20 22 24 25 26 27 29 32 34 35 37 38 39 40 41 43 45 46 47 48 49 50 51 52 54 56 57 58 59 60 64 65 66 67 68 69 71 73 74
29 1 7 8 11 15 16 19 22 23 28 29 30 33 34 42 43 47 49 52 54 56 59 60 63 65 66 68 73 74
48 1 2 3 9 11 12 14 15 16 17 18 19 20 21 23 25 26 27 28 32 33 34 35 36 37 39 40 43 44 45 46 47 48 49 53 55 57 60 61 62 65 66 67 68 70 71 73 74
30 2 8 12 13 14 17 18 27 28 33 40 41 42 43 44 45 47 49 50 54 56 57 61 62 63 65 68 71 72 73
26 12 22 23 24 28 30 32 36 39 43 44 45 47 48 49 51 52 53 54 62 66 67 68 69 71 73
37 1 4 7 8 10 11 12 13 17 19 21 22 26 27 28 33 34 36 37 38 39 40 42 45 46 48 49 51 53 54 56 62 65 70 71 73 74
52 1 2 3 4 5 6 7 8 9 13 14 16 18 19 20 21 23 25 27 28 30 31 32 33 34 35 38 39 40 41 44 45 46 49 50 51 52 54 55 56 59 62 63 64 65 66 68 70 71 72 73 74
42 2 4 5 6 7 9 10 11 13 14 15 16 17 19 20 23 25 30 31 32 37 38 40 44 47 49 50 51 52 53 54 57 58 59 60 63 66 68 70 71 73 74
27 1 7 9 10 20 24 28 38 40 41 42 43 46 48 49 50 53 54 55 56 58 60 61 62 68 70 72
47 1 3 4 6 10 11 12 13 14 16 18 22 23 27 28 29 30 31 32 33 34 35 36 38 39 42 43 45 47 48 50 51 52 54 57 58 60 61 62 63 65 66 69 70 71 72 74
59 2 3 4 5 8 9 11 12 13 14 15 16 17 18 19 20 21 22 23 24 25 26 27 28 29 30 31 35 36 37 38 39 41 43 44 45 46 47 48 50 51 52 53 54 56 57 60 61 62 63 64 66 67 68 69 70 71 72 73
31 4 5 8 10 12 14 15 16 18 28 29 30 31 32 35 37 39 45 46 48 49 51 53 54 56 59 62 63 65 70 73
56 1 2 4 5 6 7 8 9 10 11 12 13 14 15 18 19 20 21 22 23 24 25 26 27 28 30 31 35 37 38 39 41 42 46 47 48 49 50 51 52 53 54 55 56 57 59 60 61 62 65 67 68 71 72 73 74
55 1 2 4 5 6 7 8 9 10 11 12 13 15 16 18 19 21 22 23 24 26 31 32 33 34 36 37 38 39 41 44 45 46 47 48 49 50 51 52 53 54 56 57 59 60 61 64 65 66 67 68 69 70 72 74
22 2 3 4 6 13 15 24 27 31 32 34 37 41 43 47 54 55 58 59 60 63 70
54 1 2 3 4 5 7 9 10 11 13 14 15 16 19 20 22 23 24 25 27 28 29 30 32 34 35 36 37 38 39 40 42 43 44 45 46 49 51 52 53 54 56 59 60 61 62 63 64 65 66 67 68 70 71
51 2 4 5 6 8 9 11 12 15 16 17 19 20 21 23 24 26 27 28 30 31 32 33 34 36 37 38 39 40 41 42 43 44 45 46 47 48 50 51 55 56 57 59 60 61 62 64 65 66 69 70
40 1 2 3 4 5 7 8 9 11 13 14 15 21 22 27 29 38 39 40 41 43 45 46 47 48 50 51 52 53 57 58 62 63 64 66 67 68 69 72 73
46 1 2 3 4 6 9 11 13 15 16 17 21 24 27 28 30 31 33 34 36 39 40 41 43 44 45 47 50 51 52 53 54 55 57 59 60 61 63 65 66 67 70 71 72 73 74
26 1 10 14 16 18 19 21 22 23 24 25 27 28 31 33 43 47 48 52 57 58 59 67 70 72 74
55 2 3 5 6 8 10 11 12 14 15 16 17 19 20 21 22 23 24 26 27 28 30 31 32 34 35 36 37 38 39 41 42 43 44 46 47 49 50 52 53 54 55 56 57 58 59 60 61 64 65 68 70 71 73 74
39 3 4 5 8 11 12 14 16 17 19 20 23 25 27 28 29 31 33 35 36 38 39 43 44 45 46 47 48 51 52 54 56 58 60 61 66 71 72 73
40 1 4 6 8 14 15 16 18 19 20 22 23 24 25 26 29 30 31 34 35 37 38 39 40 43 44 45 48 50 51 53 54 55 56 60 61 64 69 73 74
45 1 2 4 5 6 7 10 12 13 16 17 19 21 22 23 28 30 32 33 34 35 36 40 42 43 44 45 46 48 49 50 53 54 56 57 58 61 65 67 69 70 71 72 73 74
57 1 2 3 5 7 8 9 11 13 14 16 18 20 21 22 23 24 25 26 27 28 29 30 31 32 33 34 35 37 38 42 43 44 45 46 47 48 49 50 51 53 54 55 56 57 59 61 62 63 65 66 67 68 70 71 73 74
52 2 3 5 6 9 10 12 13 14 16 17 18 19 20 21 22 23 25 26 27 28 30 31 32 33 36 37 38 39 40 41 43 44 45 46 50 51 52 53 54 55 57 59 62 63 66 67 68 69 71 72 74
41 2 4 5 7 8 9 10 12 13 15 17 18 19 20 21 25 30 34 36 37 38 39 40 42 44 45 47 48 50 53 54 57 60 61 62 64 66 68 70 72 74
46 1 3 4 5 8 9 11 14 16 19 20 21 23 24 26 27 28 29 30 33 34 35 36 37 38 40 44 45 46 47 49 50 51 52 53 54 55 58 60 63 65 66 67 69 72 74
36 1 2 3 4 6 9 11 13 17 18 19 21 22 24 35 38 40 41 42 43 44 45 48 50 52 53 55 59 60 61 64 67 70 71 73 74
33 1 7 8 10 11 12 15 19 20 25 26 34 36 37 38 41 42 43 44 46 49 50 51 52 54 56 58 61 62 65 72 73 74
22 11 13 14 16 18 20 21 25 33 34 36 37 41 44 46 47 61 66 69 72 73 74
44 75 76 77 78 79 80 81 82 83 84 85 86 87 88 89 90 91 92 93 94 95 96 97 98 99 100 101 102 103 104 105 106 107 108 109 110 111 112 113 114 115 116 117 118
29 76 77 79 80 83 84 85 87 88 89 90 92 93 94 95 99 100 101 102 103 105 106 107 108 109 111 113 115 116
29 76 78 79 80 82 83 84 85 87 90 91 92 93 95 96 97 99 102 103 104 105 106 107 109 110 112 115 116 117
19 75 78 82 84 85 87 88 89 91 98 99 101 102 105 111 112 113 114 115
30 77 78 79 81 82 83 84 85 87 88 89 90 93 94 96 97 99 100 101 103 105 109 111 112 113 114 115 116 117 118
29 75 78 80 82 83 85 86 87 88 90 91 92 93 94 97 98 100 103 104 105 106 107 109 110 111 112 115 116 118
23 76 79 82 83 85 86 87 88 92 93 94 99 100 101 103 105 108 109 110 111 115 116 118
14 76 78 79 81 84 88 92 93 95 100 103 111 112 117
27 76 77 78 79 84 85 91 92 93 94 96 97 98 100 101 103 105 106 107 108 109 111 112 114 115 117 118
33 75 76 77 78 80 82 83 84 85 86 87 88 89 90 91 94 98 99 100 102 103 106 107 108 109 110 111 112 114 115 116 117 118
18 75 79 80 84 85 86 88 89 90 95 96 105 106 107 109 112 115 118
33 75 76 77 78 79 80 83 84 86 87 88 89 90 92 93 94 95 96 97 98 99 100 103 104 106 107 108 109 110 111 114 117 118
16 79 80 83 84 96 98 99 101 105 107 108 109 113 114 115 117
33 75 76 78 79 80 82 83 84 87 88 91 92 93 94 95 96 97 98 99 100 101 103 104 105 106 108 109 111 114 115 116 117 118
24 75 76 77 78 80 81 83 84 86 87 89 90 92 98 99 104 107 108 109 110 111 114 115 118
29 75 76 77 78 79 80 82 84 85 86 88 89 90 91 95 97 98 99 100 101 102 104 105 106 109 115 116 117 118
34 75 76 77 80 82 83 84 85 86 87 88 89 91 92 94 95 96 97 98 99 102 103 104 105 106 107 108 109 112 113 114 115 116 118
24 76 81 84 85 86 88 90 92 93 97 98 99 100 103 107 108 109 110 111 112 114 115 116 118
28 75 76 78 80 83 84 85 86 87 90 91 92 93 95 96 97 98 100 103 105 106 108 110 112 114 115 116 118
13 76 78 80 81 86 89 92 101 102 103 110 115 117
32 75 76 78 79 80 81 83 84 85 87 89 90 91 92 93 94 95 100 103 104 105 106 107 108 109 110 111 113 114 115 117 118
31 76 77 78 80 81 82 83 84 85 89 90 91 92 93 94 95 97 98 100 103 104 105 106 108 109 110 111 113 114 115 116
17 75 78 79 81 85 92 94 96 97 100 102 106 111 113 114 115 117
21 75 79 80 81 88 92 94 95 96 97 98 100 101 104 105 106 108 109 110 114 118
14 75 77 81 89 93 98 100 105 108 109 112 115 117 118
33 75 80 81 82 83 84 85 86 87 89 90 91 93 96 97 98 99 100 101 102 103 104 106 107 108 109 110 111 112 113 114 115 117
19 77 78 83 84 85 87 90 91 93 94 95 96 97 101 106 108 111 114 117
26 75 77 78 79 81 82 85 86 87 89 90 92 93 94 95 96 98 99 103 105 106 111 114 115 117 118
13 75 78 80 82 91 100 102 104 108 109 110 111 115
30 75 76 77 78 80 81 82 83 84 85 86 87 88 89 91 92 93 94 95 96 98 99 100 102 104 109 112 114 115 117
33 75 76 78 80 81 82 83 84 85 87 88 90 92 93 95 96 97 98 102 103 104 105 106 107 108 110 111 112 114 115 116 117 118
31 76 77 79 80 81 82 83 84 85 86 89 90 91 93 95 97 98 99 100 102 103 105 107 108 110 111 112 113 115 117 118
33 76 77 78 79 81 82 83 84 85 86 87 88 89 91 95 96 97 100 101 102 103 104 105 108 109 111 112 113 114 115 116 117 118
33 75 76 78 79 80 81 82 83 86 87 88 89 90 91 92 93 94 95 97 98 100 101 104 105 106 107 108 109 111 113 114 115 116
14 78 82 86 88 90 93 94 95 105 109 110 113 114 116
26 76 77 79 80 81 82 83 85 88 90 91 95 96 97 98 100 101 104 107 108 109 110 112 113 116 117
14 76 81 82 85 88 91 102 103 106 107 114 115 116 117
16 79 82 83 87 88 89 90 92 93 98 99 100 101 108 111 114
22 75 76 79 80 82 83 85 86 91 95 96 97 98 99 100 101 108 110 111 116 117 118
22 75 77 78 81 82 84 86 87 88 92 94 96 100 102 103 104 108 109 110 113 116 118
22 75 76 77 79 81 82 83 84 86 88 91 93 95 102 103 105 106 107 111 116 117 118
18 75 76 80 81 89 90 94 95 100 102 105 106 109 112 113 114 115 116
30 75 76 77 79 80 81 82 83 87 88 89 91 92 93 95 96 99 102 103 104 105 106 108 109 111 112 113 114 115 118
21 76 78 83 85 87 88 90 91 97 98 100 101 104 105 107 108 109 111 113 114 117
36 119 120 121 122 123 124 125 126 127 128 129 130 131 132 133 134 135 136 137 138 139 140 141 142 143 144 145 146 147 148 149 150 151 152 153 154
12 119 124 127 132 133 140 141 142 147 148 151 152
23 119 120 121 123 124 126 127 128 130 133 134 135 136 137 138 140 141 142 145 147 148 149 150
18 119 120 123 126 129 131 132 133 135 138 139 141 142 144 145 146 149 152
25 120 122 124 125 126 128 130 132 133 134 135 136 137 138 139 141 142 144 147 148 149 150 151 152 154
26 119 121 122 123 125 126 127 128 129 130 131 132 135 137 138 139 141 142 143 144 146 147 148 149 152 153
26 119 122 123 126 128 129 130 131 132 133 134 135 136 138 139 141 142 145 146 147 148 149 150 151 152 154
25 120 121 122 124 125 126 128 131 132 134 135 136 137 138 140 141 142 143 144 145 146 147 148 151 153
21 119 121 122 123 124 127 128 129 130 132 133 135 138 141 146 147 148 150 152 153 154
12 120 126 129 130 134 135 139 140 146 150 152 154
13 123 124 128 129 134 138 139 141 142 144 146 148 152
20 121 122 126 129 130 131 132 136 137 139 141 142 143 144 145 147 151 152 153 154
13 119 121 123 125 127 128 136 140 146 148 150 151 154
19 119 122 123 125 127 128 129 131 132 133 135 137 138 139 144 146 150 152 153
11 120 121 123 124 125 126 127 128 131 140 149
16 119 122 124 125 126 128 129 131 135 137 138 140 145 146 147 154
28 119 120 121 122 123 125 126 127 129 130 133 134 135 137 138 139 140 141 142 143 144 145 146 147 150 152 153 154
47 155 156 157 158 159 160 161 162 163 164 165 166 167 168 169 170 171 172 173 174 175 176 177 178 179 180 181 182 183 184 185 186 187 188 189 190 191 192 193 194 195 196 197 198 199 200 201
24 156 157 159 163 165 167 170 171 172 174 176 177 181 182 185 186 187 189 190 192 194 197 198 200
19 155 161 163 164 166 169 170 175 178 180 182 184 189 191 192 194 197 199 200
21 160 161 164 165 166 169 170 174 177 180 183 184 186 187 189 190 191 193 198 199 200
26 156 157 159 160 161 163 164 166 168 169 174 178 181 182 184 187 188 189 190 191 193 194 196 197 198 199
34 156 157 159 162 163 164 165 167 169 170 171 172 173 174 176 177 178 180 181 182 183 184 186 187 188 189 190 191 193 194 196 197 200 201
14 155 158 162 175 177 180 185 188 191 193 194 197 200 201
16 160 162 166 170 173 177 179 183 184 185 190 192 196 198 200 201
26 155 156 158 162 163 165 166 167 168 170 171 173 174 176 177 178 179 180 181 183 187 188 192 196 200 201
29 155 157 158 160 161 162 163 164 165 169 170 171 174 175 178 180 181 183 184 185 188 189 190 191 192 196 198 199 201
29 156 157 158 161 163 166 168 169 170 171 174 175 176 179 181 182 183 184 185 187 189 190 192 195 196 197 198 200 201
31 155 156 157 158 159 160 161 162 164 166 167 169 170 173 176 179 180 181 183 184 185 187 188 190 191 195 196 197 198 199 200
19 162 163 165 166 167 168 170 172 173 175 176 183 186 190 191 193 194 195 198
31 156 158 159 161 163 165 166 167 169 170 172 173 174 175 176 178 179 180 181 182 183 185 186 187 191 192 194 195 196 200 201
23 155 158 161 166 168 170 171 172 174 176 178 180 181 182 185 186 189 190 192 194 196 198 199
14 155 162 166 170 176 177 178 179 183 185 186 195 196 199
24 158 161 163 165 169 170 172 173 175 176 177 178 179 180 181 183 187 188 189 192 193 194 196 198
36 155 156 157 159 161 162 163 164 167 168 169 170 171 172 174 175 176 177 178 179 181 183 184 185 186 187 189 190 191 192 193 195 197 198 199 200
31 155 156 158 160 162 164 165 166 167 168 171 176 177 179 181 182 183 184 186 187 188 190 191 192 193 194 196 197 198 199 200
37 155 156 157 159 160 161 162 164 166 167 168 169 170 171 172 174 176 178 179 180 182 183 184 185 186 187 189 190 191 193 194 195 196 197 198 199 200
19 155 156 157 158 162 164 166 167 172 174 176 177 181 182 184 189 198 199 201
36 155 156 157 158 159 160 161 163 164 165 166 167 169 170 171 173 174 175 176 177 179 180 181 183 184 186 187 188 190 191 193 194 195 196 199 201
23 155 156 157 158 159 160 163 165 167 169 172 173 176 177 178 181 189 190 196 197 198 199 200
34 155 157 159 163 164 165 167 168 169 170 171 173 175 176 177 178 179 180 181 183 184 185 187 188 190 191 192 193 194 195 196 197 199 200
32 155 156 157 158 159 161 163 164 165 166 168 169 170 172 174 176 177 178 180 181 182 185 186 187 188 190 192 194 195 199 200 201
25 156 157 158 159 164 165 166 168 170 172 173 174 176 177 179 181 183 185 189 190 195 196 197 198 199
22 156 158 160 161 163 166 167 168 169 178 180 181 183 184 185 187 189 192 194 195 196 197
34 155 158 160 162 163 164 165 166 167 168 169 170 171 172 173 175 176 178 180 181 183 185 186 187 188 190 191 192 193 195 197 198 199 201
22 158 160 163 165 170 171 173 174 175 178 180 181 182 185 186 188 189 191 194 196 199 201
25 155 156 164 165 166 171 173 174 177 180 181 182 183 184 186 187 188 189 190 191 192 194 195 197 198
34 155 157 158 159 160 161 163 166 167 168 170 171 172 173 174 175 176 177 178 179 180 181 182 183 186 188 189 191 193 194 195 196 198 199
24 155 156 157 158 160 161 170 173 174 176 181 183 184 186 187 192 193 195 196 197 198 199 200 201
32 155 157 158 159 160 161 162 163 164 165 166 167 168 169 170 171 172 173 175 176 177 179 181 182 183 185 187 190 194 197 198 200
22 155 159 161 163 166 170 176 177 178 179 180 181 184 186 190 193 195 196 198 199 200 201
15 158 161 164 166 171 177 178 180 181 183 185 188 196 200 201
32 156 158 160 162 164 165 167 168 170 172 173 174 176 177 178 179 180 181 182 183 187 188 189 190 191 192 194 196 197 198 199 200
20 156 157 158 163 165 170 172 173 176 177 180 181 184 186 192 194 195 196 197 201
30 155 158 159 160 161 162 163 164 166 167 168 169 171 172 174 175 176 177 181 185 189 190 191 193 194 195 196 197 199 200
36 155 156 157 159 160 161 162 163 164 165 168 170 171 172 174 175 176 180 182 183 184 185 186 187 188 190 191 192 193 195 196 197 198 199 200 201
16 156 160 163 166 168 170 175 176 177 184 185 189 190 195 200 201
37 155 156 158 159 160 164 165 166 167 169 171 172 173 174 175 176 177 178 179 180 181 183 184 185 186 187 188 190 191 192 193 194 195 196 197 199 200
25 159 160 161 164 165 168 170 174 176 177 178 184 185 186 187 189 191 192 193 196 197 198 199 200 201
36 155 156 157 159 160 161 164 165 166 167 168 169 170 173 174 175 176 178 179 180 181 182 183 184 185 187 188 190 191 192 193 196 197 198 200 201
29 155 156 157 158 160 161 166 169 170 171 172 173 175 176 177 180 184 187 188 189 192 193 194 195 196 197 198 199 201
23 156 159 160 163 168 169 170 171 172 173 175 177 178 181 182 183 186 187 188 189 194 195 199
15 156 161 164 167 168 171 176 177 179 180 184 185 189 191 194
20 156 159 161 165 167 170 172 173 174 178 179 180 185 186 190 191 193 194 195 198
17 155 164 165 167 174 176 181 183 184 185 186 190 191 194 197 198 200
31 155 156 157 158 159 161 162 163 166 169 170 171 174 176 177 178 179 180 181 184 186 187 188 190 191 194 195 196 197 199 200
25 157 159 160 161 162 163 168 170 172 173 175 176 178 180 182 184 186 187 188 190 192 197 198 199 201
25 155 157 158 159 160 161 162 163 165 170 172 173 174 175 176 180 182 183 184 185 186 192 195 200 201
20 156 158 159 160 166 167 168 173 174 176 179 180 186 188 191 192 195 197 199 200
25 158 162 165 166 168 171 172 175 177 180 181 182 184 185 186 187 189 192 195 196 197 198 199 200 201
23 155 156 157 158 164 166 168 169 170 174 177 182 184 185 187 188 189 191 194 196 197 198 201
29 157 158 160 163 164 165 166 167 168 169 173 176 177 179 181 184 185 186 188 189 191 192 193 194 195 197 199 200 201
15 158 161 162 167 168 173 177 178 187 189 191 192 193 194 195
29 202 203 204 205 206 207 208 209 210 211 212 213 214 215 216 217 218 219 220 221 222 223 224 225 226 227 228 229 230
22 202 203 204 205 207 208 209 210 213 214 216 217 218 219 220 221 222 223 225 226 227 229
21 203 204 206 207 208 209 210 211 213 214 215 216 218 220 221 222 224 225 226 229 230
22 203 205 207 208 209 210 211 212 213 214 218 219 220 221 223 224 225 226 227 228 229 230
19 202 203 205 206 207 211 213 214 215 216 218 219 220 221 223 224 225 227 229
16 202 203 206 207 209 212 214 216 217 218 221 225 226 227 229 230
15 203 204 205 209 210 212 215 218 219 222 223 225 226 228 229
13 203 204 206 208 211 214 215 216 217 218 220 224 225
11 205 208 210 211 212 213 216 217 218 224 230
20 204 205 206 207 210 212 213 214 215 216 217 218 219 220 221 222 225 226 227 228
12 206 207 208 211 215 218 219 220 221 226 228 229
10 205 210 211 216 217 218 220 221 222 226
20 203 205 206 209 210 211 212 214 216 218 219 221 222 223 224 226 227 228 229 230
9 204 207 208 212 214 217 220 223 226
13 203 206 207 209 211 212 215 217 218 223 226 227 230
15 202 203 208 210 212 214 215 216 219 221 222 225 228 229 230
21 202 203 204 205 206 208 209 212 213 215 216 219 220 222 223 224 225 226 227 229 230
10 204 205 206 209 212 213 214 217 220 226
22 202 203 204 205 206 207 208 209 210 213 214 215 216 218 220 221 224 225 226 227 229 230
22 202 203 204 205 206 207 209 210 211 212 216 217 219 221 222 223 224 225 226 227 229 230
20 202 205 206 209 211 213 214 215 216 217 221 222 223 224 225 226 227 228 229 230
20 202 204 205 206 207 208 209 211 212 213 215 217 218 220 221 222 225 227 228 230
16 206 207 215 216 218 219 221 222 223 224 225 226 227 228 229 230
13 203 209 210 212 216 217 221 222 223 224 225 226 227
16 202 204 210 212 213 214 217 218 219 220 222 223 224 226 227 229
17 202 203 204 205 206 207 209 213 214 215 218 220 221 222 223 226 227
17 202 204 205 207 208 210 212 213 214 215 216 218 219 220 226 228 229
13 202 203 209 210 211 212 214 215 225 226 227 229 230
13 203 207 208 209 213 214 215 216 219 220 223 224 226
22 202 203 204 205 206 208 209 210 211 213 215 217 218 219 221 224 225 226 227 228 229 230
10 204 209 210 217 218 219 220 221 222 225
18 203 207 208 209 210 211 213 214 216 218 220 221 222 223 225 226 228 230
14 205 208 211 215 219 220 221 223 224 225 226 228 229 230
21 203 204 205 206 207 209 211 212 213 215 217 218 219 221 222 223 224 225 226 228 230
8 202 206 214 218 220 224 227 229
21 203 205 208 210 211 213 214 215 216 217 219 221 222 223 224 225 226 227 228 229 230
17 203 204 205 206 209 211 214 215 216 218 219 220 221 222 223 226 229
22 202 203 205 206 207 209 210 211 213 214 216 217 219 220 221 222 223 225 226 227 229 230
10 204 205 208 210 211 217 218 220 222 228
12 202 203 204 215 216 217 219 220 221 222 224 227
11 204 205 206 207 209 212 213 215 221 224 228
14 202 204 210 211 212 215 217 221 222 223 224 227 229 230
13 202 208 210 211 213 214 216 218 219 220 221 222 229
19 202 203 204 205 207 208 209 211 212 214 215 218 220 221 224 225 226 228 230
19 202 203 205 207 208 210 213 214 215 216 217 219 220 222 223 225 226 227 230
17 202 203 206 208 209 211 212 214 216 220 221 222 223 224 225 226 227
11 202 205 207 215 219 220 222 223 224 228 229
23 231 232 233 234 235 236 237 238 239 240 241 242 243 244 245 246 247 248 249 250 251 252 253
11 231 232 233 235 236 237 238 244 245 251 253
12 234 236 238 239 242 244 245 246 247 250 252 253
15 231 233 236 237 238 239 241 242 243 244 245 246 248 251 252
11 233 235 236 237 238 240 244 245 247 248 250
17 231 232 233 234 236 237 238 239 241 242 246 247 248 249 250 251 252
7 232 238 242 246 249 251 252
8 233 236 237 238 239 245 251 252
15 232 233 234 235 237 239 241 242 243 245 247 248 249 250 252
7 232 233 237 243 245 248 251
13 231 232 234 235 238 240 241 242 244 246 247 252 253
8 231 235 236 241 247 248 251 253
10 234 235 237 239 242 245 249 250 252 253
13 232 234 236 237 241 242 245 247 249 250 251 252 253
17 231 232 233 234 235 238 239 240 241 242 243 246 247 248 249 251 252
7 232 233 235 236 238 239 244
15 231 235 236 238 239 241 242 243 244 245 246 247 249 251 252
11 231 233 236 238 239 242 244 249 250 252 253
15 232 233 234 235 236 237 238 239 240 241 243 245 246 250 251
16 237 238 239 240 241 242 243 244 245 246 247 248 249 250 251 252
9 234 237 241 243 244 246 247 248 252
16 234 235 238 239 240 241 242 244 245 246 247 249 250 251 252 253
9 231 232 233 243 244 246 248 250 253
7 231 235 239 243 244 246 252
17 231 232 234 236 237 240 241 242 243 244 245 247 249 250 251 252 253
15 232 234 235 236 237 239 240 241 242 244 246 247 248 249 252
13 231 235 236 239 242 244 245 246 247 248 249 250 252
17 231 232 233 234 235 236 238 239 241 242 243 244 245 248 249 252 253
15 231 232 233 235 236 238 240 243 245 246 248 249 250 251 252
16 231 232 233 236 237 238 239 240 241 242 243 244 245 248 249 252
9 232 233 236 242 243 246 247 249 251
14 231 233 235 236 237 238 240 242 243 244 245 247 249 253
9 234 235 237 238 241 243 245 249 253
17 231 232 234 235 236 237 238 239 241 242 243 245 248 249 250 251 253
12 231 232 234 238 240 241 242 243 244 247 250 251
8 231 237 240 241 242 243 247 250
9 231 236 237 238 239 243 244 247 252
15 232 233 234 238 239 240 242 243 245 247 248 249 250 251 252
14 231 233 234 236 238 239 240 241 243 244 245 246 247 253
12 231 232 233 237 241 242 243 246 249 250 252 253
6 233 238 241 243 249 250
9 232 233 234 241 244 246 247 248 251
17 231 232 233 235 237 239 240 242 244 246 247 248 249 250 251 252 253
7 232 233 236 239 240 248 252
12 235 237 240 241 242 246 247 248 249 250 251 252
13 231 232 235 236 237 238 240 241 244 248 249 251 253
11 232 233 236 239 243 246 247 249 250 252 253
15 231 233 234 235 236 237 239 242 244 245 246 247 248 250 253
17 232 233 234 235 236 238 239 240 242 244 245 246 247 250 251 252 253
12 232 234 236 238 240 241 242 243 244 245 250 252
8 231 232 235 237 240 245 246 252
13 232 234 235 236 238 240 241 242 243 244 245 249 252
14 231 232 233 234 235 236 237 240 241 242 243 246 250 252
17 233 234 235 237 238 239 240 242 243 244 245 246 247 248 250 251 253
9 234 237 239 241 242 247 248 251 253
8 233 237 239 241 244 246 251 252
14 231 232 235 237 238 239 243 244 246 247 248 250 252 253
16 231 232 233 234 235 236 237 240 242 243 244 245 247 250 251 252
11 232 235 238 242 243 244 246 248 249 250 251
4 258 260 272 279
11 254 256 257 259 260 261 265 266 271 274 277
13 256 259 260 261 264 265 267 269 270 271 273 274 279
10 254 255 262 266 269 272 273 275 277 279
5 260 263 268 278 279
18 254 255 256 259 260 261 262 263 267 269 270 272 273 274 275 276 278 279
12 254 255 256 257 258 260 261 266 267 272 275 276
2 256 278
10 255 256 258 259 263 265 266 270 271 272
10 255 256 258 262 265 269 271 272 274 277
6 256 259 260 262 272 274
6 257 260 264 267 268 270
7 255 258 264 268 269 276 278
10 254 260 261 262 267 268 274 275 278 279
2 263 271
6 257 264 269 273 276 277
7 254 255 258 265 272 274 279
6 258 259 263 265 271 274
4 262 263 271 279
13 254 255 257 258 262 263 266 268 272 275 276 277 278
14 254 259 261 262 264 265 267 268 269 270 271 274 275 276
4 261 264 266 267
4 256 261 276 278
9 256 257 259 263 264 266 267 271 277
4 263 269 273 275
5 262 268 270 275 278
5 260 261 269 273 276
11 255 258 262 264 267 268 270 272 276 278 279
7 254 257 259 270 273 275 276
6 255 257 263 266 273 277
10 259 264 265 268 269 270 273 274 277 278
11 254 257 261 265 266 267 270 273 275 277 279
8 257 258 264 265 266 268 271 277
2 268 278
10 254 255 256 257 258 260 261 266 267 272
3 263 265 274
3 260 272 279
3 261 264 266
1 278
6 254 257 262 266 275 277
9 256 259 260 261 269 272 275 276 279
7 259 268 269 270 273 274 278
4 257 260 267 270
2 263 273
6 255 258 264 267 278 279
6 254 257 259 273 275 276
9 254 255 256 259 263 269 272 273 276
5 254 261 266 273 275
5 260 262 267 274 279
5 255 256 265 266 270
2 264 267
11 256 260 261 264 265 267 269 270 271 274 279
1 256
3 263 269 273
6 264 265 269 273 274 278
7 256 259 261 265 267 271 279
1 256
2 260 278
4 254 265 272 279
5 256 260 262 272 274
1 278
4 259 260 262 274
6 259 264 265 268 277 278
3 260 261 269
2 263 269
5 254 255 265 272 279
1 278
3 263 268 278
4 259 262 272 274
9 254 255 256 259 261 269 274 275 276
3 263 269 275
6 255 258 262 265 269 271
5 255 264 269 276 278
4 255 265 272 279
5 255 264 268 276 278
3 268 278 279
2 262 278
7 255 262 272 273 275 277 279
7 255 257 258 263 268 276 277
5 254 257 259 271 277
7 264 265 268 270 273 277 278
8 254 256 257 259 265 266 271 277
3 257 266 273
9 255 256 257 258 260 261 267 272 276
2 262 270
6 259 264 265 269 277 278
5 254 265 272 274 279
16 254 255 259 260 261 262 263 267 269 270 272 274 275 276 278 279
9 256 259 265 267 269 271 273 274 279
9 256 259 260 261 265 270 271 273 274
11 254 256 259 260 262 263 269 274 275 276 278
4 257 260 268 270
4 256 259 262 272
5 258 263 265 271 274
4 257 270 275 276
3 258 265 279
2 261 269
9 255 262 267 269 270 272 273 274 278
3 257 264 267
9 259 262 264 265 267 269 271 275 276
3 257 260 270
3 258 271 274
4 259 263 265 271
7 259 265 269 270 273 277 278
3 260 272 279
7 259 264 265 268 274 277 278
7 257 259 263 264 267 271 277
6 258 264 266 268 271 277
5 254 257 270 275 276
2 260 263
3 260 278 279
5 257 264 265 266 271
3 254 265 274
10 254 259 261 262 265 267 268 269 274 275
2 261 276
6 254 262 269 272 275 277
5 254 260 262 275 278
3 260 263 278
7 254 255 262 273 275 277 279
2 261 278
11 256 259 260 261 264 265 267 269 270 274 279
6 255 258 264 272 276 278
5 254 257 273 275 276
3 258 260 279
14 254 255 259 260 261 263 267 270 272 273 274 275 276 278
8 254 256 259 261 266 271 274 277
6 255 258 264 268 269 276
11 254 259 261 262 265 267 268 269 270 271 274
11 254 255 257 258 262 266 272 275 276 277 278
1 278
10 254 255 262 263 266 268 272 275 276 277
2 261 267
5 258 264 265 266 277
3 256 276 278
7 256 260 261 264 265 271 279
4 263 268 278 279
8 254 256 257 261 265 271 274 277
6 254 257 261 270 273 277
8 254 259 262 264 265 268 271 274
6 255 256 259 263 270 271
3 264 266 267
3 254 257 259
2 264 267
1 278
2 261 267
7 259 264 265 268 269 270 273
4 260 267 268 270
3 262 263 271
7 255 258 267 268 272 278 279
11 254 255 256 259 260 261 267 269 270 272 278
13 254 255 256 260 262 263 267 269 270 273 276 278 279
18 255 258 259 260 262 263 266 267 268 269 270 271 274 275 276 277 278 279
15 256 258 259 260 262 263 268 270 271 274 275 276 277 278 279
16 254 257 258 259 260 263 264 266 267 268 269 270 271 272 275 278
8 254 256 261 262 263 268 274 278
12 255 260 262 263 265 267 268 271 272 275 277 279
10 255 257 258 265 266 267 270 272 274 277
11 254 258 261 264 268 270 271 274 275 278 279
15 254 255 256 258 262 263 264 266 267 269 271 274 275 278 279
12 254 255 259 261 262 263 264 265 266 267 275 279
8 259 262 263 267 269 270 273 276
17 254 256 260 262 263 264 267 269 271 272 273 274 275 276 277 278 279
10 255 259 260 262 263 264 275 277 278 279
14 255 256 257 259 260 261 265 270 273 274 275 277 278 279
18 254 256 258 260 264 265 266 267 269 271 272 273 274 275 276 277 278 279
15 254 256 258 260 262 265 266 268 269 270 271 272 274 275 277
17 254 255 256 257 259 261 262 263 264 266 269 271 272 274 276 277 278
10 254 255 260 261 262 263 265 267 268 276
8 255 256 259 260 263 264 268 271
9 256 258 259 262 266 271 274 275 276
9 254 257 260 261 265 271 272 274 277
14 254 256 263 264 265 266 267 271 272 273 274 275 276 278
8 255 260 261 262 266 274 278 279
15 254 256 257 258 259 261 264 265 266 268 274 275 276 277 278
16 254 255 257 260 261 263 264 265 267 268 270 272 274 276 277 279
14 254 255 257 258 259 261 268 271 273 274 275 276 278 279
17 254 256 257 258 259 260 261 262 263 264 266 267 270 273 274 276 279
10 254 255 259 260 261 269 270 273 278 279
17 254 255 257 258 259 260 261 262 264 265 266 267 268 270 271 274 278
8 254 257 263 266 267 271 274 276
8 254 256 267 272 273 275 276 277
13 254 255 257 260 262 265 266 267 268 269 271 272 276
15 254 255 256 258 259 260 261 262 268 269 271 275 276 278 279
11 254 255 258 259 261 262 264 273 277 278 279
8 256 257 260 262 264 267 272 273
14 254 255 256 257 259 263 268 271 272 273 275 276 277 279
17 254 256 257 259 260 262 263 264 265 266 268 270 271 274 275 276 279
16 255 256 257 258 262 263 264 267 269 270 271 272 273 274 275 276
13 254 255 258 259 260 265 266 267 269 272 273 274 279
12 254 255 256 257 259 262 264 267 270 271 272 279
14 254 256 257 258 260 263 266 268 270 271 273 274 277 279
14 254 255 257 258 260 263 265 266 267 268 269 272 278 279
16 258 259 260 262 263 264 267 268 269 270 271 273 274 277 278 279
8 255 259 264 266 269 275 276 277
16 254 255 256 257 259 265 266 267 268 269 270 271 272 273 277 279
10 256 258 259 261 265 268 272 273 276 279
13 255 256 258 259 263 265 267 268 271 274 276 277 278
14 255 256 257 258 260 266 269 270 272 273 275 276 278 279
11 254 257 260 262 265 266 267 272 273 274 278
12 256 258 262 264 267 271 273 274 275 277 278 279
11 260 261 263 264 267 268 269 270 275 276 277
14 254 256 258 260 261 262 264 265 266 269 271 274 275 279
13 254 255 257 258 260 261 264 266 269 270 272 274 277
13 254 257 259 260 264 265 268 270 271 272 275 276 277
17 254 255 257 258 261 263 265 266 267 268 269 270 271 272 275 277 279
10 255 257 261 262 265 268 270 277 278 279
12 258 259 260 261 262 264 269 272 275 276 277 279
14 255 256 257 258 262 263 265 266 268 271 272 273 277 279
9 254 258 259 260 263 265 268 271 272
9 254 255 258 259 263 265 266 274 278
13 257 258 259 261 262 265 267 270 271 273 277 278 279
12 254 255 256 257 261 264 266 267 271 275 277 279
17 254 256 257 258 259 260 263 265 266 267 268 269 274 275 277 278 279
12 257 258 259 260 264 266 268 269 270 273 277 278
11 255 256 257 258 263 265 266 269 271 272 274
17 254 257 260 261 263 264 265 268 269 270 271 272 273 275 276 277 278
15 257 258 259 263 264 266 267 269 270 271 273 275 276 278 279
8 254 256 260 261 262 267 268 272
13 254 256 257 258 259 260 261 262 266 268 269 271 273
9 257 261 266 269 270 272 274 276 279
11 254 255 259 267 268 269 270 272 273 277 279
10 254 255 256 258 268 272 273 274 277 279
13 254 255 257 259 265 267 268 270 273 274 277 278 279
11 257 258 259 261 262 264 266 270 273 274 278
8 254 259 267 268 270 271 274 275
8 258 260 262 271 274 276 278 279
13 254 255 257 260 261 263 264 267 268 270 271 272 274
16 254 256 257 258 259 261 264 265 266 267 268 269 270 271 273 279
7 254 256 259 262 271 272 273
7 256 260 266 270 272 275 279
14 256 257 258 260 265 267 268 269 270 273 275 276 278 279
10 254 255 259 260 264 265 270 272 276 278
13 256 261 262 263 264 266 271 272 273 276 277 278 279
11 256 257 258 259 260 262 263 264 272 273 274
11 256 258 262 270 271 272 273 275 276 277 279
9 254 259 260 261 264 269 272 275 276
14 255 257 262 263 264 265 266 267 268 269 272 273 274 276
16 256 257 258 260 261 263 264 265 266 267 269 270 272 273 275 276
12 254 258 259 262 265 267 269 270 271 274 278 279
10 254 256 259 262 265 268 269 271 275 278
12 254 255 257 259 262 265 268 269 271 272 273 278
8 257 259 260 264 270 271 273 277
8 264 265 266 268 269 272 274 275
11 254 255 258 259 261 268 272 274 275 276 278
15 255 256 258 259 262 263 265 266 267 268 269 271 273 276 279
14 254 255 257 259 260 261 262 265 268 270 272 273 277 279
9 255 258 259 260 261 264 266 274 275
10 257 258 260 261 265 267 269 272 274 279
15 254 257 259 260 261 262 264 266 268 269 272 274 275 278 279
9 254 260 261 264 267 268 274 276 278
14 258 260 261 262 263 265 266 269 271 272 273 274 275 279
13 254 255 257 259 260 261 264 267 268 272 274 278 279
8 256 258 261 263 266 269 272 277
8 256 259 266 268 271 274 275 278
14 254 255 258 259 260 262 264 265 266 267 274 276 277 279
12 255 256 259 261 262 263 265 266 271 272 273 277
14 254 255 260 262 263 265 266 267 270 274 275 276 277 279
16 256 257 258 260 261 262 263 264 265 266 268 270 274 275 276 279
8 255 259 262 264 265 266 270 271
13 255 256 258 262 264 267 268 274 275 276 277 278 279
10 257 258 261 262 264 268 270 271 274 277
8 257 261 263 264 268 270 271 277
14 256 257 259 260 261 263 266 267 271 272 273 275 277 278
10 254 260 266 267 268 269 273 277 278 279
13 254 255 256 258 260 266 268 269 270 271 272 274 279
10 254 255 256 258 260 266 267 269 277 279
11 255 258 261 263 264 267 270 271 272 275 277
9 254 257 260 270 271 272 277 278 279
12 254 255 257 258 259 261 263 266 272 274 275 277
8 254 255 259 262 263 273 276 278
5 280 284 285 291 297
5 280 285 289 291 294
4 285 296 297 299
3 280 288 292
5 282 283 287 293 296
7 280 284 286 288 290 292 295
6 280 281 283 293 295 298
4 286 288 290 291
4 281 287 291 295
5 284 289 290 292 293
6 280 285 290 293 298 299
10 281 282 283 284 287 288 291 295 296 297
5 283 285 294 295 298
9 280 282 287 288 289 293 296 297 299
8 281 285 289 291 294 297 298 299
7 287 288 291 292 293 295 297
6 283 285 291 294 295 298
4 281 286 289 295
15 281 282 283 284 286 287 288 290 292 293 295 296 297 298 299
13 280 281 282 283 284 285 286 289 290 294 296 298 299
6 281 284 286 290 291 292
7 282 283 286 294 296 298 299
6 282 283 287 288 290 293
13 280 281 284 285 287 288 289 290 291 292 293 295 297
8 281 284 289 290 293 296 297 299
5 292 294 296 298 299
7 280 282 283 286 288 294 298
4 282 294 296 297
4 286 289 292 294
6 284 285 287 289 292 299
3 282 286 287
3 282 294 296
7 281 282 283 288 291 296 297
2 282 287
7 281 284 287 295 296 298 299
7 281 289 291 294 297 298 299
2 280 292
4 288 291 292 297
4 285 291 297 299
3 286 289 292
4 284 285 292 299
1 287
3 292 298 299
5 285 289 291 297 299
4 284 289 292 293
3 292 294 299
2 282 287
2 292 294
7 280 287 288 289 293 296 297
5 281 286 290 291 292
3 282 283 298
8 280 284 288 289 290 291 295 297
7 280 282 287 289 293 296 297
3 283 286 299
2 281 286
3 281 287 295
4 285 289 292 299
2 283 296
2 287 295
3 280 290 298
2 285 295
1 282
3 284 286 291
11 280 281 284 285 287 288 289 290 292 295 297
10 280 281 282 283 285 286 289 290 296 299
2 285 289
2 297 299
2 286 289
4 280 285 290 299
2 282 294
3 282 283 293
2 285 296
2 286 289
2 289 294
6 287 288 291 292 295 297
3 286 290 291
2 280 292
10 280 282 283 284 285 286 289 290 294 296
4 280 293 295 298
7 281 284 289 293 296 297 299
4 280 284 290 295
4 284 285 291 297
2 282 286
10 280 281 282 283 284 285 290 294 296 299
5 280 285 293 298 299
2 285 296
4 286 294 298 299
4 281 290 291 292
3 283 295 298
2 281 291
3 284 289 290
5 287 288 292 293 295
9 281 283 284 287 288 290 295 298 299
3 284 290 293
4 280 284 285 291
2 280 288
5 283 286 294 298 299
2 286 294
3 289 291 294
3 286 289 294
3 282 283 288
2 282 287
4 285 291 295 298
3 292 296 298
7 281 283 284 287 288 291 295
1 286
6 287 288 291 292 293 295
5 281 284 286 290 292
3 285 294 295
4 286 296 298 299
4 284 289 292 293
2 296 297
4 280 285 290 293
8 281 282 283 287 295 296 298 299
5 281 283 293 295 298
3 280 291 294
2 280 284
5 282 283 286 294 298
3 286 289 295
5 282 283 287 288 293
3 282 294 296
5 282 286 294 296 298
12 281 282 283 284 286 288 290 292 293 297 298 299
7 282 283 284 286 287 288 292
4 280 283 293 295
1 280
9 280 281 283 284 285 289 290 296 299
5 281 289 290 297 299
13 280 283 284 285 286 287 288 289 290 291 294 297 299
8 282 286 287 288 290 295 297 299
10 285 286 287 288 291 292 294 296 298 299
10 280 281 284 286 288 290 292 293 295 298
7 281 283 284 285 289 291 296
6 280 287 289 291 292 299
6 281 283 284 287 296 298
13 280 281 282 287 288 290 291 292 293 294 295 297 298
8 281 282 286 288 292 297 298 299
8 282 283 286 289 290 294 296 297
8 282 283 288 292 293 295 296 299
9 280 282 283 284 288 290 291 293 299
7 282 284 286 287 295 298 299
7 282 285 287 290 297 298 299
7 280 281 282 291 292 294 299
11 280 282 286 288 290 291 292 293 295 297 299
10 280 285 286 290 293 294 295 296 298 299
8 280 281 282 287 289 291 294 296
7 284 285 288 292 295 297 298
9 280 284 286 287 288 290 292 295 298
9 280 282 283 285 290 291 292 296 299
13 280 281 282 284 285 286 288 289 291 292 297 298 299
10 280 282 283 285 286 287 288 289 293 297
13 280 282 285 286 289 290 293 294 295 296 297 298 299
13 280 281 283 284 285 287 290 291 293 294 295 297 299
7 281 282 284 293 294 295 296
9 284 286 288 289 290 292 293 294 297
9 281 282 285 287 290 292 295 296 298
8 280 286 287 288 290 292 293 297
11 281 284 285 286 288 289 290 293 294 295 298
10 282 284 285 286 292 293 294 296 298 299
11 282 284 285 286 287 289 291 294 297 298 299
7 284 287 288 289 292 296 297
13 280 282 284 287 289 290 291 292 293 295 296 297 299
10 281 282 283 285 286 292 295 297 298 299
12 280 281 283 284 286 289 291 292 293 296 297 299
6 283 284 286 288 291 295
13 280 282 283 285 286 288 289 290 293 295 297 298 299
8 280 281 284 290 293 294 295 298
10 281 282 286 288 289 290 294 296 298 299
6 280 285 287 294 295 296
10 280 282 283 285 286 288 289 292 296 299
8 280 282 284 285 289 290 296 297
9 280 283 285 288 289 292 293 295 296
13 280 282 284 285 287 289 291 292 294 295 296 297 298
7 282 288 289 290 291 296 299
11 281 284 286 287 288 290 292 293 295 298 299
6 282 289 290 293 295 298
10 281 286 287 289 290 291 294 295 296 297
13 281 284 285 286 288 289 290 293 294 296 297 298 299
8 280 284 285 287 291 292 297 299
12 281 282 283 285 288 289 290 292 293 294 296 298
8 282 283 285 287 289 294 297 299
12 280 281 282 283 286 287 290 292 293 294 296 297
10 280 281 282 287 289 290 291 292 297 298
13 280 284 285 288 289 290 291 293 295 296 297 298 299
10 281 282 283 285 287 288 291 294 296 299
7 282 285 288 292 296 298 299
9 284 285 290 291 292 293 294 295 296
9 281 283 288 289 292 293 295 297 299
9 280 281 282 290 291 292 295 296 299
12 281 283 285 286 288 289 290 293 294 295 298 299
9 284 285 288 289 290 294 295 296 299
6 280 282 288 294 295 296
13 280 281 283 285 286 288 289 292 295 296 297 298 299
7 280 282 283 284 288 290 296
10 280 281 284 285 287 292 293 296 298 299
13 280 281 282 283 284 285 287 288 292 293 295 297 298
12 282 283 284 285 286 287 289 291 292 294 298 299
12 281 282 283 285 288 289 290 291 292 294 297 299
12 280 282 285 286 287 288 291 293 295 297 298 299
10 280 282 283 286 287 288 292 294 296 298
13 282 285 286 288 289 292 293 294 295 296 297 298 299
12 280 284 285 286 288 291 293 294 295 296 298 299
12 280 281 282 283 287 288 289 290 291 292 294 295
10 282 284 287 289 290 291 293 294 295 296
7 282 284 288 289 291 296 299
13 280 281 283 284 285 286 288 289 290 291 293 298 299
12 280 281 282 285 286 287 288 290 291 296 298 299
11 280 285 286 287 290 293 294 295 296 298 299
11 280 283 285 286 287 288 289 291 293 294 297
12 281 284 286 287 288 291 292 293 294 295 297 298
7 281 282 284 287 294 297 299
9 282 287 289 290 292 293 296 297 298
6 284 289 291 297 298 299
10 280 285 291 292 293 294 295 297 298 299
9 281 282 291 293 294 295 296 297 299
8 287 288 291 292 295 296 298 299
11 280 284 286 288 289 291 292 293 297 298 299
6 280 282 288 293 296 297
9 280 281 283 286 287 292 296 297 298
7 280 281 285 287 288 293 298
12 281 282 285 287 288 290 292 294 295 296 298 299
9 280 281 285 287 289 291 293 295 296
12 280 282 285 286 287 288 290 291 294 296 297 299
10 280 282 286 287 289 290 291 294 297 298
10 281 282 285 286 287 288 289 290 291 298
16 300 301 303 304 305 307 310 312 316 319 320 321 325 326 328 331
4 300 306 322 324
10 301 303 310 315 316 320 321 326 329 330
17 301 302 303 305 307 308 310 312 313 317 318 320 323 325 328 329 331
25 300 301 302 303 304 306 307 308 309 310 311 312 314 315 316 318 319 320 321 323 326 327 328 329 330
12 300 307 311 312 313 316 317 318 322 323 325 327
15 300 306 307 308 311 312 313 314 315 318 323 324 325 326 330
7 305 313 317 322 324 325 331
6 300 301 304 309 316 323
11 304 309 311 314 315 316 319 321 326 327 330
9 300 303 304 305 315 320 323 328 331
8 306 308 309 314 317 322 324 327
12 303 305 307 310 312 314 315 317 319 320 322 331
13 302 304 306 308 309 311 312 314 318 319 324 327 328
20 301 302 303 304 305 306 308 309 310 314 315 319 320 321 324 326 328 329 330 331
7 302 306 311 321 327 328 330
10 300 303 305 311 315 316 322 327 329 330
10 301 306 309 310 312 313 319 320 323 324
15 301 302 303 304 309 310 316 317 320 321 322 327 328 329 331
3 302 321 326
11 301 302 307 310 312 314 319 322 324 325 327
7 308 313 318 324 325 326 329
9 301 303 304 305 315 317 320 326 328
2 305 319
9 302 306 314 316 318 323 327 329 330
12 306 308 309 311 313 316 317 318 321 326 329 330
9 300 305 307 313 317 322 323 325 331
10 307 308 311 312 313 321 322 324 325 331
8 302 311 313 315 318 323 329 330
4 300 309 310 319
9 304 307 308 314 317 318 325 328 331
11 302 304 306 308 309 311 312 314 318 324 328
7 305 307 313 317 322 325 331
15 302 304 305 306 308 314 315 319 321 324 326 328 329 330 331
6 303 310 314 315 317 331
6 303 310 315 316 326 329
6 301 303 305 317 320 328
7 300 303 305 311 315 329 330
7 303 304 305 315 320 323 331
7 301 303 304 315 317 326 328
5 300 303 315 320 331
3 300 306 324
5 302 306 316 329 330
5 300 305 315 327 329
18 300 301 303 307 308 309 310 312 314 315 316 318 319 323 326 327 329 330
4 300 304 315 328
20 300 301 302 304 306 307 308 309 310 312 314 316 318 319 321 323 326 328 329 330
5 306 308 317 322 327
5 307 308 318 325 331
7 308 309 314 317 322 324 327
8 306 307 313 315 318 324 325 330
1 319
5 308 311 313 322 331
7 304 308 314 318 325 328 331
8 301 302 307 312 319 322 324 327
5 311 313 315 323 329
5 305 315 320 326 328
5 308 309 314 317 324
5 306 308 309 322 327
7 311 312 313 321 322 324 325
5 313 318 324 325 326
9 303 305 307 310 314 317 320 322 331
10 301 302 303 310 316 317 321 328 329 331
9 304 306 311 312 314 318 324 327 328
3 318 326 329
8 300 301 307 310 316 320 326 331
1 319
1 319
7 307 311 316 317 323 325 327
1 319
4 309 314 322 324
8 307 308 311 312 321 322 324 331
2 300 310
4 309 317 322 327
4 302 313 318 330
6 303 310 315 321 326 330
11 306 307 308 311 312 313 314 315 318 324 326
12 301 302 303 304 309 310 316 317 321 327 328 331
8 302 304 306 309 311 314 327 328
3 302 321 328
9 306 308 311 313 316 318 321 326 329
8 301 303 315 316 320 326 329 330
10 300 301 303 305 310 312 316 321 326 328
7 308 311 312 321 322 324 325
5 302 311 318 323 329
21 300 301 302 303 304 307 308 309 310 312 314 315 318 319 320 321 326 327 328 329 330
15 302 303 305 307 308 310 312 313 317 318 320 325 328 329 331
3 309 316 323
10 303 305 307 310 312 314 315 319 322 331
7 309 313 316 317 318 329 330
6 306 308 317 321 326 330
17 301 302 303 306 308 309 310 311 314 315 318 320 323 326 327 328 330
1 305
1 319
3 322 324 325
2 300 310
10 306 307 308 311 312 313 315 318 323 330
2 302 321
8 300 303 305 315 316 327 329 330
6 303 305 307 312 317 322
5 313 317 324 325 331
5 306 308 317 324 327
8 300 303 304 315 320 323 328 331
7 300 304 305 315 323 328 331
6 303 305 311 327 329 330
12 301 304 307 314 315 318 319 320 321 326 327 331
20 302 303 304 306 307 309 310 312 313 315 316 322 323 324 326 327 328 329 330 331
13 301 302 303 305 306 307 312 314 315 316 320 327 328
18 300 302 304 306 308 311 313 314 318 320 322 325 326 327 328 329 330 331
13 300 301 302 306 311 313 319 322 325 327 329 330 331
15 304 307 310 311 313 314 316 317 319 323 324 325 327 329 330
19 300 301 306 307 308 309 310 311 312 314 315 317 319 320 321 322 323 325 329
12 300 301 302 310 312 315 317 321 324 326 328 329
16 300 301 302 304 307 311 312 316 318 319 320 322 325 326 329 330
12 302 303 305 310 311 313 314 319 320 328 329 331
20 301 304 305 307 308 310 311 312 315 316 317 318 319 320 321 324 327 328 329 330
20 301 304 305 306 307 309 310 312 313 314 316 317 319 320 321 323 324 325 327 328
20 301 302 303 304 305 306 307 309 310 311 313 315 316 317 318 324 326 329 330 331
10 302 304 307 308 315 320 323 327 328 329
17 301 303 304 305 306 310 311 313 314 316 323 324 326 327 328 329 330
16 300 303 306 309 311 312 313 315 316 320 321 322 324 325 328 331
12 301 302 311 315 317 320 321 322 323 324 325 326
18 301 305 307 309 310 312 313 314 315 318 319 321 324 325 326 328 329 330
12 301 302 303 307 311 317 321 324 325 326 328 330
18 301 302 303 304 305 307 308 313 314 315 317 318 320 324 325 326 329 331
20 300 301 302 303 304 305 306 309 311 314 315 317 319 321 322 323 324 328 329 330
11 300 302 304 305 311 315 321 325 326 327 331
15 301 302 305 306 307 309 310 316 317 318 319 321 322 328 329
14 301 305 306 313 314 315 316 317 318 321 323 326 327 328
20 301 302 303 305 306 309 311 312 313 316 317 319 320 321 323 324 325 326 330 331
21 300 301 304 305 306 307 309 310 312 314 316 317 318 319 321 322 323 325 326 328 329
16 301 302 303 307 308 309 310 311 314 316 318 323 324 326 327 331
19 300 301 305 306 307 308 311 312 313 314 315 316 317 321 322 323 324 330 331
11 303 304 311 312 314 315 316 318 322 325 327
9 301 302 305 309 319 322 323 327 330
13 301 302 306 307 309 311 312 318 319 321 322 324 325
19 300 302 305 306 307 309 310 311 312 314 315 316 319 320 322 324 325 327 331
19 300 301 302 303 304 305 306 308 310 315 318 319 323 326 327 328 329 330 331
17 303 306 308 309 311 312 315 317 318 319 321 322 323 328 329 330 331
18 300 302 303 305 306 307 308 310 311 312 314 317 318 319 322 323 324 328
19 305 306 307 308 309 310 311 314 316 317 318 321 322 324 327 328 329 330 331
18 300 302 304 307 308 311 312 313 314 315 316 318 319 320 321 322 323 326
11 301 302 303 306 314 316 318 320 322 325 326
21 300 301 302 303 304 306 308 309 310 311 314 315 318 320 321 322 323 325 326 329 331
19 301 302 305 306 308 309 310 311 312 313 315 316 317 318 322 324 325 330 331
14 301 302 303 308 311 312 313 316 318 323 325 326 329 330
16 303 307 308 309 311 312 314 316 318 319 322 323 325 326 330 331
14 305 313 316 317 318 319 320 321 323 324 327 328 330 331
18 300 301 302 303 304 306 309 311 316 321 322 323 324 325 326 327 329 330
9 300 309 315 317 322 323 325 327 328
22 300 301 303 306 309 310 311 313 314 315 316 317 318 319 320 321 324 325 326 328 329 330
18 300 301 303 306 307 309 310 312 315 316 317 318 320 322 323 327 329 330
21 300 301 302 304 305 307 308 311 314 315 316 317 318 319 320 323 326 327 328 329 330
15 300 301 302 304 305 307 308 309 310 314 316 318 321 324 326
13 302 305 308 309 311 316 319 322 323 325 328 330 331
12 301 302 304 306 311 312 314 322 325 326 327 331
14 301 302 303 304 305 313 314 316 320 322 323 325 330 331
19 301 302 303 304 305 306 307 308 311 312 314 317 319 321 322 323 326 328 330
10 301 306 307 313 317 322 323 328 330 331
16 302 305 307 308 310 311 314 315 316 317 318 321 327 328 330 331
12 301 302 306 308 312 315 317 318 321 322 327 329
20 300 301 304 305 306 307 311 313 314 315 317 318 319 320 321 324 326 328 329 331
21 300 301 303 304 305 306 307 308 311 312 315 316 317 320 323 325 326 327 329 330 331
19 302 306 307 309 311 314 315 316 318 319 321 322 323 324 326 327 328 330 331
15 301 302 303 305 307 310 311 312 313 315 317 318 319 321 324
21 300 303 305 306 307 308 309 310 311 312 313 314 316 317 319 320 321 322 324 325 328
10 307 311 314 318 322 324 326 328 329 331
11 303 304 306 312 314 316 318 322 326 327 328
17 301 302 303 304 305 308 311 312 314 315 316 317 319 320 326 328 329
11 304 306 308 314 317 323 327 328 329 330 331
22 300 301 305 307 308 309 310 311 313 315 316 318 319 320 321 322 324 326 327 328 329 331
11 303 309 310 313 320 321 323 324 327 328 329
11 302 306 307 313 314 317 319 320 322 326 328
20 303 305 308 309 311 313 314 315 316 317 318 319 320 321 322 323 326 327 328 330
19 301 302 303 304 306 307 309 311 312 313 315 316 319 320 321 324 328 329 330
18 300 301 302 305 306 307 308 310 311 312 314 317 320 321 322 325 330 331
13 304 307 309 310 311 314 316 319 320 321 322 323 326
14 301 302 303 305 308 310 311 313 314 323 326 327 328 329
12 302 303 304 306 308 311 318 320 321 326 329 331
21 300 303 304 305 306 307 308 309 311 314 316 317 318 320 321 322 325 327 328 330 331
9 333 337 339 340 342 344 346 354 355
7 334 335 336 337 344 351 354
5 332 335 342 352 355
8 339 340 341 342 343 346 347 350
3 341 350 354
9 335 336 337 342 344 345 346 347 348
6 334 335 336 338 341 348
14 333 334 335 336 339 341 342 343 344 345 347 350 352 353
5 333 338 343 349 354
4 340 342 344 352
5 332 342 344 351 355
3 332 343 350
6 334 339 340 341 344 348
6 334 335 336 337 338 343
4 332 338 345 348
8 336 337 345 346 347 350 351 353
6 333 338 339 343 349 352
4 332 348 352 353
5 333 349 352 353 355
8 333 338 341 345 347 348 354 355
6 332 334 340 351 353 355
5 342 344 345 346 355
4 337 343 349 352
12 332 334 335 336 337 339 345 347 349 350 352 353
16 332 333 335 337 338 339 341 344 345 346 347 348 349 351 353 354
10 332 337 338 340 346 348 349 351 354 355
12 332 334 335 336 337 339 343 346 349 350 351 353
12 333 338 340 341 342 343 344 346 348 351 354 355
9 333 334 335 336 339 345 347 353 354
6 345 347 349 351 352 353
6 338 340 341 346 348 350
9 333 339 340 341 347 349 350 351 354
8 334 336 340 342 343 350 352 355
3 335 336 338
10 333 338 340 342 344 346 348 351 354 355
5 336 337 347 350 353
4 335 336 338 348
3 334 339 340
5 339 341 343 347 350
5 335 336 337 351 354
7 333 339 340 347 350 351 354
13 332 333 337 338 339 341 344 345 348 349 351 353 354
3 338 346 350
3 337 343 352
5 335 336 337 342 346
2 342 351
2 337 349
6 337 339 342 344 354 355
4 336 337 344 354
2 332 355
3 332 352 353
2 340 344
5 334 335 336 338 341
5 333 338 341 345 348
4 335 337 344 354
6 336 337 345 346 347 351
5 339 340 343 347 350
5 347 349 351 352 353
2 342 344
2 332 338
3 342 344 345
3 338 349 352
2 341 354
6 334 336 340 343 350 355
3 338 339 343
2 340 352
11 332 333 335 337 338 339 345 346 347 348 351
4 336 346 350 353
5 337 346 350 351 353
7 333 337 339 340 344 346 355
8 333 336 339 341 342 343 345 347
3 334 335 343
4 339 340 341 348
7 336 339 345 347 349 350 352
3 345 349 352
3 334 336 348
3 345 346 355
3 334 340 351
3 332 352 353
5 339 342 344 354 355
3 349 352 353
5 338 340 341 346 348
6 334 336 342 343 352 355
4 333 338 343 349
6 333 339 340 341 350 351
6 334 336 340 342 343 350
5 336 345 346 350 353
4 338 341 348 350
3 332 342 351
3 333 343 349
7 333 338 340 341 343 344 354
5 339 343 346 347 350
4 332 342 351 355
2 352 355
7 332 334 335 336 337 339 345
4 345 347 351 352
9 333 337 338 339 344 345 346 347 351
2 343 352
6 334 336 340 343 352 355
1 354
13 332 333 335 337 338 339 344 346 347 348 351 353 354
7 333 337 339 340 342 346 355
4 340 351 353 355
11 333 334 335 336 339 341 343 345 347 350 353
3 333 349 355
7 333 341 345 347 348 354 355
9 333 334 335 339 342 343 344 345 347
4 339 340 341 348
8 333 334 341 343 344 345 350 352
5 338 341 347 348 354
4 338 345 347 348
3 342 352 355
3 333 352 355
2 333 349
3 343 349 352
4 338 343 349 354
5 333 338 343 349 352
5 339 340 342 343 350
4 333 338 343 349
2 333 349
3 342 346 355
7 333 340 341 342 344 348 354
4 338 340 341 350
2 332 348
8 334 335 336 339 345 347 353 354
6 335 336 342 344 347 348
4 336 345 347 351
2 338 354
3 349 352 353
10 336 338 340 342 344 346 352 353 354 355
8 334 337 340 347 348 352 353 354
14 332 336 337 338 341 342 343 344 347 348 349 350 351 355
11 332 333 334 335 336 340 342 348 350 351 355
16 332 334 335 337 338 340 341 342 343 345 347 349 350 351 353 354
13 332 333 337 338 339 340 345 346 347 348 350 352 355
8 335 338 340 341 342 346 347 349
12 333 336 337 339 341 342 343 346 350 351 354 355
10 334 336 338 340 342 344 347 349 353 354
13 332 333 335 336 337 339 342 343 344 349 350 351 353
10 334 335 336 337 339 340 343 349 352 354
12 332 333 334 335 336 338 339 340 344 350 352 355
16 333 335 336 338 339 340 341 342 344 345 347 348 349 350 352 355
16 332 334 335 336 337 338 340 342 343 344 345 346 348 350 351 354
7 332 335 341 343 351 352 355
14 333 335 336 337 338 339 340 342 345 347 351 353 354 355
9 333 335 336 340 342 348 349 351 353
8 332 339 341 344 347 348 354 355
10 334 335 337 343 344 345 346 348 350 354
9 334 335 338 340 341 342 344 349 354
16 332 333 335 336 337 338 339 340 342 343 345 350 351 352 353 355
10 333 334 335 338 340 346 348 349 353 355
7 332 335 337 340 344 350 354
13 332 333 334 336 338 340 342 344 345 346 348 353 354
11 334 335 337 339 341 344 346 347 348 354 355
15 332 333 334 337 338 339 342 344 345 347 348 349 350 354 355
15 332 336 337 339 340 342 343 344 345 346 347 348 352 354 355
13 332 335 336 337 338 339 342 343 344 345 349 351 354
16 332 334 335 337 338 339 340 341 342 345 347 348 349 350 353 355
11 332 334 340 341 343 344 345 348 349 353 354
11 332 334 337 339 341 345 348 349 351 354 355
7 332 333 335 342 345 346 354
16 332 333 335 336 337 338 339 340 341 342 343 345 347 352 353 355
12 334 336 337 338 339 341 342 344 345 347 349 353
9 336 337 339 341 342 343 345 349 352
16 332 333 334 335 336 339 340 344 345 346 348 349 350 351 353 354
16 332 333 336 340 341 342 344 345 346 347 348 350 351 352 354 355
10 333 338 340 342 343 345 346 348 351 354
16 332 333 334 338 339 340 341 342 343 344 346 351 352 353 354 355
15 332 335 336 338 340 341 342 344 346 347 348 350 351 352 353
16 332 333 334 335 339 340 341 342 343 344 345 346 348 350 351 352
9 338 344 345 346 347 348 349 350 355
11 336 338 339 341 342 344 348 351 352 353 355
11 332 333 335 339 341 342 343 344 345 347 348
14 332 333 337 339 340 341 343 344 345 349 350 351 352 353
16 332 334 337 338 339 340 341 345 346 347 348 349 350 351 353 355
12 332 334 337 338 342 344 347 348 350 353 354 355
13 333 334 335 336 337 338 340 341 342 344 347 351 355
12 332 336 339 340 341 344 345 349 350 353 354 355
10 334 335 336 337 342 343 347 348 350 353
9 332 337 340 346 347 350 352 353 354
12 332 334 336 339 340 342 344 345 348 349 352 355
14 332 333 338 339 342 346 347 348 349 350 351 352 353 354
12 333 334 336 337 338 339 341 345 350 351 354 355
15 332 334 335 336 337 339 340 343 346 347 348 351 352 353 355
15 335 336 337 338 340 341 342 343 344 345 347 350 351 354 355
8 338 339 340 341 342 345 348 350
15 332 335 337 338 339 343 344 346 347 348 350 352 353 354 355
10 334 336 337 339 340 347 348 349 353 355
15 332 333 336 338 339 341 344 345 346 347 348 352 353 354 355
16 332 336 337 338 339 340 341 342 344 347 348 349 350 352 353 354
15 332 333 334 335 336 338 340 343 344 345 346 347 349 352 355
15 333 335 337 340 341 342 343 345 346 347 348 349 351 352 353
14 332 335 336 337 339 340 343 344 346 348 349 350 353 354
12 333 334 335 338 341 345 346 347 351 353 354 355
12 332 333 334 335 336 340 344 346 347 349 351 355
7 332 333 334 338 343 346 352
7 336 340 347 348 352 353 355
15 332 336 338 339 340 342 343 346 347 348 349 351 352 353 354
9 332 333 334 344 346 347 350 352 354
13 333 334 337 338 339 340 342 343 344 349 350 351 355
12 333 334 336 339 342 344 347 348 351 353 354 355
16 333 335 338 339 340 342 343 344 345 347 348 349 350 351 354 355
9 334 340 341 342 343 344 350 352 353
8 336 338 340 345 346 352 353 355
7 333 338 342 344 348 354 355
9 338 343 344 345 346 348 350 351 352
14 332 333 334 335 338 340 341 342 344 346 347 348 349 355
9 332 333 337 339 347 348 349 350 353
15 332 333 337 338 340 341 342 344 346 347 348 351 352 353 355
13 332 333 334 335 337 338 340 344 345 347 350 351 355
7 332 334 336 340 341 351 352
9 341 342 346 347 349 350 352 353 354
10 338 339 344 346 348 350 351 353 354 355
13 332 333 335 336 339 340 342 346 348 352 353 354 355
7 332 339 340 346 349 352 354
12 336 337 338 341 343 345 347 350 351 353 354 355
12 332 333 334 335 340 344 346 347 348 351 353 355
11 335 336 337 338 343 344 346 348 349 351 353
12 336 338 340 344 345 346 347 348 349 351 352 355
12 332 333 334 336 343 344 345 348 349 351 354 355
15 332 333 335 337 338 340 341 342 344 345 349 350 351 352 353
9 335 338 342 343 344 351 352 353 354
8 332 337 339 340 346 348 349 351
9 334 337 339 343 344 345 348 354 355
16 332 334 336 337 340 342 343 345 346 348 349 350 351 352 353 354
35 357 358 362 363 365 367 368 369 370 372 374 378 381 383 386 387 390 391 392 393 397 398 400 401 402 405 406 407 408 409 411 412 414 415 416
30 358 359 362 368 369 370 371 373 374 375 380 381 383 385 386 388 390 392 393 397 398 400 402 407 408 410 413 414 415 416
21 358 361 363 364 365 367 371 372 378 380 383 387 389 390 392 393 394 401 407 411 416
39 356 357 358 359 362 364 365 368 369 370 371 372 374 375 377 378 379 380 381 382 384 387 391 393 394 395 396 397 398 400 401 404 405 408 409 410 411 415 416
41 357 358 359 360 361 362 364 367 368 369 372 373 374 375 376 380 382 383 386 387 389 390 391 392 394 395 396 397 398 399 400 401 402 405 406 407 411 412 413 415 416
17 356 358 361 363 366 367 368 370 376 379 387 392 395 396 409 413 416
39 356 359 361 362 364 366 368 370 371 372 374 376 377 378 379 382 383 384 386 387 389 390 391 392 394 396 398 400 401 402 403 404 405 406 407 409 412 413 414
31 356 357 360 361 363 364 365 366 367 372 376 377 378 379 382 384 387 389 391 394 395 396 399 401 403 404 405 406 409 411 412
22 357 358 360 363 365 367 369 373 375 380 381 385 388 393 395 397 399 408 410 411 415 416
36 358 360 361 362 363 364 365 368 369 371 373 375 376 377 379 383 384 385 387 388 389 391 393 395 396 397 399 400 403 406 408 409 410 412 413 414
22 360 361 363 366 367 373 376 383 385 386 388 389 390 392 399 402 403 406 407 412 413 414
21 356 359 362 368 369 370 377 381 382 384 385 386 391 395 396 398 400 405 408 409 415
18 357 359 369 371 372 374 378 381 384 397 399 400 401 405 408 412 414 415
23 356 360 363 369 372 376 377 378 380 383 389 391 393 394 396 398 399 400 401 402 410 413 415
5 366 388 402 403 414
10 372 378 382 386 392 394 398 411 415 416
20 356 363 365 366 370 371 377 378 379 381 384 385 388 393 403 404 408 409 410 414
15 356 357 359 366 367 370 374 380 381 390 401 402 404 405 407
38 357 358 359 361 362 364 365 366 367 368 370 371 373 374 375 379 381 382 384 385 386 387 388 390 392 395 397 403 404 405 406 407 408 409 411 412 414 416
31 359 360 366 370 372 374 378 379 380 381 383 388 389 390 391 392 393 394 396 398 400 402 403 405 406 407 408 409 411 412 413
30 356 357 358 361 362 363 364 365 367 368 369 371 373 375 376 377 382 384 385 386 387 395 397 399 401 404 410 414 415 416
26 356 359 360 361 364 366 371 373 375 376 377 379 380 382 384 385 388 389 394 395 396 399 403 404 410 413
14 357 360 373 374 375 376 379 397 399 404 406 410 412 413
26 360 362 364 365 373 375 377 380 382 383 385 386 388 389 390 391 393 394 398 402 403 404 406 407 410 411
14 362 369 370 377 381 384 385 386 391 395 396 400 405 409
31 357 358 359 362 364 365 367 368 370 373 374 375 379 381 382 384 385 387 390 392 395 397 404 405 406 407 408 411 412 414 416
22 360 361 362 363 364 368 369 371 375 376 377 379 384 385 387 389 391 395 396 397 413 414
16 356 357 362 364 371 373 377 384 385 386 387 395 397 399 401 404
26 356 357 360 363 365 366 367 372 376 377 378 379 382 384 387 389 394 395 396 399 401 403 404 406 409 412
7 357 360 373 374 397 399 412
33 356 359 361 362 366 370 372 374 376 378 379 382 383 384 386 387 389 390 392 396 398 400 401 402 403 404 405 406 407 409 412 413 414
10 356 359 366 367 370 381 401 404 405 407
24 357 358 359 361 365 366 367 368 371 373 374 379 381 382 385 386 395 397 403 404 406 408 411 416
17 360 362 364 365 377 380 382 383 385 389 391 393 394 403 404 406 410
8 378 382 386 392 394 398 415 416
23 359 365 368 369 370 371 372 374 378 379 381 393 394 395 397 398 400 401 404 405 408 409 410
22 358 361 362 363 364 365 371 377 379 383 384 385 388 391 395 397 403 406 408 409 410 413
3 366 388 414
21 356 357 358 359 362 364 365 369 370 374 375 377 379 381 384 393 396 397 400 409 416
18 362 365 373 375 377 382 385 386 388 391 393 394 398 403 404 406 407 411
3 366 388 403
4 366 388 402 403
34 356 359 361 362 364 366 368 370 371 372 374 376 378 379 383 384 389 390 391 392 394 396 398 400 401 402 403 404 405 407 409 412 413 414
28 356 359 362 364 368 370 371 372 374 377 378 379 382 384 387 389 390 394 400 401 403 404 405 406 407 409 413 414
10 363 365 366 381 385 393 404 409 410 414
18 359 360 366 370 372 380 383 388 389 390 391 394 403 405 406 409 411 412
24 362 364 367 368 369 372 373 375 383 386 390 392 394 397 398 400 401 406 407 411 412 413 415 416
13 356 357 359 366 367 370 374 380 381 401 402 405 407
20 356 361 365 366 367 372 376 377 379 382 384 387 389 394 395 396 399 404 405 412
18 356 362 368 369 370 377 381 382 384 385 391 396 398 400 405 408 409 415
10 360 373 374 376 379 399 404 406 410 413
9 356 366 370 374 380 390 401 405 407
8 372 378 382 386 394 411 415 416
7 386 392 394 398 411 415 416
23 359 362 366 370 372 374 378 382 384 386 387 389 390 391 392 396 401 402 404 405 407 413 414
5 372 378 394 398 416
23 356 358 361 362 364 365 367 368 369 371 373 375 377 382 387 395 399 401 404 410 414 415 416
16 360 361 364 371 373 377 379 380 385 388 389 395 396 399 404 413
21 361 363 364 366 367 372 376 377 378 379 382 384 389 391 394 395 399 401 405 406 409
3 388 402 403
22 356 357 360 361 363 365 366 367 372 378 382 387 389 391 394 396 399 403 404 405 409 411
12 363 367 383 385 389 392 402 406 407 412 413 414
12 358 361 363 372 378 380 392 393 394 401 407 411
16 363 369 376 377 378 380 391 393 394 396 398 399 400 402 413 415
32 358 359 360 362 367 368 369 372 373 374 375 376 383 387 389 391 392 394 395 396 397 398 399 400 401 402 405 407 411 412 413 416
2 388 403
9 371 372 374 378 381 384 401 405 408
11 360 369 372 377 378 383 396 399 401 413 415
16 356 363 365 370 371 377 378 379 381 384 385 388 404 408 409 410
11 356 369 370 377 381 382 385 386 391 396 400
20 356 359 361 364 366 377 378 384 386 391 394 400 401 402 403 404 409 412 413 414
25 358 360 361 363 365 371 375 376 377 384 385 387 388 391 393 395 396 397 400 406 408 409 410 413 414
13 360 362 364 365 373 377 382 386 389 390 398 407 411
15 358 359 362 368 369 373 374 380 381 390 400 402 407 413 415
33 356 357 358 359 362 364 365 369 370 371 372 375 378 379 381 382 384 387 393 394 395 396 397 398 400 401 404 405 409 410 411 415 416
25 358 359 362 368 369 370 373 374 380 383 385 386 388 390 392 393 398 400 402 407 408 410 413 414 416
29 358 359 362 364 365 368 370 371 372 374 378 379 380 381 382 384 387 391 394 395 397 400 404 405 409 410 411 415 416
11 356 358 363 366 368 376 379 396 409 413 416
23 357 360 361 362 364 367 368 372 374 380 382 386 389 390 391 395 397 401 405 406 407 413 415
24 356 357 358 359 362 364 365 369 370 371 372 375 380 387 393 395 396 397 398 401 409 410 415 416
14 357 358 363 365 367 369 375 385 388 393 395 408 415 416
13 357 358 360 363 369 373 380 393 395 399 411 415 416
13 358 360 363 365 369 373 375 380 388 397 399 415 416
18 360 362 364 365 369 375 376 379 387 388 396 397 400 403 408 409 412 414
13 360 365 367 373 385 388 393 395 397 399 411 415 416
15 356 363 365 370 371 379 381 384 385 388 393 403 404 408 409
13 356 359 366 367 370 374 380 381 390 402 404 405 407
9 357 366 367 370 380 381 390 401 402
21 358 362 367 368 369 370 372 381 387 390 392 393 397 398 401 402 407 409 412 414 415
11 357 360 374 376 379 397 399 404 410 412 413
27 356 359 361 364 366 368 370 371 374 376 377 379 382 386 387 389 390 392 400 401 402 405 407 409 412 413 414
26 360 361 363 365 368 369 373 375 376 379 383 385 387 388 389 391 393 395 396 397 399 400 403 406 410 414
19 357 358 360 363 367 369 373 375 380 381 388 395 397 399 408 410 411 415 416
9 357 360 374 376 399 404 406 410 413
9 357 360 373 374 376 397 404 410 413
24 358 360 362 365 369 371 375 377 379 383 385 387 389 391 395 400 403 406 408 409 410 412 413 414
21 360 362 364 365 373 375 380 382 383 386 388 391 393 398 402 403 404 406 407 410 411
16 358 363 364 365 367 371 372 378 383 387 389 390 401 407 411 416
4 366 402 403 414
16 357 358 360 363 369 373 380 381 385 388 393 395 397 399 408 415
7 372 378 392 394 398 411 416
21 356 359 364 366 370 372 376 377 384 389 390 391 392 394 396 398 401 402 403 405 409
10 356 359 366 367 374 381 390 402 404 405
17 356 360 363 369 372 377 383 389 391 393 394 399 400 401 402 410 413
17 362 368 369 370 377 381 382 384 386 391 395 396 398 400 405 408 409
33 356 357 358 362 364 365 368 369 371 375 377 378 379 380 382 384 387 391 393 394 395 396 397 398 400 401 404 408 409 410 411 415 416
14 363 366 370 371 377 379 381 384 388 393 403 404 408 410
15 356 358 361 363 366 367 368 370 379 387 392 395 409 413 416
11 357 369 374 378 381 397 399 401 408 414 415
28 359 360 361 362 364 367 368 369 372 373 374 375 376 380 382 383 386 387 389 390 391 396 401 405 407 412 413 415
29 356 361 362 364 366 370 371 374 377 378 379 383 384 386 387 389 391 392 396 400 401 402 403 404 405 406 407 409 412
8 372 382 392 394 398 411 415 416
17 358 361 363 365 367 372 378 383 387 389 390 392 393 394 401 411 416
10 357 360 373 376 379 397 399 404 406 410
23 358 360 361 364 365 368 371 375 377 379 383 384 385 389 391 393 399 403 406 408 412 413 414
15 360 362 364 365 373 377 380 383 389 393 394 402 403 404 411
10 357 359 372 374 378 397 408 412 414 415
13 359 362 368 370 377 382 385 386 395 398 400 405 409
34 356 359 361 362 364 366 368 370 371 372 374 376 377 378 379 386 387 389 390 391 392 394 396 398 400 401 402 403 404 405 407 412 413 414
18 359 360 366 370 374 378 379 381 383 390 392 393 396 402 403 407 409 413
13 360 362 364 373 375 383 388 389 390 403 406 407 410
16 356 362 370 377 381 384 385 386 391 395 396 398 400 405 409 415
19 356 357 360 361 363 364 365 366 367 372 376 377 391 394 395 399 409 411 412
19 357 364 365 366 372 376 377 378 382 387 391 394 399 401 403 404 405 406 411
19 368 369 371 373 374 383 385 386 390 392 393 397 398 400 408 410 413 414 416
11 356 371 378 379 384 385 393 403 404 408 410
22 357 360 361 363 366 372 376 377 378 382 384 387 389 391 396 399 401 403 406 409 411 412
18 356 360 363 369 376 377 383 389 393 394 398 399 400 401 402 410 413 415
11 359 369 371 372 378 397 399 401 405 408 412
8 357 360 373 376 379 404 410 413
23 356 359 360 361 364 366 371 373 376 377 379 380 382 384 385 388 389 394 395 396 399 410 413
11 361 366 373 376 386 392 402 403 406 407 413
28 356 357 359 361 362 367 368 369 370 376 377 379 380 384 390 391 392 393 395 397 402 404 405 406 407 412 415 416
40 357 360 362 363 364 365 366 367 369 370 373 374 376 378 379 380 381 382 385 386 387 389 390 392 393 394 395 398 400 401 403 404 406 407 409 411 412 413 415 416
41 357 358 359 360 361 362 366 367 371 372 374 376 378 379 380 382 384 385 386 387 389 390 392 393 394 395 396 397 398 399 400 401 402 404 406 408 409 410 412 413 414
35 357 359 362 363 364 365 366 371 372 373 374 375 379 380 381 383 386 389 390 391 392 393 394 395 397 399 400 401 403 405 406 407 409 410 414
38 357 358 361 363 364 366 367 368 369 370 372 374 375 376 377 378 381 382 383 386 388 391 392 393 394 395 396 398 400 404 406 407 408 410 412 413 414 416
30 356 357 361 364 367 368 371 372 374 377 378 379 382 383 384 385 386 392 395 397 400 401 403 407 409 410 411 413 415 416
20 358 366 367 369 371 372 380 385 388 390 395 397 398 401 404 407 409 410 414 416
42 357 361 362 363 367 369 370 371 373 374 375 376 378 380 381 382 383 385 387 388 389 390 391 392 394 395 396 397 400 402 403 404 406 407 408 409 410 412 413 414 415 416
31 356 358 362 364 367 368 370 372 375 376 378 380 381 382 388 389 391 394 396 397 399 400 403 404 405 406 407 408 410 413 414
40 357 358 364 365 366 367 370 371 372 373 374 375 376 377 380 381 383 384 385 388 392 393 394 396 397 398 399 400 402 404 405 406 407 408 409 410 412 414 415 416
21 359 361 364 366 369 380 382 383 392 393 395 396 397 398 401 402 403 407 408 413 415
19 356 358 359 362 365 368 376 379 380 382 383 388 396 398 399 404 407 411 412
19 359 360 362 365 376 380 382 383 388 390 392 395 398 399 402 404 410 414 415
19 356 357 358 359 360 361 362 369 371 373 379 382 384 386 388 391 409 411 415
39 356 358 359 362 363 364 366 367 369 370 372 373 376 378 379 380 381 382 383 384 385 388 393 394 395 396 398 399 400 401 402 404 405 407 408 409 410 413 414
22 356 359 361 362 369 373 375 376 377 379 381 383 389 391 395 397 402 405 408 411 413 416
34 359 360 362 363 364 369 373 375 376 377 378 379 380 381 385 386 387 388 390 391 392 393 394 396 400 401 402 404 405 409 411 412 413 415
25 360 362 363 365 366 367 369 370 371 372 373 379 380 385 388 389 397 398 406 407 408 409 412 415 416
32 356 357 358 359 360 362 364 367 368 370 371 372 375 376 377 380 381 384 386 387 388 390 391 392 395 396 398 407 409 411 414 415
31 357 358 360 361 363 364 365 366 368 372 373 376 377 378 380 385 386 390 392 393 397 399 401 402 403 404 405 409 411 412 415
19 357 360 361 364 365 373 379 380 382 395 401 405 406 407 408 409 413 414 416
30 356 357 359 361 363 365 375 377 379 380 381 382 383 389 393 394 395 398 399 401 402 404 405 406 408 409 411 412 413 416
36 356 357 360 361 365 366 367 368 370 371 372 373 374 375 376 377 378 380 382 383 384 385 386 393 395 397 398 400 402 403 405 407 408 409 413 414
22 356 357 358 361 365 369 370 371 375 376 377 382 384 392 395 396 399 401 403 408 413 415
30 358 359 362 363 366 367 372 373 374 378 379 380 381 382 383 388 390 391 393 394 395 396 397 399 404 405 406 411 412 415
21 357 359 360 364 366 368 370 377 378 379 381 384 387 392 394 398 400 403 410 414 415
40 356 357 359 362 363 364 365 366 367 369 370 372 374 375 377 382 383 384 385 386 388 389 391 392 393 394 395 398 400 401 402 403 404 405 406 409 411 413 414 416
20 356 357 359 360 361 363 365 373 376 379 383 388 393 396 405 406 413 414 415 416
27 356 358 359 360 363 365 366 367 378 380 382 383 384 385 386 388 390 396 397 399 400 401 402 403 406 411 414
20 356 359 361 362 364 366 367 369 371 374 380 383 386 387 398 404 407 408 414 415
23 356 360 361 364 365 367 371 372 377 379 381 382 387 389 396 398 402 403 405 407 409 412 416
37 356 357 358 361 363 364 365 368 369 373 374 375 376 377 378 379 380 383 388 389 394 396 397 398 399 401 402 403 405 407 408 409 410 411 412 414 416
23 356 358 359 363 366 367 369 371 376 377 382 387 392 393 395 396 397 398 399 400 410 411 415
21 357 359 361 363 364 366 368 371 374 382 383 384 387 390 393 398 400 402 406 411 413
28 356 358 360 363 369 370 372 373 374 378 379 381 386 388 390 391 395 396 398 401 404 405 406 408 409 413 414 416
38 357 358 359 362 363 364 365 366 370 373 374 376 377 379 380 381 384 385 386 387 388 390 391 394 395 397 398 399 400 401 402 403 404 406 408 409 413 416
20 356 358 365 367 368 372 373 375 378 379 381 383 394 395 401 410 412 413 414 415
24 360 362 366 367 368 369 370 372 374 375 376 382 384 386 388 389 390 393 398 401 404 407 408 409
20 359 361 364 366 371 374 375 379 380 386 388 397 398 399 400 401 403 412 413 414
40 356 357 358 359 360 362 363 365 369 370 372 376 378 380 381 382 384 385 386 387 388 390 393 394 395 396 397 398 399 400 401 402 404 406 408 409 410 413 415 416
39 356 357 358 359 361 369 370 371 372 373 374 375 376 378 380 382 383 384 385 387 390 392 393 395 396 397 398 399 400 401 402 403 404 405 407 408 409 413 414
24 356 357 366 368 369 372 375 377 381 383 386 389 391 392 394 398 401 406 407 408 411 412 413 416
28 357 358 359 361 362 365 367 368 369 370 373 379 380 381 383 385 386 387 391 393 397 398 402 404 405 409 411 414
35 356 357 358 359 361 362 363 371 373 374 375 377 379 380 381 383 384 385 387 390 391 392 393 394 397 399 401 402 405 406 408 409 411 413 416
29 356 357 358 362 365 366 368 371 372 374 375 377 378 381 386 388 391 392 393 395 398 400 401 404 405 410 412 413 416
37 356 357 360 363 367 368 369 370 372 373 376 377 380 381 382 383 384 386 387 390 391 393 394 395 396 397 398 400 401 403 404 407 408 409 410 412 413
23 356 359 361 362 364 367 370 375 382 384 385 389 391 394 395 399 400 402 403 406 413 414 415
39 356 357 358 359 360 361 362 363 365 367 369 370 371 372 374 377 378 379 380 383 384 385 386 387 388 389 391 392 394 399 400 402 404 407 408 409 412 414 415
29 356 357 358 359 361 364 369 373 375 382 385 386 387 390 392 394 399 400 401 403 404 406 407 408 411 412 413 414 415
33 357 359 361 363 364 365 367 368 371 372 375 376 377 378 381 382 383 385 387 388 391 392 393 394 399 400 404 407 409 411 414 415 416
36 356 357 359 360 361 363 364 365 366 368 371 372 375 376 378 379 381 382 384 386 387 388 389 390 391 394 395 396 398 400 403 404 409 410 414 416
36 356 357 358 361 363 364 365 369 370 372 373 375 376 378 380 383 385 386 388 389 391 392 394 396 398 399 400 401 402 403 407 410 411 412 413 415
35 356 357 358 360 361 363 365 367 368 371 372 373 377 378 384 385 387 388 389 390 391 392 396 397 399 400 401 402 405 406 408 410 411 413 414
40 356 357 358 359 362 367 368 371 372 373 374 375 377 381 382 383 384 385 386 388 389 390 391 392 396 397 398 400 402 403 404 405 407 409 410 411 412 413 414 416
35 357 358 362 364 366 368 369 372 373 374 376 380 381 382 383 384 386 388 389 391 392 393 394 395 396 400 404 406 408 410 411 412 414 415 416
29 356 359 361 366 368 369 370 373 374 382 384 386 387 388 389 390 391 392 395 396 398 400 402 404 407 410 412 414 416
30 357 358 359 362 363 364 365 366 368 369 370 374 375 376 377 378 382 384 387 390 392 395 399 401 405 406 408 411 413 414
32 356 357 358 360 363 367 370 371 372 374 376 379 380 382 383 388 389 391 393 395 398 399 400 404 406 407 408 409 410 411 413 416
31 356 359 360 362 365 371 373 374 375 376 377 382 383 386 388 389 390 391 393 396 399 400 401 402 403 405 411 413 414 415 416
30 356 358 361 362 363 364 365 366 368 369 372 377 378 382 384 385 386 391 395 397 399 400 404 405 406 410 411 412 413 414
22 361 364 365 368 369 370 378 379 382 383 386 388 389 390 391 393 397 398 400 408 410 416
33 356 357 359 361 364 370 371 372 373 374 375 376 378 380 381 385 386 388 389 394 399 400 401 404 405 406 407 410 411 412 413 414 416
31 356 358 359 362 363 364 366 367 370 372 374 376 378 379 381 384 385 388 397 398 399 400 403 406 407 410 411 412 413 414 415
42 356 357 359 360 361 362 363 364 365 366 367 370 371 372 373 376 377 379 381 383 384 385 386 387 388 389 390 391 392 394 396 399 400 403 404 405 406 410 411 412 413 414
36 360 361 362 363 364 365 366 367 370 375 377 378 379 380 381 382 385 386 387 388 389 391 395 398 399 400 401 402 404 407 409 410 411 412 413 414
25 356 357 358 359 360 362 363 365 366 369 370 371 378 379 386 391 396 397 401 403 404 405 407 413 414
40 357 360 362 363 364 365 366 367 370 372 373 375 376 377 378 379 380 383 385 386 389 391 392 393 394 396 397 398 399 401 403 404 405 407 408 409 411 412 413 415
40 357 358 360 361 362 363 364 366 367 368 369 370 371 373 374 375 376 377 378 385 386 388 389 390 392 393 394 398 399 400 401 402 403 405 406 409 410 413 414 415
39 356 357 358 359 360 361 363 364 365 366 369 370 372 373 375 377 379 380 382 383 384 386 387 388 390 391 392 393 396 397 398 406 407 408 409 412 413 415 416
41 356 357 358 360 361 362 364 365 369 370 372 374 375 376 377 379 380 382 383 385 386 387 389 390 391 392 393 394 395 397 398 399 401 403 404 405 410 412 413 414 416
23 356 358 360 364 367 368 373 374 375 379 380 381 382 385 387 388 392 396 398 399 402 411 413
26 358 361 362 364 365 366 367 368 370 373 374 377 378 379 380 383 390 396 397 398 403 404 405 409 410 415
42 358 359 360 361 362 364 367 368 370 371 372 373 374 375 376 380 381 384 385 386 389 390 392 395 396 397 398 399 401 402 403 404 405 406 408 409 410 411 413 414 415 416
37 357 358 359 361 362 366 367 368 370 371 373 375 376 378 379 381 382 383 385 387 388 393 395 396 397 399 400 401 402 404 405 408 410 411 412 413 416
37 357 358 360 366 367 368 370 371 372 373 375 376 377 378 379 380 384 388 389 391 392 393 394 395 396 397 398 399 401 403 404 405 406 409 412 414 415
26 356 359 360 363 365 366 368 369 371 372 376 377 381 389 390 393 397 398 399 400 402 403 405 407 409 413
18 358 363 368 369 375 376 381 387 392 393 395 396 398 400 402 404 407 413
18 356 362 367 371 372 373 375 379 380 381 385 388 390 391 392 395 408 411
36 356 357 358 359 360 362 363 364 366 368 370 374 375 377 378 379 381 382 383 385 386 390 391 393 394 398 400 403 404 405 406 407 409 412 413 414
22 356 358 362 364 366 370 371 375 376 381 383 384 390 391 394 406 407 410 411 412 413 415
19 358 359 361 364 367 369 370 372 373 383 385 386 389 390 393 400 401 402 407
23 358 360 361 363 366 372 373 375 376 378 380 381 383 385 388 389 393 396 398 399 410 412 416
36 356 358 359 360 362 363 364 367 370 371 372 373 374 375 376 377 378 383 384 385 392 393 394 396 398 399 402 403 405 408 409 410 411 412 413 414
18 359 364 367 373 379 384 385 387 388 390 394 395 401 402 404 408 410 413
20 356 357 358 367 370 374 376 377 383 386 387 390 393 397 398 400 402 403 415 416
34 356 359 361 362 363 366 368 371 372 373 374 375 378 380 381 382 384 387 388 389 390 391 392 397 399 401 402 403 405 407 409 410 414 415
27 356 357 358 359 360 361 364 367 369 370 372 373 376 380 381 382 383 384 387 389 390 398 402 403 407 411 412
38 357 358 359 360 362 363 365 367 368 370 372 377 378 380 381 382 383 385 387 388 390 391 392 393 394 395 396 401 403 404 405 408 409 411 412 413 415 416
35 356 359 361 362 363 364 367 368 371 374 377 378 381 383 385 386 387 390 391 392 394 395 396 397 398 400 401 403 405 406 408 411 413 415 416
35 357 361 362 365 367 368 369 370 373 374 376 378 379 382 383 385 386 387 388 389 390 391 392 393 395 396 399 403 404 405 406 411 413 415 416
32 360 362 363 366 367 369 371 373 375 379 381 382 383 385 386 388 391 392 394 395 397 398 399 400 402 403 404 407 408 410 412 415
22 358 361 363 364 366 372 373 374 380 382 383 384 386 392 394 395 402 406 408 411 413 415
35 356 359 360 364 365 366 369 370 373 376 377 380 382 383 385 386 387 389 392 395 396 398 400 401 402 404 406 407 408 409 411 413 414 415 416
29 356 358 359 360 362 363 366 369 370 371 372 374 376 377 380 383 387 389 391 392 394 397 399 400 404 407 409 411 412
34 356 361 363 365 367 368 369 370 371 372 373 376 378 380 381 383 385 386 388 390 392 393 395 396 397 398 403 404 406 407 409 412 414 415
34 356 357 359 360 361 363 364 365 367 368 373 377 378 379 380 383 386 388 391 392 393 397 399 401 404 405 407 409 410 412 413 414 415 416
37 356 357 359 361 363 364 368 370 372 373 374 376 377 378 379 380 382 383 384 385 387 388 390 391 395 396 397 398 399 400 401 403 405 408 410 413 416
23 361 366 367 370 371 374 377 378 379 380 388 393 394 397 400 402 405 406 407 411 414 415 416
27 359 361 363 364 365 367 369 371 372 377 378 380 386 388 390 393 394 397 399 401 403 407 408 409 412 413 416
31 361 364 368 369 370 371 372 373 377 378 382 384 385 388 390 391 393 395 397 398 399 401 404 405 409 410 412 413 414 415 416
33 356 359 361 362 364 365 367 368 369 370 372 376 383 384 385 388 389 390 391 392 393 394 397 398 399 402 408 410 412 413 414 415 416
36 358 359 361 362 363 366 367 370 371 372 376 378 379 382 384 385 386 388 389 390 391 392 396 398 399 400 402 403 405 406 408 409 410 412 413 416
25 357 359 360 362 364 366 367 368 369 370 377 381 382 383 386 388 391 395 398 399 402 404 406 407 413
25 357 359 360 362 363 370 373 374 376 377 385 387 388 389 392 395 397 398 400 405 407 411 412 413 416
20 356 363 369 371 372 374 376 379 380 385 389 391 392 393 395 396 403 407 412 415
23 357 359 362 365 371 373 374 377 381 382 384 386 387 388 396 400 404 406 407 409 410 412 415
32 356 358 359 360 361 363 365 366 367 369 372 374 383 385 388 391 392 394 397 398 399 400 401 403 405 406 407 411 412 413 414 415
33 357 358 359 373 374 378 379 380 382 384 385 388 389 391 393 395 396 397 398 399 400 401 402 403 405 406 407 408 411 412 413 415 416
17 421 424 426 435 442 445 447 448 452 457 463 467 469 470 476 477 483
26 418 419 422 424 428 430 431 433 435 437 438 444 445 447 451 452 460 461 473 475 478 480 482 483 484 485
18 417 419 425 432 433 439 442 449 452 453 460 462 471 474 475 478 482 488
26 418 421 423 427 428 430 431 438 439 440 441 444 445 447 453 458 460 461 464 468 472 474 475 478 482 488
28 418 421 426 428 433 435 438 439 440 444 447 449 450 454 455 457 461 463 466 467 472 474 475 476 477 478 483 487
52 418 420 421 423 424 425 428 429 430 431 432 433 434 436 437 438 439 440 442 443 444 445 446 449 451 453 454 455 457 458 459 461 462 463 464 466 468 469 471 472 473 474 476 477 479 480 482 483 484 485 487 488
22 419 420 422 424 426 437 442 447 451 457 459 462 463 467 468 470 472 474 475 476 478 479
20 428 432 434 436 442 443 449 455 457 460 466 467 468 469 471 476 477 481 484 487
21 418 420 424 429 433 435 437 439 440 445 447 456 458 459 464 472 475 478 480 482 486
34 418 419 420 423 424 425 426 427 428 432 434 437 441 442 444 445 447 453 455 456 459 461 462 463 466 469 470 472 473 477 479 484 486 487
25 417 418 427 434 435 436 438 440 441 443 444 445 446 448 452 454 458 461 465 473 477 482 484 486 487
21 417 427 428 432 433 436 438 440 453 458 460 462 464 471 474 478 479 481 485 486 487
19 417 419 420 422 432 433 434 436 446 448 449 451 456 466 467 469 470 473 479
16 420 421 426 432 439 441 443 450 454 455 465 467 470 477 479 487
20 417 419 422 426 427 435 441 447 448 450 452 456 460 465 467 470 475 478 481 486
17 421 422 430 431 433 435 438 440 448 449 450 460 467 468 475 476 481
11 429 432 433 449 450 453 455 460 464 469 485
26 418 419 420 422 423 425 431 434 437 441 443 444 446 449 450 451 455 465 466 468 472 475 480 482 484 488
32 422 424 425 426 428 431 432 433 434 437 439 440 446 447 448 451 452 455 456 457 459 460 462 463 467 472 473 474 479 481 483 484
8 429 430 439 454 456 459 461 473
14 421 422 425 426 427 430 431 444 451 452 463 473 474 485
17 417 419 423 438 441 446 448 450 453 454 461 462 465 470 479 483 488
28 418 424 426 427 428 430 434 436 437 438 441 443 445 446 447 448 451 454 455 457 461 463 470 473 479 481 484 487
30 417 420 422 423 424 425 427 429 430 431 437 441 445 446 452 453 458 459 460 462 465 468 469 470 480 481 482 485 486 488
27 424 425 426 429 435 437 442 443 450 452 454 455 457 459 462 463 465 471 476 477 480 481 483 484 485 486 487
21 417 429 436 439 443 446 451 452 454 457 458 464 465 471 474 478 480 482 483 485 488
30 417 423 425 427 429 434 436 440 442 446 448 449 453 456 457 458 459 462 463 464 466 468 469 471 472 474 476 481 486 488
14 421 423 425 428 430 431 439 456 466 471 480 481 483 488
26 420 421 422 423 429 431 435 440 444 450 456 458 459 464 465 466 467 468 469 472 476 477 480 483 485 486
40 417 418 419 420 421 423 427 429 430 435 436 438 441 442 443 444 445 449 450 453 454 458 461 464 465 466 468 469 470 471 475 476 477 478 480 482 485 486 487 488
14 419 432 434 436 442 443 448 451 456 464 471 473 479 484
22 421 426 428 433 435 438 439 440 444 447 450 454 455 457 461 463 467 472 474 475 478 487
10 421 422 430 431 451 452 463 473 474 485
14 419 425 432 439 442 452 460 462 471 474 475 478 482 488
7 421 428 430 456 471 480 488
15 435 442 443 452 454 455 457 462 463 471 476 477 485 486 487
12 419 432 434 436 442 443 456 464 471 473 479 484
16 422 424 426 428 431 434 437 440 446 448 455 460 467 473 481 483
10 419 436 442 443 448 451 464 471 479 484
32 417 418 419 420 421 423 429 430 435 436 438 441 442 444 445 449 453 454 458 464 465 466 470 471 475 476 477 478 482 485 487 488
17 418 422 424 428 431 433 435 437 445 451 460 461 478 480 482 483 485
15 419 428 430 431 433 435 437 445 451 460 473 475 483 484 485
46 420 421 423 424 425 428 429 430 431 432 433 434 436 437 438 439 440 442 444 445 446 449 451 454 455 457 459 461 462 464 466 468 469 471 472 473 474 476 479 480 482 483 484 485 487 488
22 418 421 433 435 438 439 444 449 450 454 455 457 461 463 466 467 472 475 476 477 483 487
12 427 433 438 440 453 462 464 478 481 485 486 487
10 417 425 432 439 449 452 474 475 478 488
5 429 454 456 461 473
10 417 425 433 439 442 449 474 475 482 488
12 429 436 443 446 454 465 471 474 480 482 483 485
15 418 421 435 439 440 444 447 450 454 455 457 472 475 477 478
7 428 430 456 466 480 483 488
12 432 434 436 442 449 455 457 460 468 476 477 487
14 421 424 426 435 442 447 452 457 463 467 469 476 477 483
9 429 433 449 450 453 455 460 469 485
36 420 421 423 424 428 430 431 434 436 437 439 440 442 443 444 445 449 451 454 455 457 459 461 462 463 464 466 468 471 473 476 479 480 482 487 488
12 428 432 434 443 449 455 466 469 471 476 481 487
27 422 424 425 426 428 431 432 434 437 439 440 446 447 448 455 456 457 459 460 462 463 467 472 473 474 479 484
23 424 425 426 429 437 442 443 450 452 454 455 457 459 462 463 465 471 477 480 481 483 484 487
19 417 424 425 427 429 430 437 441 446 460 465 468 469 470 480 481 485 486 488
14 422 442 447 451 457 459 462 468 470 474 475 476 478 479
15 420 429 433 437 439 440 445 447 456 459 464 478 480 482 486
19 419 420 424 426 437 447 451 457 459 462 463 467 468 470 472 474 476 478 479
26 423 425 427 434 436 440 442 446 448 449 453 456 457 459 462 463 464 468 469 471 472 474 476 481 486 488
8 438 441 450 453 462 470 479 488
15 417 419 425 433 439 442 449 452 453 462 471 474 475 478 488
10 420 421 432 443 454 465 467 470 477 479
22 421 422 423 429 431 435 440 444 450 458 459 464 465 466 467 469 472 476 477 480 483 486
30 417 418 419 420 421 423 427 429 430 436 441 443 444 445 449 450 454 458 461 466 468 469 476 477 478 480 482 485 487 488
20 418 426 428 430 434 436 438 441 443 446 447 454 455 457 461 463 470 473 479 481
24 417 418 419 420 421 427 429 436 438 442 443 444 445 453 458 464 466 468 469 470 476 478 485 487
9 417 425 439 462 474 475 478 482 488
13 417 422 427 435 447 448 450 452 456 460 467 470 486
10 421 423 425 431 439 456 480 481 483 488
15 424 429 442 452 454 455 457 459 463 465 477 480 481 485 487
13 426 437 442 447 459 462 463 468 470 472 475 476 479
10 421 422 425 431 444 451 463 473 474 485
13 420 421 426 432 439 441 450 454 465 467 470 479 487
25 418 419 420 425 426 432 434 437 441 442 444 445 447 455 456 459 463 466 469 470 472 473 479 484 487
12 422 430 431 433 435 440 448 450 460 467 476 481
6 430 439 454 456 459 473
12 417 423 438 441 446 453 454 462 465 470 479 488
7 432 443 451 464 471 473 484
19 426 428 433 438 440 447 449 450 454 455 461 463 466 467 472 474 476 477 483
22 417 418 427 434 435 436 438 440 441 443 444 445 446 452 454 461 465 477 482 484 486 487
9 417 441 446 450 454 462 465 470 479
21 417 423 434 440 446 448 449 453 456 458 459 462 463 466 468 469 471 474 476 481 486
20 422 425 426 428 433 434 437 440 446 447 448 455 456 462 463 467 473 474 479 484
5 439 454 456 459 461
20 420 421 423 429 431 435 440 444 456 458 459 464 465 466 467 469 472 483 485 486
14 422 431 433 435 438 440 448 449 460 467 468 475 476 481
11 421 423 425 428 439 456 466 471 481 483 488
15 418 419 433 435 437 438 451 452 460 475 478 480 482 484 485
15 417 429 436 439 443 451 454 457 458 464 474 478 483 485 488
18 421 426 438 439 440 444 449 450 457 461 463 472 475 476 477 478 483 487
16 428 432 434 436 449 455 457 460 466 467 468 469 471 481 484 487
20 420 421 429 435 440 444 450 456 459 464 465 466 468 469 476 477 480 483 485 486
18 419 420 424 426 437 442 447 451 459 462 467 468 470 472 474 476 478 479
22 418 420 423 429 430 435 442 445 453 468 469 470 471 475 476 477 480 482 485 486 487 488
11 424 433 437 439 440 456 458 459 472 480 486
14 419 432 433 439 442 449 452 453 460 462 471 475 478 482
20 423 427 430 431 438 440 444 445 447 453 458 460 461 464 468 472 474 475 478 482
22 424 425 426 435 437 442 443 450 454 455 457 459 462 463 471 476 477 481 483 484 486 487
19 417 427 435 438 440 441 443 444 446 448 452 454 458 461 465 473 482 486 487
17 417 423 425 434 440 442 449 453 456 458 459 463 468 472 481 486 488
15 418 429 433 435 437 439 440 445 447 456 472 475 480 482 486
36 417 421 424 426 428 430 432 433 434 435 436 437 439 440 443 445 449 453 456 460 462 463 464 466 467 468 469 471 473 474 477 478 480 483 484 486
35 421 422 424 425 426 427 429 430 431 432 436 437 438 440 442 443 444 445 446 450 452 456 458 459 463 464 465 467 468 469 471 478 481 485 487
37 418 422 424 425 427 431 432 433 434 435 436 437 439 440 442 443 444 445 452 454 457 459 460 461 463 464 466 467 469 474 476 477 479 481 482 485 487
35 417 421 423 424 425 427 428 429 432 433 435 438 440 441 442 444 446 447 449 453 454 457 459 461 465 467 468 473 474 480 482 485 486 487 488
32 418 419 429 433 436 438 440 442 443 445 447 453 455 456 457 458 459 460 462 463 464 466 467 470 471 472 475 479 485 486 487 488
46 417 419 421 423 425 426 427 428 432 433 435 436 438 439 440 441 442 444 445 446 449 451 453 454 455 456 457 459 460 461 463 465 470 472 473 474 475 476 478 479 480 481 483 484 486 487
27 422 424 427 435 437 438 441 442 447 448 449 452 454 458 459 465 466 469 472 477 478 479 480 483 484 486 487
29 418 420 423 429 430 432 439 441 443 447 450 453 456 457 458 460 461 462 464 465 469 473 474 476 478 480 484 485 488
35 417 418 419 420 424 425 426 427 432 434 437 439 444 445 446 447 450 452 454 456 457 458 460 461 463 468 471 472 475 478 480 482 483 485 487
29 418 419 420 423 424 425 428 432 436 439 440 443 444 445 447 448 449 450 453 459 460 461 462 465 470 472 476 485 487
41 420 422 427 428 430 431 433 435 437 441 442 443 447 448 451 452 454 455 456 457 458 459 460 463 465 466 468 469 470 471 472 473 476 479 481 482 483 484 485 487 488
40 418 419 421 425 426 427 428 432 433 435 437 438 439 440 441 442 448 450 453 454 455 459 460 464 465 466 467 468 469 470 471 474 476 477 481 483 484 485 487 488
40 417 418 421 423 424 425 426 427 429 431 432 433 434 439 443 444 445 446 447 448 450 452 453 455 456 457 460 463 464 470 471 474 475 476 481 482 483 484 486 487
37 420 421 422 424 426 429 430 432 434 437 439 441 444 445 446 448 454 455 456 457 458 459 461 462 463 465 467 469 471 473 474 475 478 481 485 486 488
35 417 419 420 422 428 430 431 432 433 438 442 443 444 445 448 449 451 455 456 457 460 461 465 466 467 471 472 473 474 478 480 482 483 486 488
31 418 419 420 421 424 425 426 427 430 431 433 435 438 442 444 446 449 450 456 457 459 460 461 463 465 467 471 474 482 487 488
40 418 420 421 423 426 427 429 430 434 439 441 446 447 449 450 451 452 453 454 455 456 458 462 464 465 466 467 468 470 474 476 478 479 480 481 483 485 486 487 488
49 417 419 421 422 423 424 425 427 429 430 431 432 433 436 437 440 441 444 445 448 449 450 451 455 457 458 459 460 462 463 466 467 468 469 470 471 473 475 476 477 480 481 482 483 484 485 486 487 488
41 418 421 425 426 428 429 433 434 435 440 441 444 446 447 448 450 451 452 454 455 456 457 458 461 462 464 465 466 468 469 470 473 474 478 479 480 482 483 485 487 488
35 417 419 421 426 429 431 433 435 437 438 439 441 442 444 445 447 448 451 453 455 456 460 463 464 466 470 476 479 480 482 483 484 486 487 488
34 417 418 420 421 422 424 425 427 429 431 432 433 435 437 445 447 451 454 455 456 457 458 460 461 464 468 472 473 476 477 479 482 483 486
47 418 419 420 421 422 423 424 425 426 427 428 433 435 437 438 439 442 443 444 446 447 448 450 452 453 454 455 456 457 458 462 463 464 465 469 470 471 473 474 476 478 482 484 485 486 487 488
41 417 418 419 420 421 423 424 428 429 430 431 435 436 437 438 440 441 445 446 447 449 452 454 456 457 458 459 460 462 466 468 473 474 475 477 480 481 484 485 486 487
50 417 419 420 421 422 423 425 426 427 428 430 431 433 434 435 436 438 440 441 442 443 445 446 450 451 453 455 457 458 461 462 463 464 465 466 467 470 471 472 473 474 477 478 479 480 482 484 486 487 488
48 417 418 420 421 423 425 426 427 428 431 433 434 435 437 439 440 441 442 443 445 447 448 449 450 452 454 455 458 463 464 465 466 467 469 470 472 474 475 476 477 478 479 480 481 482 485 486 488
49 418 419 420 422 423 424 425 426 427 429 430 431 432 434 438 440 443 446 447 448 449 450 451 452 453 454 455 456 458 461 462 463 468 469 470 471 472 474 475 476 477 478 479 481 482 483 486 487 488
47 417 418 420 421 423 424 427 428 429 430 431 432 433 434 436 438 439 441 444 445 446 447 449 450 452 453 454 456 457 459 460 462 464 465 466 467 468 469 470 472 474 476 478 482 483 487 488
47 417 418 419 420 421 422 426 427 428 430 431 432 433 435 436 437 439 440 443 444 446 449 450 451 453 454 455 457 460 463 464 466 468 469 471 472 473 475 476 477 478 480 481 483 485 487 488
32 417 419 420 424 426 428 435 439 440 443 444 447 453 454 455 462 463 465 466 467 468 470 472 473 474 475 477 478 482 483 487 488
28 420 422 423 426 427 429 433 434 435 437 444 446 447 448 449 453 459 463 467 469 470 472 474 475 479 486 487 488
47 417 418 419 420 421 423 424 425 426 427 428 429 431 432 433 434 436 439 440 441 444 445 446 448 449 451 453 455 457 459 460 461 462 465 467 469 470 472 474 475 479 482 483 484 486 487 488
44 419 421 424 426 427 429 430 431 432 433 435 436 438 439 440 442 443 444 445 446 448 449 450 453 454 456 457 458 459 462 464 466 469 471 472 473 476 478 480 482 483 484 487 488
46 418 419 422 424 425 427 429 430 431 432 433 435 437 440 441 443 444 445 447 448 449 451 452 453 454 456 457 458 459 460 461 462 463 464 466 467 468 473 475 476 479 480 481 486 487 488
30 417 418 420 424 425 426 429 430 432 433 440 445 446 447 448 449 451 453 456 457 460 465 466 468 470 471 473 476 479 483
34 418 419 420 426 427 433 436 439 440 444 446 448 449 452 453 455 457 463 466 467 468 471 474 475 477 478 479 480 481 483 484 486 487 488
46 417 419 420 422 423 424 425 427 428 433 434 435 436 437 438 439 440 441 443 445 446 447 448 450 452 453 454 457 458 459 460 462 464 466 469 470 474 478 480 481 482 483 484 485 486 488
50 418 419 420 421 422 423 425 426 427 429 430 431 432 433 434 435 437 441 442 444 447 448 452 453 454 455 457 458 459 460 464 465 466 467 468 469 470 472 473 475 476 477 478 479 480 481 483 484 485 487
43 418 420 421 422 424 427 429 430 431 432 433 435 436 438 439 440 441 446 447 448 449 451 453 455 456 457 458 460 462 463 464 466 470 472 474 476 479 480 482 483 485 486 487
48 417 418 421 422 426 427 429 430 432 434 436 437 438 439 440 441 442 443 444 445 446 447 448 449 453 454 456 457 459 462 464 467 468 470 471 472 475 477 479 480 481 482 483 484 485 486 487 488
26 420 422 425 427 429 433 439 440 441 442 443 445 447 450 451 453 456 462 466 467 468 471 472 475 479 481
42 417 418 421 425 427 429 430 431 433 436 442 443 444 447 449 450 453 454 455 457 459 460 462 463 464 465 466 468 469 470 471 473 474 475 476 478 480 483 484 485 486 487
46 417 418 421 422 423 425 426 427 428 430 431 432 433 434 435 439 440 441 443 449 450 451 453 454 455 458 460 461 462 465 466 467 468 470 473 474 476 477 479 480 482 483 484 485 486 488
48 417 418 421 422 423 425 426 428 429 430 431 432 433 434 438 441 443 444 445 446 448 449 453 454 456 457 458 459 460 461 464 465 468 469 470 471 472 473 474 475 476 478 479 480 481 483 484 486
42 417 418 419 420 421 422 423 425 426 427 429 431 432 433 435 438 440 441 442 443 445 447 449 451 456 464 465 466 467 470 471 473 474 477 478 479 480 481 482 483 485 488
30 417 418 420 423 426 428 430 431 432 439 440 443 445 448 449 450 454 455 463 465 466 467 475 480 483 484 485 486 487 488
43 417 418 419 424 427 428 431 432 434 436 437 438 440 441 442 443 444 448 450 453 454 456 457 460 461 462 464 465 467 468 470 471 472 474 476 477 478 479 481 482 483 485 486
41 418 420 421 425 426 427 428 429 432 433 435 440 441 444 446 447 449 450 451 452 453 455 456 457 458 459 460 461 462 465 467 468 470 472 473 474 478 480 484 485 487
48 417 418 419 420 421 422 425 426 427 432 434 435 436 437 439 440 441 442 444 445 446 447 449 450 451 452 453 454 455 456 460 462 463 464 466 469 470 472 473 474 476 477 479 480 483 484 487 488
27 417 424 426 428 430 433 434 436 438 439 442 444 450 451 454 455 457 462 465 468 469 470 472 475 482 483 487
42 420 422 424 425 427 431 434 435 436 437 440 443 444 446 447 448 450 451 454 460 461 463 464 465 467 468 469 470 471 472 473 475 476 478 479 481 482 483 484 485 486 487
46 417 418 421 423 424 425 426 429 430 431 432 435 436 437 440 443 444 445 446 447 448 449 450 453 455 457 459 460 461 462 463 464 465 467 468 469 470 473 476 477 478 479 482 485 486 487
31 417 422 426 427 428 436 439 441 442 444 445 446 449 450 452 456 460 461 463 464 466 467 470 474 475 477 479 480 481 485 488
29 417 418 419 425 426 427 435 436 440 441 442 443 444 445 446 451 467 468 472 473 476 478 480 481 483 484 485 487 488
49 418 419 421 422 424 426 429 430 432 433 434 435 436 437 438 440 441 442 443 445 446 449 451 452 453 454 455 457 458 459 460 461 466 467 468 469 470 471 472 473 476 477 479 480 482 483 484 486 487
38 417 418 422 423 424 427 428 429 431 433 438 439 440 441 442 443 447 448 450 451 453 455 457 458 461 462 463 464 466 467 469 470 471 478 480 481 485 487
28 424 427 430 431 432 436 437 438 439 443 444 445 449 452 453 455 456 465 467 468 469 474 476 477 483 485 487 488
24 419 420 422 424 428 430 434 437 438 439 442 447 455 457 458 463 465 466 471 481 483 484 485 488
49 417 419 420 421 423 424 428 429 430 431 432 435 436 437 439 441 445 446 448 450 451 452 453 454 456 457 459 460 462 464 465 466 467 468 469 470 471 472 476 477 478 479 480 481 483 484 485 486 488
30 417 422 428 429 433 434 442 446 448 449 453 454 455 457 458 461 463 464 466 471 472 473 474 475 478 481 483 484 485 486
44 417 418 419 420 421 423 426 428 429 431 432 433 435 436 437 438 443 444 447 450 451 453 454 455 456 458 459 461 463 465 467 468 469 472 474 475 476 477 479 482 483 484 487 488
46 417 419 420 424 425 426 428 429 430 431 432 435 436 437 438 440 441 442 443 444 445 446 447 450 452 453 454 455 456 457 459 460 462 466 467 468 469 471 472 473 474 475 476 479 483 485
41 417 418 420 421 424 426 427 428 431 432 433 434 436 438 443 444 447 448 450 453 454 456 457 458 459 460 462 463 464 465 466 468 469 470 474 475 476 480 481 485 487
45 418 419 420 421 423 424 425 426 428 434 435 437 439 440 441 442 443 444 446 447 448 450 452 454 455 457 458 462 464 466 467 468 469 472 474 477 478 480 481 482 483 484 486 487 488
42 418 419 420 421 422 426 427 428 430 431 433 434 435 436 437 439 442 444 448 449 450 451 453 455 456 458 459 461 462 463 466 467 468 469 470 472 473 477 478 481 486 487
38 417 420 423 425 428 429 432 435 439 442 446 447 448 450 454 455 456 457 458 459 460 461 464 466 468 469 471 473 474 475 477 478 480 481 483 484 486 487
44 417 418 420 421 422 424 428 432 433 434 437 438 439 442 445 446 448 450 451 457 458 459 460 462 463 464 465 466 467 468 469 470 471 472 473 477 478 479 480 481 482 483 485 486
49 417 418 419 420 421 422 423 425 427 429 430 431 432 434 438 439 440 442 443 445 446 447 448 449 452 454 456 457 458 461 462 465 467 468 469 470 472 473 475 476 477 478 479 482 483 484 485 486 487
36 422 423 425 426 427 428 429 430 433 438 440 442 444 445 446 448 449 450 452 461 463 464 466 467 468 469 471 472 474 475 476 477 479 481 484 486
42 420 422 423 424 425 426 427 428 430 432 433 434 438 439 440 441 443 444 445 448 450 451 452 453 454 455 456 457 458 464 466 467 468 471 472 473 474 476 479 480 482 487
25 417 418 422 423 428 430 433 438 442 443 445 446 447 452 454 463 466 467 473 475 476 477 479 480 484
46 417 418 420 421 422 423 426 427 429 430 431 432 433 434 435 436 437 438 439 440 441 444 446 447 449 455 458 459 461 463 464 465 466 469 470 474 475 476 477 478 479 481 483 484 487 488
45 419 421 422 423 424 426 427 428 430 432 433 434 436 437 440 441 443 444 445 446 447 448 449 452 453 454 456 457 458 464 465 467 468 469 471 474 475 477 478 479 480 481 482 486 487
23 420 421 423 431 432 435 436 439 448 451 456 457 460 463 464 467 474 476 480 483 486 487 488
35 419 420 421 422 423 425 426 428 429 430 433 438 439 442 443 447 449 451 452 454 457 458 460 464 465 470 472 474 477 479 481 483 484 487 488
46 419 422 423 424 425 426 427 428 429 430 432 433 434 435 436 437 440 442 444 448 449 450 451 452 453 454 456 457 459 464 465 467 468 469 470 471 475 476 478 481 483 484 485 486 487 488
