202 1229
49 1 2 3 4 5 6 7 8 9 10 11 12 13 14 15 16 17 18 19 20 21 22 23 24 25 26 27 28 29 30 31 32 33 34 35 36 37 38 39 40 41 42 43 44 45 46 47 48 49
16 2 3 6 8 9 10 12 22 23 24 37 39 41 44 46 47
24 1 2 5 7 8 9 10 11 14 17 18 19 20 22 27 29 32 34 38 39 43 46 47 48
38 2 4 5 6 7 8 10 11 12 13 15 16 17 18 19 20 21 22 23 24 27 28 29 31 32 33 36 37 38 39 41 42 43 44 45 46 47 49
26 1 2 4 5 7 8 10 11 12 15 17 18 20 22 28 29 31 32 33 34 36 37 39 40 43 46
34 1 2 5 7 8 9 10 11 12 13 14 15 16 18 19 22 23 24 26 28 30 31 32 34 35 36 37 38 39 42 44 46 47 48
26 1 3 4 5 7 10 12 16 17 18 20 21 25 30 32 33 35 36 37 39 41 42 43 44 47 48
35 1 2 3 4 5 7 10 13 14 15 16 17 18 19 23 24 25 26 27 28 29 30 31 34 35 36 38 39 40 41 44 45 46 48 49
23 1 3 4 9 14 16 20 22 23 26 28 31 33 36 38 40 41 42 44 45 46 48 49
23 3 4 6 7 8 9 10 12 16 17 18 19 20 21 22 25 29 31 35 38 40 43 47
25 1 2 3 4 7 8 10 14 15 17 25 27 28 31 32 33 35 36 37 38 39 41 46 47 49
16 1 4 5 6 18 23 26 27 28 33 38 40 41 45 47 49
28 1 2 3 7 8 10 14 18 20 22 23 25 26 27 28 29 31 32 33 34 37 38 40 42 43 44 45 49
19 1 2 4 11 12 18 19 21 22 26 28 30 33 41 42 43 46 47 48
16 2 3 4 9 10 14 15 18 28 36 37 41 43 46 48 49
32 2 3 6 7 8 11 12 15 16 17 18 20 21 24 25 26 27 28 29 30 31 32 33 35 38 39 40 41 42 43 47 49
37 2 3 4 5 7 8 9 10 11 12 13 14 15 16 17 18 21 22 23 25 26 27 28 30 31 33 34 36 38 42 43 44 45 46 47 48 49
26 2 3 4 5 6 7 8 9 10 12 13 16 17 18 22 25 26 27 30 32 37 38 42 45 47 48
33 1 3 4 7 8 10 11 12 13 15 16 17 18 19 21 22 23 24 25 26 27 30 31 35 37 39 40 41 43 44 46 48 49
36 1 3 6 7 8 9 10 11 12 14 15 16 17 18 19 20 21 24 25 26 27 28 30 31 32 33 34 36 37 38 39 42 44 47 48 49
29 2 3 4 5 6 7 10 11 12 14 15 20 21 22 23 24 26 29 30 31 33 35 36 42 43 45 47 48 49
25 2 3 5 6 7 8 9 10 16 18 20 21 25 26 27 28 29 34 36 37 38 40 46 48 49
30 3 4 6 8 11 12 14 15 17 18 19 20 22 25 26 27 28 29 32 33 35 36 38 41 42 43 44 46 47 49
37 1 2 3 4 5 6 8 9 11 12 13 14 15 16 19 20 21 24 26 28 29 31 32 33 34 36 37 38 39 40 42 43 45 46 47 48 49
38 1 2 4 6 7 8 10 11 12 13 14 15 17 18 19 20 22 23 24 25 28 29 30 31 33 34 35 36 37 39 40 41 42 43 44 45 48 49
39 1 3 4 5 6 7 8 9 10 12 14 15 16 17 18 19 20 22 23 25 27 28 30 31 33 34 35 37 38 39 40 41 42 43 44 45 47 48 49
28 1 3 4 6 8 9 10 12 13 14 19 21 22 23 27 28 29 31 33 34 35 37 38 39 41 45 46 48
36 2 3 4 11 12 13 14 16 17 18 19 21 22 23 24 25 26 27 28 29 31 32 33 34 36 37 38 39 40 41 42 44 46 47 48 49
37 1 2 3 4 8 9 10 11 13 14 15 17 19 21 22 24 25 26 28 29 30 31 32 33 35 36 37 38 39 40 41 42 43 44 45 46 49
37 1 2 4 6 7 8 9 11 12 13 14 15 16 17 18 21 22 23 26 27 29 30 31 32 34 35 37 39 40 41 42 43 45 46 47 48 49
18 4 6 8 13 14 18 19 20 23 25 27 28 32 34 35 45 48 49
17 6 11 12 13 14 15 18 19 23 27 28 29 35 39 40 41 49
20 7 9 10 11 13 18 19 24 27 29 30 33 34 35 36 37 40 46 47 48
30 1 4 7 9 10 11 16 19 21 22 23 24 26 28 29 30 34 35 37 38 39 40 41 42 44 45 46 47 48 49
36 1 2 3 4 6 7 9 12 13 14 15 16 18 19 20 23 25 26 27 28 31 32 33 34 36 37 38 40 41 43 44 45 46 47 48 49
30 1 2 3 4 5 6 9 13 15 17 18 20 21 22 25 26 30 31 32 35 37 38 39 40 41 42 44 47 48 49
31 1 3 5 6 7 10 13 14 15 16 17 18 19 23 24 27 30 31 32 33 35 37 38 39 40 41 43 44 46 47 49
16 3 9 12 13 14 19 22 24 25 26 29 33 36 38 42 48
31 1 2 3 4 5 6 11 12 13 15 16 17 18 20 22 23 24 29 31 32 33 36 38 39 40 41 42 43 44 45 46
30 1 2 5 6 8 9 10 11 13 15 16 17 18 19 22 23 25 27 30 31 32 33 35 37 38 39 40 41 43 44
33 2 3 4 5 10 12 13 14 16 17 18 19 20 22 24 25 26 28 29 30 31 33 34 35 36 41 42 43 44 46 47 48 49
36 2 3 4 5 7 9 10 11 12 13 14 15 16 17 18 19 21 22 23 25 26 27 28 30 31 32 33 34 37 38 41 42 43 44 48 49
21 1 4 5 9 11 13 14 15 19 20 22 23 24 26 33 34 40 41 43 45 47
26 1 4 6 10 11 13 14 16 18 19 21 23 25 26 29 30 32 33 36 40 41 43 44 46 47 48
36 4 5 6 8 9 10 12 13 14 16 17 18 19 20 21 23 24 25 26 27 28 29 30 32 33 34 35 36 37 38 40 41 43 45 46 49
16 2 3 7 10 12 17 18 20 29 35 39 40 43 44 45 46
35 1 6 9 10 11 13 14 15 16 18 19 20 21 22 23 24 25 26 28 30 31 32 34 37 38 39 40 41 42 44 45 46 47 48 49
34 1 2 3 5 6 7 8 9 10 11 12 13 15 16 19 20 21 23 24 25 26 27 29 30 31 32 33 34 37 39 40 41 46 49
25 1 3 4 5 6 9 10 11 12 18 19 23 25 27 29 30 31 32 33 35 36 41 42 45 49
35 1 3 5 6 7 8 10 11 12 13 15 16 18 19 21 23 24 26 28 30 31 32 33 34 35 37 38 39 40 41 43 45 46 47 49
31 1 2 3 6 8 9 10 11 12 13 14 15 16 17 19 20 23 24 25 27 29 30 35 36 41 43 44 45 46 47 49
34 1 2 3 5 6 7 9 10 13 14 15 16 17 19 20 21 25 26 27 28 29 31 33 34 35 37 39 40 41 43 44 45 46 49
37 1 2 4 5 6 7 9 10 11 12 14 16 17 18 19 20 23 24 26 28 29 30 31 32 33 34 35 36 38 39 40 41 42 43 47 48 49
17 4 9 17 22 23 24 26 27 28 31 32 36 38 41 43 44 46
26 2 5 9 10 12 13 14 18 19 22 23 27 28 31 32 33 34 36 41 42 43 44 45 47 48 49
35 2 3 5 6 7 9 10 11 12 13 15 16 17 18 19 20 21 23 24 25 29 30 31 34 35 36 37 38 39 40 42 43 44 45 47
27 1 4 7 8 9 10 12 15 17 19 21 26 30 31 32 33 35 36 37 38 40 41 42 43 45 46 49
34 2 4 5 6 7 8 10 11 13 14 15 16 17 18 19 20 22 23 24 25 28 29 31 32 33 34 35 36 37 39 40 41 43 46
26 1 2 4 5 6 7 11 12 13 15 17 19 20 21 23 25 26 27 29 32 33 38 39 44 45 49
24 2 5 6 7 8 9 13 16 21 24 25 26 30 34 35 37 38 39 41 42 43 44 46 47
33 2 3 4 5 6 7 8 10 13 14 16 17 18 21 22 23 25 26 28 29 30 32 33 34 36 37 39 40 41 43 44 45 46
30 3 5 6 7 8 9 10 13 14 15 17 18 19 22 24 25 26 28 30 32 34 35 39 41 42 43 44 45 46 48
28 1 4 6 11 17 18 21 22 23 24 25 26 27 28 30 32 34 35 36 40 41 42 43 44 46 47 48 49
38 1 2 3 4 5 6 8 10 11 12 13 15 16 18 19 20 21 23 24 25 26 27 28 30 31 33 34 35 37 38 39 41 43 44 45 46 47 48
15 4 6 10 16 17 19 25 28 29 35 36 38 41 42 47
34 1 2 4 9 10 11 12 13 14 15 17 21 22 23 25 26 27 29 31 32 33 34 35 37 38 39 41 42 43 44 45 46 48 49
34 1 2 3 4 5 6 7 8 11 12 13 15 16 19 21 22 23 24 25 26 28 29 30 33 34 36 37 38 43 44 46 47 48 49
34 1 2 3 4 7 8 9 10 11 12 14 15 16 20 21 23 24 25 27 28 30 31 32 33 34 35 38 39 42 43 46 47 48 49
21 1 2 5 6 8 12 20 22 26 27 28 29 36 37 38 41 43 46 47 48 49
25 1 2 8 9 10 11 12 17 18 22 23 25 30 34 35 36 39 40 41 43 44 45 47 48 49
19 2 3 5 8 10 12 13 14 15 20 23 25 27 31 34 36 37 43 47
18 2 5 9 10 13 15 19 20 22 23 27 28 29 33 35 45 46 47
22 1 2 4 7 8 15 16 17 18 24 25 27 32 33 34 35 36 39 41 42 46 49
31 1 3 4 5 6 7 10 11 12 13 15 16 17 19 20 21 23 24 27 28 29 31 33 34 35 37 40 45 46 47 48
26 2 4 5 11 12 15 16 17 18 19 20 22 23 25 26 27 28 31 33 37 40 42 43 44 45 46
30 1 3 5 6 7 10 11 12 14 16 17 21 25 27 29 30 32 33 34 35 36 38 39 41 42 43 45 46 47 49
18 1 7 8 9 12 13 14 19 20 23 26 27 29 38 44 45 48 49
37 1 3 5 6 7 8 9 10 11 12 13 14 17 19 20 21 22 24 25 26 27 28 30 31 32 34 35 38 39 40 41 42 43 45 46 47 49
28 1 6 8 10 12 14 15 16 17 18 20 21 22 26 27 28 30 31 33 35 36 37 39 41 43 45 48 49
32 1 5 9 10 12 13 14 15 16 17 18 20 21 22 23 24 25 26 27 28 30 32 33 35 37 38 39 41 44 45 46 49
24 2 5 6 11 13 15 16 17 22 24 25 28 29 30 31 34 37 38 39 41 43 46 47 49
33 1 4 5 6 7 8 10 11 13 14 15 16 17 18 21 22 23 24 29 30 31 32 33 34 35 37 38 40 41 43 44 45 46
32 2 3 6 7 9 11 12 14 15 18 19 20 21 22 24 25 26 28 29 30 31 32 34 35 37 38 39 41 42 46 47 49
36 1 3 4 5 6 7 8 9 10 11 12 13 14 17 18 19 20 21 22 23 24 25 28 30 31 32 34 36 38 39 40 41 42 44 46 47
26 1 4 5 6 8 9 10 11 12 13 15 16 17 18 20 21 22 24 28 35 40 41 43 44 45 48
23 3 5 7 9 10 11 14 15 18 19 21 22 24 26 31 32 36 37 41 42 43 45 48
21 3 4 6 11 12 16 17 19 21 22 23 26 29 33 37 38 41 44 46 48 49
35 1 3 4 5 6 9 10 11 12 13 16 17 18 19 20 22 24 25 26 27 28 29 32 33 34 37 38 39 40 41 42 44 46 47 49
27 1 2 3 4 5 8 10 11 13 14 16 17 19 23 24 25 26 28 30 31 32 34 35 38 39 42 47
40 50 51 52 53 54 55 56 57 58 59 60 61 62 63 64 65 66 67 68 69 70 71 72 73 74 75 76 77 78 79 80 81 82 83 84 85 86 87 88 89
15 52 54 55 57 60 66 67 68 75 77 81 84 87 88 89
19 50 52 53 59 60 63 66 69 70 73 75 76 77 78 81 82 85 87 88
25 51 53 54 55 57 59 60 63 66 67 68 70 71 73 74 76 77 78 79 80 83 84 86 87 89
30 52 53 55 57 58 60 61 63 64 66 67 68 69 70 71 72 73 74 77 78 79 80 81 82 84 85 86 87 88 89
30 50 53 54 55 56 57 58 59 60 61 62 63 64 65 67 68 69 70 72 74 75 76 77 79 80 82 83 86 87 89
29 50 51 52 53 54 55 56 57 58 60 62 64 65 66 67 68 69 72 73 74 77 80 81 82 83 85 86 88 89
17 51 55 59 61 62 67 71 72 73 76 79 80 81 82 83 86 87
26 50 51 52 53 54 55 56 58 60 61 62 63 64 66 69 70 72 73 74 76 79 80 84 86 88 89
16 50 51 52 54 55 56 57 61 62 66 72 74 78 79 82 88
19 52 53 54 55 59 60 62 64 69 70 72 75 77 78 79 84 86 88 89
15 52 53 54 55 57 58 66 69 72 74 78 79 80 84 86
18 53 55 56 57 60 62 64 66 70 71 74 77 79 82 84 85 86 89
19 50 51 52 55 56 59 60 61 65 69 72 76 77 78 81 83 84 86 88
16 53 56 61 63 67 68 70 72 74 76 77 79 80 86 87 88
14 90 91 94 95 96 110 111 112 115 117 122 124 127 131
11 92 93 95 97 98 104 105 116 119 122 123
23 95 96 99 100 102 103 104 106 108 109 114 115 116 117 119 121 122 124 125 126 127 128 131
10 90 99 101 107 109 111 113 121 123 131
7 94 104 106 114 116 119 120
7 91 99 108 113 117 119 130
14 94 96 100 101 102 104 106 110 114 125 127 128 129 131
7 96 101 104 105 113 118 120
8 92 99 103 112 119 126 128 131
7 90 92 96 105 108 114 129
5 94 97 110 120 122
3 97 106 122
8 97 99 106 112 114 120 129 131
19 91 93 94 97 98 99 100 101 102 103 107 110 116 118 119 123 125 126 128
24 91 93 98 101 102 103 104 106 108 109 110 112 114 115 118 119 121 124 125 127 128 129 130 131
14 90 94 97 98 100 101 102 105 106 115 120 124 127 130
22 90 92 93 94 100 101 102 104 105 106 112 113 115 117 118 119 121 125 127 128 129 131
30 91 92 93 94 95 97 98 99 101 102 103 104 105 107 110 111 112 115 116 117 118 119 120 121 122 124 125 126 128 129
15 90 92 94 99 103 106 107 110 113 115 117 123 127 129 130
8 91 93 98 104 106 109 114 124
7 92 97 104 112 117 118 128
25 91 93 94 95 96 98 100 104 105 107 108 109 110 111 115 116 117 122 123 125 126 127 128 129 130
3 124 125 126
28 90 91 93 94 95 99 103 104 105 107 108 109 110 111 113 116 117 118 119 120 121 122 123 125 126 128 130 131
10 91 92 94 99 100 108 109 119 129 130
17 91 93 95 100 104 105 106 114 116 118 119 120 122 123 125 128 130
12 90 91 93 95 99 109 110 112 113 117 123 129
8 93 101 102 110 111 115 118 131
20 90 94 95 96 100 101 102 103 105 107 108 110 113 115 116 117 119 120 125 126
20 90 92 93 94 95 100 102 105 109 110 112 114 117 120 121 122 124 125 126 129
13 90 92 93 95 108 109 119 123 124 125 126 127 131
12 96 102 104 108 114 116 120 122 124 127 129 130
17 91 93 94 100 101 102 103 104 107 108 109 110 111 124 126 127 128
27 91 93 95 96 97 98 100 101 102 104 105 108 109 111 112 114 116 118 119 120 121 122 124 125 126 128 131
16 95 104 106 109 111 112 113 115 117 120 121 122 124 127 130 131
8 100 102 103 110 111 112 122 129
12 91 95 100 102 105 109 111 114 116 123 126 128
25 90 92 93 96 98 99 101 103 104 106 107 108 112 113 115 117 118 119 121 124 125 127 129 130 131
9 90 91 99 107 108 111 114 117 122
17 90 92 95 96 98 105 113 115 116 117 118 119 121 122 123 125 130
13 90 91 100 102 109 110 111 112 114 115 120 128 129
18 92 93 94 95 96 97 98 99 102 105 108 111 112 115 117 121 125 131
14 92 97 99 111 112 118 121 122 123 127 128 129 130 131
18 96 97 98 100 101 102 103 105 108 118 121 122 124 125 126 128 130 131
12 90 96 100 106 108 109 113 114 123 127 130 131
13 92 94 96 100 103 105 115 118 123 124 125 129 131
22 91 96 97 98 99 101 103 104 106 107 108 111 113 115 116 118 119 123 127 128 130 131
14 92 96 97 98 100 101 102 106 112 114 115 124 127 129
16 96 100 102 104 106 107 108 110 113 116 119 120 122 124 128 131
14 91 94 97 98 99 106 107 114 115 116 117 121 128 130
8 91 92 98 105 106 117 119 128
13 90 94 95 96 98 108 109 120 122 123 126 127 131
21 90 95 96 98 103 104 105 107 112 113 114 116 117 120 121 123 124 125 126 127 128
12 93 94 95 97 100 103 110 112 115 118 125 126
26 90 91 92 93 94 95 97 98 99 101 103 105 109 111 112 114 115 117 118 121 123 125 126 127 129 130
28 92 93 97 98 99 100 101 102 103 104 105 106 107 108 109 113 114 116 118 119 120 121 123 125 126 128 129 130
25 90 92 94 96 97 98 99 101 102 103 107 108 109 110 111 112 113 115 117 121 124 126 127 129 131
8 95 98 101 109 110 116 127 130
19 90 91 92 93 94 97 98 101 105 107 110 111 112 113 118 120 123 129 130
13 91 95 104 107 109 110 111 114 117 118 121 123 125
18 90 92 94 95 96 97 99 100 105 107 111 113 116 117 120 122 123 126
5 92 107 111 115 127
20 91 95 96 97 98 99 103 107 108 109 110 111 114 116 120 122 123 124 126 130
11 90 92 93 95 98 109 111 112 115 120 124
24 90 91 100 101 103 104 106 107 109 110 113 114 116 118 119 120 122 123 124 126 127 128 129 130
7 93 96 108 113 116 122 129
15 94 96 99 101 103 106 107 108 113 117 118 121 127 130 131
17 90 92 97 99 101 102 103 106 112 113 114 118 119 120 121 124 131
12 93 97 102 104 106 112 113 119 120 121 126 128
22 91 93 99 100 101 102 103 105 106 107 110 111 113 114 115 116 119 121 124 125 129 130
10 97 103 105 107 116 118 121 122 123 126
15 90 95 96 105 107 112 114 116 120 121 123 124 125 126 127
15 91 93 98 103 104 106 110 112 114 118 119 124 125 129 130
6 102 103 111 112 122 129
11 91 100 102 103 105 107 110 115 121 125 129
4 91 99 108 113
9 100 106 108 109 114 123 127 130 131
4 92 107 111 127
6 103 105 107 116 121 126
7 91 97 99 107 114 117 128
4 102 110 112 129
6 96 101 104 105 118 120
5 91 92 98 119 128
9 94 96 100 103 115 118 124 125 129
20 90 92 94 96 97 99 101 102 103 108 109 111 112 113 117 121 124 126 129 131
1 97
6 91 92 99 100 108 129
14 91 95 97 98 100 102 104 108 116 122 124 126 128 131
25 90 91 94 95 99 103 104 105 107 108 110 111 113 116 118 119 120 121 122 123 125 126 128 130 131
9 92 93 95 97 98 104 105 116 122
8 90 94 96 98 108 109 120 131
13 92 93 94 95 98 99 102 105 108 115 117 125 131
10 92 97 102 103 106 112 113 121 124 131
15 92 93 94 97 98 99 102 105 108 111 112 115 117 121 125
15 91 93 94 97 99 100 101 103 107 110 116 118 119 125 128
7 93 97 102 104 119 120 126
10 95 104 106 111 115 117 120 124 130 131
14 93 94 100 101 102 104 113 115 117 119 125 128 129 131
12 91 93 94 100 101 102 103 107 108 109 110 128
3 94 110 122
9 97 99 101 102 103 113 114 119 121
7 91 99 106 115 121 128 130
6 99 107 108 114 117 122
5 91 99 117 119 130
8 97 102 104 106 112 120 126 128
20 90 92 93 98 99 101 103 106 108 112 113 115 117 119 121 124 127 129 130 131
8 90 93 95 109 112 115 120 124
5 93 97 98 104 119
12 94 96 99 101 103 106 107 113 117 121 130 131
10 95 109 111 112 113 117 120 124 127 130
20 92 98 99 101 103 104 106 107 108 112 115 117 118 119 121 124 127 129 130 131
4 96 104 113 118
9 90 92 95 108 123 124 126 127 131
13 92 93 94 96 99 105 108 111 112 115 117 121 125
5 94 114 116 119 120
4 106 114 116 119
7 96 104 108 116 120 124 129
5 97 103 105 116 126
7 100 102 106 110 125 128 129
9 96 97 98 105 111 112 121 125 131
15 92 94 97 101 102 103 105 107 111 117 119 120 124 126 129
4 92 97 112 117
11 92 96 100 103 115 118 123 124 125 129 131
4 96 101 105 113
9 91 92 93 94 97 98 101 112 118
12 96 97 98 100 101 103 108 118 122 125 128 130
14 90 92 93 101 102 105 106 112 113 115 117 119 127 128
5 93 102 111 115 131
10 96 102 104 114 116 120 122 124 127 129
13 90 92 95 96 98 105 115 116 118 119 121 122 130
9 90 96 100 108 113 114 127 130 131
9 90 94 95 96 110 122 124 127 131
9 90 91 100 102 110 111 120 128 129
16 90 92 94 95 96 97 99 100 107 111 113 117 120 122 123 126
6 98 104 106 109 114 124
13 97 98 100 102 103 105 108 122 124 125 126 130 131
13 90 92 93 98 99 103 106 117 119 121 124 129 131
8 104 109 111 113 115 120 122 127
9 92 93 95 108 109 119 123 124 125
4 101 113 118 120
15 95 96 101 102 104 111 112 114 118 120 121 122 125 128 131
22 91 93 95 97 98 100 101 102 104 105 108 109 112 114 116 119 120 121 122 124 126 131
7 91 107 110 111 114 118 123
8 92 99 103 106 107 123 129 130
15 95 97 99 107 108 109 110 111 116 120 122 123 124 126 130
10 91 94 95 96 112 115 117 124 127 131
5 102 103 110 122 129
5 90 96 105 108 114
11 91 104 106 108 116 118 123 127 128 130 131
8 91 95 110 111 112 117 124 127
9 90 92 95 98 109 111 112 115 120
10 90 92 99 103 106 107 110 113 115 123
7 90 93 95 108 109 123 126
5 99 103 112 126 128
13 91 93 100 101 102 107 108 109 110 124 126 127 128
5 97 103 105 107 118
8 93 95 97 100 103 110 118 125
6 91 93 98 104 109 124
4 101 110 115 131
12 90 92 94 99 103 106 107 110 115 117 127 130
10 90 92 96 98 113 115 118 123 125 130
23 92 93 97 99 100 101 102 104 105 106 107 108 109 113 114 116 118 119 120 121 125 129 130
15 96 97 98 101 102 103 105 108 118 121 125 126 128 130 131
8 99 101 107 109 113 121 123 131
11 91 94 97 98 100 101 102 103 110 126 128
19 92 93 99 101 102 103 105 106 108 109 113 114 118 119 123 125 126 128 130
4 94 104 106 120
7 97 105 107 116 121 122 123
21 90 91 93 94 95 99 103 105 107 109 110 111 113 116 117 121 122 123 125 128 130
12 90 93 112 113 115 117 119 121 124 125 129 130
6 91 99 108 117 119 130
12 90 91 92 93 94 98 101 105 110 111 120 130
4 95 101 110 127
18 91 92 93 95 97 98 101 107 110 112 116 119 120 121 122 124 125 129
4 99 103 112 128
7 92 93 98 111 115 120 124
7 92 95 97 104 105 119 123
4 92 107 115 127
4 91 99 108 130
4 106 114 116 119
13 91 95 98 101 102 109 114 116 119 121 122 124 125
6 95 98 109 110 127 130
6 93 102 110 115 118 131
7 90 100 106 108 109 127 130
10 91 92 93 98 101 105 107 120 123 129
5 105 107 121 122 126
20 90 92 94 96 97 98 99 102 103 107 109 111 112 113 115 117 121 124 126 131
4 107 111 115 127
7 97 99 106 114 120 129 131
10 104 106 111 112 113 117 120 121 122 130
6 90 91 93 110 113 129
10 91 94 95 96 111 115 117 124 127 131
8 96 100 101 102 106 114 125 131
12 90 92 95 96 113 115 116 117 118 121 122 125
13 90 92 94 103 106 110 113 115 117 123 127 129 130
21 91 95 96 98 100 104 107 108 109 111 115 116 117 122 123 125 126 127 128 129 130
6 96 104 105 113 118 120
7 102 105 109 111 114 116 123
13 91 93 104 105 106 116 118 119 122 123 125 128 130
6 95 109 114 116 126 128
5 92 96 105 108 129
20 91 95 96 97 100 101 102 104 108 111 112 116 118 119 120 122 124 125 128 131
10 90 101 102 103 113 118 119 121 124 131
2 124 126
4 106 112 120 131
12 91 98 107 109 110 116 120 122 123 124 126 130
6 90 93 110 113 117 123
10 90 95 96 108 109 120 123 126 127 131
19 90 92 96 98 99 101 103 108 112 113 115 118 119 121 124 125 127 129 130
7 103 105 107 116 118 122 123
15 97 100 101 104 105 108 111 112 118 119 121 122 124 125 126
4 97 99 114 129
8 92 95 97 104 105 119 122 123
13 98 104 108 112 114 115 118 119 121 128 129 130 131
8 92 95 97 105 116 119 122 123
23 91 93 95 96 97 98 100 102 104 105 108 109 111 112 114 116 119 120 122 124 125 128 131
19 91 93 98 101 102 103 104 106 108 109 110 112 115 118 119 121 124 128 130
3 94 97 122
11 95 104 106 109 111 113 115 117 121 127 130
6 90 91 93 112 123 129
13 95 96 102 104 108 114 115 119 121 124 125 127 131
4 93 115 118 131
8 92 103 106 112 118 120 121 124
4 92 105 106 119
14 91 93 94 100 101 102 104 107 108 109 111 126 127 128
6 90 100 110 114 120 128
14 90 91 92 94 98 99 103 105 109 111 114 117 123 125
4 97 99 114 131
13 96 99 100 102 104 114 115 119 121 122 124 127 131
10 97 102 104 112 113 119 120 121 126 128
5 91 93 98 104 109
17 92 94 100 101 102 104 105 106 113 115 118 119 125 127 128 129 131
8 109 115 117 120 121 127 130 131
19 90 93 96 99 101 103 104 106 108 112 113 115 117 118 119 121 124 125 131
16 90 94 96 97 98 101 102 107 109 111 112 115 121 126 127 131
11 91 100 101 102 105 107 110 111 113 124 129
7 90 92 93 95 98 111 115
4 91 99 108 117
7 93 95 98 109 111 112 115
14 92 93 97 98 100 104 107 108 113 121 126 128 129 130
15 90 92 94 95 96 97 99 105 107 111 116 117 120 122 123
3 96 116 129
3 117 118 128
4 93 101 102 115
12 90 94 95 96 110 112 115 117 122 124 127 131
18 91 93 94 95 98 100 105 107 108 109 110 111 116 117 125 127 128 129
2 124 126
9 97 98 100 105 121 124 125 126 128
4 92 111 115 127
5 98 110 116 127 130
9 91 93 95 99 109 110 112 113 123
12 92 96 97 98 100 101 102 112 114 115 124 127
11 94 96 100 103 105 115 123 124 125 129 131
18 92 93 97 98 101 102 103 104 105 106 109 114 116 118 119 121 129 130
16 90 91 100 106 107 110 114 116 118 119 120 122 124 127 129 130
5 92 93 98 112 115
7 91 92 98 105 106 119 128
11 91 94 97 98 99 106 107 114 116 121 130
5 90 92 96 105 114
9 91 95 107 109 114 117 121 123 125
11 90 93 94 98 101 105 107 110 113 129 130
11 90 91 94 95 96 110 111 112 115 117 122
5 101 109 113 121 131
8 91 97 99 106 107 116 117 121
16 92 93 94 95 96 97 98 99 102 105 108 111 112 115 117 121
11 91 94 98 99 103 107 110 116 123 126 128
2 125 126
10 92 94 95 96 100 105 111 113 120 126
7 94 97 110 112 118 125 126
1 122
11 96 103 104 105 112 114 116 117 124 126 128
7 92 94 105 115 123 129 131
12 90 92 94 96 98 99 101 107 110 113 117 126
10 96 102 104 108 113 120 122 124 128 131
5 92 95 98 104 116
7 90 101 107 109 113 121 131
16 91 95 96 98 99 103 107 108 109 110 111 114 120 122 126 130
5 102 110 111 115 131
3 99 108 117
3 94 97 120
8 94 101 106 107 113 117 127 131
12 90 97 99 102 103 106 112 114 118 119 120 131
8 95 100 102 105 109 114 116 128
8 90 94 95 98 109 120 126 131
10 93 94 95 100 103 110 112 115 118 125
9 99 101 103 107 113 118 121 127 130
10 90 97 98 102 105 106 115 120 124 130
8 97 103 107 116 118 121 122 126
3 112 117 118
4 92 99 103 112
22 90 92 93 96 98 99 101 103 104 106 107 108 112 113 115 118 119 121 124 129 130 131
6 99 107 108 114 117 122
17 93 94 100 101 102 104 105 106 112 113 115 117 118 119 125 128 129
10 90 94 103 106 107 110 113 115 127 130
22 90 91 94 99 104 105 107 108 110 111 113 116 117 118 119 121 122 123 126 128 130 131
14 90 92 95 96 98 115 116 118 119 121 122 123 125 130
6 99 112 114 120 129 131
10 90 91 93 95 99 109 110 113 117 123
6 102 104 116 120 124 127
10 91 92 93 98 101 112 113 118 123 129
12 96 99 100 108 114 115 116 117 121 122 124 125
3 90 92 96
4 92 107 111 127
10 90 94 95 96 108 109 120 126 127 131
1 122
9 96 102 104 108 110 119 120 122 131
5 106 112 114 120 129
7 104 106 112 113 120 126 128
9 96 103 106 107 113 117 118 127 131
11 97 99 101 102 103 112 113 114 118 124 131
1 125
5 98 101 109 110 130
17 90 91 100 103 104 106 109 110 114 116 122 123 124 127 128 129 130
4 93 98 106 109
6 95 107 111 114 117 118
3 92 107 111
13 94 95 100 102 103 108 113 115 116 117 119 125 126
11 90 92 93 108 109 119 123 124 126 127 131
5 96 101 104 113 120
9 94 95 97 100 103 112 115 118 125
10 90 94 95 96 98 108 120 122 126 127
17 90 98 103 105 107 113 114 116 117 120 121 123 124 125 126 127 128
6 91 100 108 109 119 130
12 94 99 101 103 106 107 108 113 117 118 130 131
8 92 96 100 102 106 115 124 129
10 90 94 95 98 108 120 122 123 126 131
15 93 94 100 101 102 103 104 107 108 110 111 124 126 127 128
18 91 93 100 101 102 103 105 106 107 110 111 113 114 115 124 125 129 130
9 92 94 96 115 118 123 124 125 129
9 96 101 102 104 110 125 128 129 131
8 91 104 107 110 111 117 121 123
14 90 94 95 100 102 105 110 112 114 120 122 124 125 129
18 91 93 95 96 97 98 100 101 104 108 111 118 119 120 124 125 126 131
8 95 107 110 111 117 118 121 125
8 90 91 100 112 114 115 120 128
14 90 92 94 95 100 105 109 110 114 117 122 124 125 126
4 98 105 106 128
4 100 102 110 112
11 92 93 94 95 97 102 105 108 111 117 131
6 91 100 102 109 116 126
14 92 93 94 95 96 97 98 99 102 108 111 112 115 121
5 93 108 113 122 129
19 91 93 99 100 101 102 103 105 106 107 110 111 114 115 116 124 125 129 130
2 106 122
10 96 102 104 108 116 120 122 124 127 130
17 93 103 104 106 108 109 110 112 114 115 119 124 127 128 129 130 131
5 100 103 110 122 129
2 94 120
10 90 92 94 99 107 110 113 123 127 130
9 90 91 93 99 109 110 117 123 129
10 100 102 106 108 110 113 119 124 128 131
5 93 104 106 114 124
6 95 100 102 114 116 128
21 93 96 98 99 101 103 104 106 107 108 112 113 115 117 118 119 121 124 125 129 131
20 91 93 95 98 100 104 105 108 109 110 116 117 122 123 125 126 127 128 129 130
6 100 105 114 116 126 128
10 96 97 100 102 106 112 114 124 127 129
15 91 99 101 103 108 113 115 116 118 119 123 127 128 130 131
4 101 104 105 120
12 102 106 108 109 114 116 119 121 124 125 127 131
7 99 101 107 109 111 121 123
6 93 102 110 111 118 131
12 91 99 103 108 111 113 115 116 118 123 128 130
8 92 97 111 112 121 123 130 131
3 94 97 120
8 99 103 108 113 117 118 130 131
13 90 94 99 103 106 107 110 113 115 123 127 129 130
1 126
4 103 111 112 129
12 93 95 100 114 116 118 119 120 123 125 128 130
6 96 106 108 109 114 127
14 90 95 96 98 104 105 107 112 113 114 117 123 124 128
3 114 119 120
14 93 94 97 100 101 104 106 107 113 117 118 120 123 129
23 90 92 94 95 97 99 100 102 106 107 108 110 111 112 113 115 116 118 121 125 127 129 130
15 91 92 94 103 107 112 113 114 119 123 124 128 129 130 131
16 90 91 94 97 98 99 103 105 115 120 121 123 124 125 128 129
15 90 93 95 96 101 102 104 107 108 112 113 114 117 125 127
15 91 93 94 96 97 98 104 106 108 110 116 117 120 125 128
26 90 91 92 93 94 96 97 98 102 103 104 106 107 108 109 110 114 116 117 120 121 123 126 129 130 131
25 91 92 95 97 98 100 102 103 104 105 110 112 114 115 116 117 118 119 120 121 124 126 128 129 130
13 95 96 98 104 106 109 111 114 115 118 124 130 131
26 93 95 99 100 102 105 106 108 110 111 112 114 116 117 118 120 121 122 123 124 125 126 127 128 130 131
28 92 94 95 97 99 100 102 104 106 107 108 109 112 113 114 115 116 117 118 120 121 122 124 125 128 129 130 131
23 91 95 96 99 100 101 103 104 105 106 107 111 112 113 114 117 120 121 124 125 126 127 130
29 90 91 92 93 94 97 100 101 104 107 108 109 110 111 112 113 114 115 116 118 119 120 121 123 124 125 126 128 131
15 90 91 92 93 94 97 102 104 106 119 120 125 126 127 130
26 91 93 94 95 96 97 100 103 104 105 107 109 111 112 113 116 117 121 123 124 125 126 127 129 130 131
20 92 93 96 98 99 101 107 108 109 110 111 113 114 117 118 119 120 127 129 130
16 91 92 95 98 101 105 106 107 109 111 115 118 122 125 129 130
24 91 92 96 98 99 101 102 103 105 106 108 110 111 113 115 116 117 120 122 123 125 126 129 131
29 90 91 93 94 95 96 97 99 100 101 102 104 105 106 107 108 110 112 113 115 117 118 119 120 125 126 128 129 131
23 90 91 93 96 97 106 107 108 109 110 111 113 114 115 120 121 122 125 127 128 129 130 131
14 91 92 94 95 97 99 104 106 114 115 116 118 126 127
28 91 92 94 95 96 97 99 101 102 103 104 106 107 109 110 112 113 114 115 116 117 121 124 125 127 128 129 130
16 97 100 101 103 104 107 112 113 117 121 122 123 127 128 130 131
28 92 93 94 95 96 97 99 100 101 102 104 105 106 107 108 112 113 114 116 119 120 121 123 124 125 127 129 130
18 92 93 96 97 100 101 103 106 108 109 111 112 116 117 124 125 127 129
18 92 94 98 100 103 107 108 109 112 113 115 117 121 123 124 125 129 131
27 90 91 93 94 96 98 101 102 103 105 106 107 108 110 111 112 113 115 116 117 120 122 125 126 128 129 131
29 90 92 93 94 95 96 97 98 99 101 103 104 109 111 112 113 114 115 116 119 120 121 122 124 125 126 127 128 131
18 92 93 94 96 97 98 100 101 103 106 112 113 120 121 126 129 130 131
26 91 92 93 96 98 99 101 102 103 104 105 108 109 111 114 116 117 119 120 121 126 127 128 129 130 131
23 90 92 93 94 95 96 97 99 100 106 107 108 109 112 114 118 120 121 122 124 125 126 130
20 91 92 93 96 99 101 103 105 106 107 110 111 114 117 118 119 122 124 126 128
28 90 94 95 98 99 101 102 103 104 105 106 110 112 114 115 116 117 118 119 120 121 122 124 125 127 128 130 131
24 91 92 93 95 98 100 101 103 104 105 106 107 109 110 111 115 116 117 118 119 121 123 125 130
29 90 91 92 93 96 97 98 99 101 103 104 107 108 109 110 113 115 116 117 118 119 120 123 125 126 128 129 130 131
25 91 92 94 95 96 97 98 99 100 103 105 106 107 108 112 113 115 116 119 120 121 123 124 125 127
26 91 92 93 94 97 99 100 102 103 104 105 109 110 112 113 116 117 119 120 122 125 126 127 128 130 131
27 92 93 94 95 97 99 100 101 102 103 105 106 108 111 112 113 114 117 118 119 120 121 124 127 129 130 131
21 90 93 96 97 98 99 101 102 104 105 108 110 111 114 116 119 122 123 126 129 131
14 96 97 102 104 105 108 110 116 117 118 122 123 124 127
15 91 93 102 106 107 109 110 114 119 120 121 124 127 128 130
26 90 94 96 98 99 100 101 102 103 108 109 111 112 113 114 115 116 117 118 119 120 121 122 127 128 129
23 90 91 92 93 95 99 101 103 104 106 108 109 110 112 113 114 115 117 119 120 122 124 126
15 92 93 100 104 105 106 108 112 114 115 118 119 124 125 128
21 90 93 95 96 100 101 104 105 107 109 110 114 116 118 119 121 123 124 125 128 131
25 90 91 92 93 97 99 100 101 102 104 105 106 107 109 111 112 113 115 116 117 120 121 122 126 131
24 92 96 97 98 99 100 101 102 103 105 106 107 112 113 114 115 116 118 121 122 123 126 130 131
16 90 92 94 95 98 102 105 107 108 110 113 117 119 127 130 131
21 91 94 96 100 101 102 103 109 111 112 113 115 118 120 121 122 123 124 125 129 131
15 96 99 100 102 106 109 111 112 117 118 122 124 125 127 128
13 96 97 98 101 104 105 107 112 113 114 116 121 125
24 92 93 95 96 99 100 101 103 104 105 106 108 110 111 112 113 114 115 119 121 122 125 128 131
20 92 93 94 95 98 99 100 104 106 107 109 110 111 114 117 118 119 122 130 131
22 91 93 94 96 97 99 100 103 106 108 109 111 113 114 118 121 123 124 125 128 129 130
16 91 93 95 98 101 106 111 112 115 116 122 125 126 127 128 130
21 91 99 101 102 103 104 106 110 112 113 114 115 116 119 120 121 123 125 126 128 131
16 90 91 92 94 97 102 105 111 112 115 118 119 124 126 128 130
15 92 94 97 100 101 106 107 108 109 113 115 119 120 122 129
23 90 92 93 97 98 99 104 109 110 111 114 116 117 118 119 120 121 122 124 126 127 130 131
17 90 91 92 95 98 102 106 107 108 109 111 112 119 123 124 128 130
16 90 91 92 93 94 99 102 103 112 113 117 120 125 126 127 131
20 91 92 93 94 96 97 99 100 101 104 105 107 109 110 113 121 122 126 127 131
26 90 91 94 96 99 100 102 103 104 107 109 112 113 116 117 119 120 121 122 123 124 125 126 127 129 131
24 92 95 100 102 103 104 105 107 110 111 112 115 116 119 120 121 122 124 125 126 127 128 129 130
16 95 97 98 100 101 104 105 107 109 114 119 121 122 123 124 128
15 94 95 96 97 98 100 101 104 107 108 111 121 123 125 130
24 90 93 96 97 102 104 106 107 108 109 110 111 112 113 114 116 118 119 120 121 124 125 127 129
24 92 96 98 101 103 104 106 108 109 110 112 113 114 116 117 119 120 121 122 123 127 128 129 130
27 90 92 93 94 97 99 100 101 102 103 104 105 106 107 108 112 114 118 120 121 122 123 125 126 128 130 131
25 90 92 95 97 98 99 100 101 102 103 104 105 109 110 112 113 114 117 118 119 121 124 126 127 128
22 90 92 93 94 95 96 97 101 102 104 107 108 109 113 114 116 119 123 124 125 127 130
15 90 92 93 105 108 110 111 113 115 118 121 122 123 126 129
18 90 94 95 97 99 100 102 103 104 107 109 110 118 121 122 123 128 131
23 91 92 93 96 97 99 100 102 103 104 106 108 109 111 112 113 115 117 118 124 125 126 128
22 91 93 95 96 100 102 107 111 113 115 116 117 118 119 120 121 123 126 127 128 130 131
24 91 92 94 96 97 98 100 101 103 104 105 106 108 110 111 115 116 117 118 122 123 125 126 127
16 91 93 94 96 101 104 108 109 111 112 115 120 123 127 128 129
18 92 93 102 103 104 105 108 112 113 115 116 118 122 123 124 125 126 130
27 90 92 93 94 95 96 98 99 100 103 104 108 109 112 114 115 116 117 120 121 123 124 125 126 127 129 131
22 97 98 101 102 103 104 105 107 108 109 110 114 115 116 117 118 121 124 125 127 130 131
20 91 92 97 98 99 100 101 102 105 106 108 109 110 111 113 116 121 122 124 131
29 91 92 93 95 96 97 101 102 104 105 106 107 108 109 110 111 112 113 114 121 122 123 124 125 126 127 129 130 131
19 90 93 94 96 97 98 104 106 116 117 118 119 120 121 122 123 127 130 131
25 90 91 92 96 97 98 102 106 107 108 109 111 112 113 115 116 117 121 122 123 125 126 127 128 130
14 90 91 95 98 103 106 112 114 115 116 120 121 123 127
21 94 98 100 104 106 107 108 112 113 115 116 117 120 121 123 125 126 128 129 130 131
16 91 94 95 97 99 101 104 106 109 110 115 117 118 119 129 131
26 91 92 96 97 98 100 101 102 103 104 105 106 108 110 111 114 115 116 117 118 119 122 125 127 129 131
29 90 91 92 94 95 97 98 99 100 102 103 104 105 106 107 110 113 116 117 118 119 121 122 123 124 126 127 128 129
16 93 94 97 99 101 102 107 108 110 112 117 120 121 122 126 129
18 90 92 99 100 101 103 105 108 109 110 111 112 114 118 121 126 128 130
25 91 92 94 96 97 101 102 103 104 105 106 107 108 109 111 112 114 115 116 117 119 124 125 126 131
24 90 92 94 95 98 99 101 104 108 109 111 112 114 115 116 117 118 121 123 125 126 128 129 130
13 90 93 95 96 98 104 105 108 115 117 119 126 128
15 91 92 93 96 99 109 110 111 120 122 123 124 126 127 129
15 90 93 94 96 97 100 101 110 112 113 114 119 124 127 130
25 90 92 93 95 98 100 101 103 104 106 107 108 111 112 114 117 118 121 122 123 124 126 129 130 131
23 93 95 96 99 102 105 109 110 111 112 114 115 117 118 119 121 122 123 124 126 127 129 131
18 92 93 95 97 98 101 107 108 110 112 113 116 118 119 123 124 125 126
24 90 91 92 95 100 101 102 103 104 107 108 111 114 116 117 119 120 121 122 124 125 127 129 130
28 91 92 95 97 99 100 103 105 106 107 108 109 110 111 112 113 114 117 118 121 122 125 126 127 128 129 130 131
15 90 95 97 98 100 102 105 108 113 114 115 119 120 126 128
24 90 91 92 93 95 96 97 98 99 104 105 106 110 111 115 118 121 122 125 126 127 128 129 131
16 91 92 93 95 100 102 106 109 110 111 115 119 121 122 126 131
28 90 91 92 95 96 97 98 100 101 102 103 105 107 108 110 112 113 114 117 120 123 124 125 127 128 129 130 131
14 91 92 94 96 98 103 111 113 115 116 122 125 126 129
16 94 96 97 101 104 105 109 111 113 115 118 120 122 125 127 130
18 93 99 100 103 105 106 107 111 112 115 116 122 123 124 127 128 129 131
13 92 93 94 96 97 103 106 109 112 113 120 121 125
21 90 92 94 98 99 100 101 102 103 104 106 108 109 110 111 112 114 116 121 128 131
13 91 92 97 98 100 106 108 112 113 116 117 128 130
19 90 91 93 97 98 99 100 104 106 110 111 112 115 117 120 123 129 130 131
18 92 93 96 98 99 102 103 106 109 110 114 116 117 122 123 128 129 130
25 90 91 92 93 96 97 99 101 102 103 104 105 106 107 109 112 113 114 115 116 118 120 122 123 128
17 95 97 99 103 107 109 110 111 112 113 114 116 122 125 127 130 131
23 90 92 95 96 97 98 99 100 102 104 105 111 113 115 116 118 119 120 122 126 127 129 130
14 94 95 96 100 102 105 106 107 112 117 127 129 130 131
19 90 92 96 101 103 105 106 110 114 115 117 119 122 123 124 126 127 128 130
18 93 94 95 101 103 104 106 107 108 109 111 112 114 121 124 126 128 129
16 93 94 95 96 97 99 100 105 107 110 111 121 123 125 129 130
18 90 94 97 98 99 100 105 108 109 112 115 117 120 121 128 129 130 131
27 92 93 94 95 96 98 99 102 103 104 106 107 108 109 113 116 117 118 119 121 125 126 127 128 129 130 131
25 90 91 92 93 94 95 97 98 99 101 102 104 107 108 110 118 120 121 122 123 125 126 127 128 130
22 90 95 100 101 102 103 106 107 109 110 111 117 118 120 121 123 124 125 128 129 130 131
24 90 91 93 94 95 97 99 102 103 104 105 109 110 111 115 118 119 121 122 123 125 126 128 131
19 91 93 94 95 102 103 104 105 106 111 114 115 118 120 121 124 125 127 129
13 90 92 93 100 103 105 109 111 113 114 120 121 130
21 90 93 94 95 97 98 101 103 105 106 107 108 111 113 114 119 120 124 126 129 131
15 90 97 100 101 106 109 110 112 120 122 125 126 127 129 130
12 92 99 100 109 111 115 117 119 120 124 125 130
17 90 94 100 101 102 103 108 111 112 116 117 118 120 122 128 130 131
15 90 91 95 96 98 99 100 101 102 107 110 126 128 129 130
14 90 92 95 96 98 105 111 112 113 119 122 125 126 130
27 91 92 94 95 96 97 100 101 102 104 105 106 108 109 110 111 112 113 116 117 119 120 122 125 126 128 130
16 90 92 95 96 99 101 104 110 111 112 116 121 122 123 124 128
20 90 91 92 93 94 96 97 100 102 103 106 109 113 114 116 124 125 127 129 130
28 90 91 92 93 95 96 97 98 99 104 105 106 107 110 111 112 113 114 115 116 120 121 122 123 125 127 128 129
26 92 95 98 99 100 102 103 104 105 107 109 110 111 113 114 115 116 117 118 119 126 127 128 129 130 131
13 95 98 108 109 113 116 118 119 124 127 128 129 131
29 90 92 93 94 95 100 101 102 103 105 107 110 112 113 114 115 116 117 120 121 122 123 124 125 126 127 129 130 131
26 90 91 93 94 96 98 101 102 104 105 106 108 109 111 113 114 116 117 118 124 125 126 127 128 130 131
14 90 92 94 96 103 106 113 114 115 117 125 128 129 131
19 93 94 95 97 100 102 103 105 108 109 113 114 116 120 122 124 125 126 128
28 92 93 94 95 96 97 98 99 100 101 102 103 104 105 106 108 110 113 114 115 119 122 123 124 127 128 129 130
23 90 92 93 95 96 97 99 100 101 103 104 106 109 112 113 115 116 118 121 122 123 124 125
24 93 95 97 100 103 104 105 107 110 111 112 114 116 117 119 121 123 124 125 126 127 128 129 130
19 90 91 93 96 100 104 106 109 111 112 115 117 118 120 124 128 129 130 131
22 90 91 93 94 96 100 102 103 104 107 108 109 110 112 115 116 119 120 121 122 126 129
17 91 92 93 95 96 98 100 101 107 113 114 120 121 127 129 130 131
22 91 92 93 96 97 99 100 101 103 106 107 109 110 111 115 119 120 123 124 125 129 130
18 90 91 95 99 101 102 104 107 108 109 110 115 120 122 123 126 128 130
27 91 96 97 98 99 100 101 102 104 105 106 108 109 112 113 116 117 119 120 121 122 123 125 126 127 128 131
15 94 95 99 101 102 106 107 111 112 117 118 119 120 122 131
23 90 91 93 96 97 98 99 101 103 106 110 111 112 114 115 118 120 121 122 123 128 130 131
23 90 91 93 94 95 96 98 99 103 107 110 111 112 113 114 115 118 119 124 125 127 130 131
25 91 93 94 96 97 101 104 105 106 108 109 110 113 117 119 120 121 122 124 125 126 127 128 129 130
23 90 92 95 100 101 102 104 105 107 108 110 111 112 114 117 118 119 120 125 126 128 129 130
28 91 92 93 94 95 97 99 100 104 105 106 107 111 112 113 115 116 117 118 119 120 122 123 124 125 128 130 131
26 90 94 95 101 102 103 104 105 106 107 111 112 113 114 115 116 117 118 119 120 121 125 126 128 130 131
21 90 91 92 98 102 103 104 107 110 111 112 114 115 116 119 120 121 124 125 129 130
27 90 91 92 95 98 101 102 105 107 109 110 111 112 113 114 115 116 117 119 120 123 124 126 127 129 130 131
25 90 91 92 95 96 97 98 99 100 101 107 108 109 110 113 114 115 118 119 120 124 126 129 130 131
12 91 94 95 96 103 110 111 114 120 125 126 130
23 91 92 93 95 96 97 98 99 100 102 110 111 112 113 114 117 119 121 122 123 127 128 130
20 90 93 95 96 98 101 102 105 106 107 111 112 113 123 124 126 127 128 129 130
26 91 92 93 95 96 97 99 100 101 103 104 105 106 107 108 109 111 112 114 115 119 120 124 126 127 128
18 90 91 93 98 99 105 108 110 111 112 114 118 123 126 127 128 129 131
13 90 92 93 94 97 101 107 109 118 121 123 124 130
13 90 91 97 102 105 106 110 111 112 123 125 126 130
19 91 93 96 98 99 101 104 107 108 109 112 118 119 120 123 125 128 129 130
27 92 93 94 95 99 100 102 104 105 106 107 108 110 111 113 114 115 116 120 122 123 124 125 126 128 129 131
21 93 94 95 97 98 99 101 102 104 105 108 112 113 118 119 121 122 124 127 128 131
15 95 99 100 101 103 106 107 109 115 120 122 123 126 130 131
24 91 93 94 95 97 99 100 103 105 108 109 110 112 113 114 115 116 119 120 122 124 126 127 130
18 90 91 97 101 105 107 108 112 116 117 118 119 120 122 123 125 126 131
20 90 92 94 95 97 99 100 101 102 104 109 112 114 117 118 120 121 126 129 130
22 90 92 94 95 97 98 99 101 102 103 104 106 107 109 111 115 120 121 122 128 129 131
19 92 93 94 95 96 97 99 100 101 103 112 115 116 119 127 128 129 130 131
20 91 92 94 95 96 97 98 100 101 103 105 107 109 114 116 117 121 122 124 129
26 90 92 94 95 96 98 102 103 104 105 106 108 109 112 114 115 118 119 122 123 125 126 127 128 130 131
17 90 95 99 102 104 107 108 111 114 115 116 118 119 120 123 130 131
29 90 91 92 93 95 97 98 101 102 103 104 106 107 109 110 111 115 116 117 118 119 120 121 123 125 127 128 130 131
17 91 93 95 98 101 104 107 108 109 110 115 116 121 123 126 129 131
20 90 91 95 97 99 101 102 103 106 107 108 111 112 113 114 116 122 126 128 129
12 91 92 93 97 100 102 103 107 111 112 122 128
21 91 92 98 99 100 101 102 103 105 106 108 109 110 113 114 115 120 123 124 125 129
26 90 93 94 95 97 101 103 104 105 107 108 109 110 111 114 118 120 121 122 123 124 126 127 128 130 131
15 93 95 96 100 102 103 107 110 111 113 116 119 124 127 130
14 91 93 96 105 106 107 110 119 121 122 125 126 129 131
16 90 92 93 94 95 96 97 100 102 103 105 115 118 123 125 128
24 90 91 92 94 95 96 98 102 105 107 109 110 111 113 114 115 121 122 124 125 127 128 130 131
24 90 92 93 95 97 98 99 100 101 105 106 107 108 109 112 113 115 121 122 124 125 128 129 131
29 90 92 93 94 95 96 99 100 101 102 103 104 105 106 107 108 109 110 111 112 114 117 118 120 121 123 126 128 129
27 90 92 95 96 97 100 102 104 107 108 109 110 114 115 116 117 118 119 120 121 124 125 126 127 128 129 130
20 90 93 94 100 101 102 103 104 105 107 108 109 112 114 116 122 124 127 129 130
21 90 91 94 95 96 98 99 103 104 105 106 107 109 110 111 122 123 125 126 128 131
26 91 94 97 98 99 100 101 103 104 105 106 111 112 113 114 115 116 117 118 120 122 125 127 128 129 131
22 92 96 98 99 103 104 105 106 107 108 110 114 115 118 119 121 123 124 126 128 129 130
28 91 92 93 94 96 98 100 101 102 103 105 106 107 109 112 113 114 116 117 119 120 121 125 126 127 128 129 130
28 93 94 96 98 99 101 105 107 108 109 110 112 113 114 115 116 117 118 119 120 121 122 124 125 127 128 129 130
18 90 98 99 102 104 105 111 112 113 114 116 118 119 122 123 124 125 126
16 90 93 94 95 97 98 99 104 108 119 122 123 124 128 129 130
26 93 95 98 99 101 102 103 104 105 106 107 110 111 112 113 115 116 117 122 124 125 126 127 128 129 130
24 93 94 95 96 98 100 101 102 103 104 109 110 112 113 115 117 119 123 125 126 127 128 129 131
27 90 91 92 93 98 99 100 101 102 103 104 105 107 109 110 113 115 116 119 121 122 123 126 127 129 130 131
22 90 93 95 97 99 100 104 106 109 110 111 112 115 116 117 119 120 121 122 124 130 131
17 90 94 95 96 99 102 104 108 109 111 112 114 115 122 124 126 131
14 91 95 96 98 106 109 111 116 118 124 125 129 130 131
24 95 97 98 99 103 104 107 108 109 111 112 113 114 115 117 119 120 121 123 124 125 128 129 131
28 92 95 96 97 98 99 100 101 102 103 105 108 111 112 113 114 115 116 117 120 123 124 126 127 128 129 130 131
23 91 92 97 98 99 100 101 102 103 104 106 107 110 112 114 119 120 121 124 125 127 128 130
18 90 92 93 97 98 102 103 104 110 111 112 116 118 120 121 123 125 127
19 96 97 98 100 101 102 103 104 105 107 111 112 114 116 119 120 121 127 130
26 90 91 92 94 96 97 99 100 106 107 108 110 111 112 113 115 116 117 118 119 121 122 124 125 126 127
17 91 94 96 97 98 101 102 103 105 107 108 112 113 115 118 119 131
26 90 91 92 94 97 99 101 102 103 104 105 106 108 109 110 112 115 118 120 121 124 125 127 129 130 131
15 90 95 100 101 103 104 106 107 109 114 120 125 128 129 131
15 91 98 99 104 105 106 112 114 115 117 118 119 120 126 128
20 91 92 97 98 100 101 103 105 106 108 111 113 116 118 121 123 125 126 127 130
17 90 92 93 96 99 111 112 113 115 117 118 119 121 126 128 130 131
25 91 92 93 94 95 96 98 100 101 103 107 108 109 111 113 117 118 120 121 122 123 125 126 129 130
13 98 103 104 111 112 113 114 117 118 119 125 128 129
21 91 92 93 94 96 98 100 104 105 106 110 112 113 114 118 119 120 124 125 128 130
28 90 91 92 93 95 97 98 99 100 101 102 103 104 105 106 107 108 109 111 113 114 117 119 122 123 124 125 128
23 92 93 96 97 99 100 101 104 106 108 112 113 115 116 120 121 123 124 126 128 129 130 131
22 90 91 94 95 96 98 102 103 105 106 107 109 110 114 115 116 120 122 124 127 128 130
20 92 93 96 99 100 107 109 110 111 112 113 114 115 116 118 120 123 124 125 126
25 90 91 94 96 97 98 100 103 105 106 108 110 111 112 113 114 116 118 119 120 122 124 127 129 131
27 90 91 92 93 94 97 100 101 102 103 104 105 106 108 111 113 114 115 116 117 119 123 124 126 127 129 130
19 90 93 94 96 98 100 101 103 105 106 109 110 113 114 118 120 122 124 129
18 91 92 93 94 99 100 102 106 108 111 112 118 121 125 126 127 129 130
20 91 92 93 95 96 97 98 100 101 102 105 112 114 115 116 119 125 129 130 131
13 93 96 99 100 102 107 109 113 116 119 121 125 127
13 92 93 96 101 104 106 113 114 115 117 122 123 125
16 91 93 97 99 100 104 108 109 112 114 115 121 123 126 127 131
16 91 92 95 97 101 104 105 106 108 112 119 120 123 127 128 130
19 92 93 95 96 97 101 104 105 106 110 111 113 115 116 120 121 123 125 127
15 92 95 96 101 105 108 111 115 116 119 120 122 126 128 130
14 93 94 95 96 108 112 117 118 119 124 127 129 130 131
29 90 91 92 93 94 95 97 98 99 100 102 103 104 105 106 107 110 112 113 114 116 118 119 123 124 125 127 128 130
18 90 93 96 98 99 101 102 104 108 110 112 117 118 121 127 128 129 130
27 90 93 94 98 99 100 101 102 103 107 108 110 111 112 113 114 116 117 118 119 120 121 123 127 128 129 131
19 90 91 92 94 95 96 100 103 104 108 110 114 119 123 124 126 127 128 131
22 95 97 98 99 102 103 104 106 113 114 115 116 118 120 121 122 124 126 127 128 130 131
25 90 94 95 97 100 101 102 103 106 108 111 113 114 117 118 120 121 122 123 124 125 127 129 130 131
19 92 93 95 99 100 101 102 103 105 106 112 117 118 121 122 123 124 125 129
15 95 97 98 101 103 109 111 113 114 115 116 118 125 126 130
15 90 91 94 100 103 104 109 113 116 120 122 124 125 128 130
19 90 92 93 96 97 98 101 105 106 107 108 111 114 115 118 122 123 125 126
26 90 91 93 95 96 98 100 101 102 103 104 107 108 110 111 113 114 117 118 120 123 124 126 127 128 130
13 90 92 94 100 105 107 111 114 116 121 123 124 126
21 90 91 92 94 95 96 101 103 104 106 108 109 114 117 119 121 122 125 128 129 131
18 90 94 95 97 100 102 112 116 118 122 123 124 125 127 128 129 130 131
17 90 92 95 96 98 104 107 110 111 112 114 115 119 121 126 127 130
14 94 98 103 111 112 114 116 122 123 124 125 126 127 130
24 90 91 95 97 98 100 101 102 105 107 108 112 113 114 115 116 117 120 123 124 126 127 129 130
13 90 91 92 94 95 96 99 112 113 120 127 128 131
27 90 91 92 93 94 96 98 100 101 102 103 104 106 108 109 112 115 117 119 120 121 123 125 126 127 130 131
16 92 95 97 101 103 106 112 116 120 123 124 126 127 128 129 131
12 90 94 96 100 104 105 110 118 120 122 125 127
26 90 91 92 97 98 99 100 101 102 104 107 108 109 113 114 115 118 119 121 122 125 126 128 129 130 131
25 90 91 92 93 95 96 98 101 102 104 105 108 110 111 112 115 116 118 120 121 123 124 128 129 131
19 92 93 95 98 101 106 108 109 111 116 120 121 123 124 125 126 127 129 130
23 90 92 93 95 98 101 103 104 105 106 109 111 113 114 115 117 118 119 120 122 123 124 131
24 91 92 93 94 96 99 100 103 104 105 106 108 109 116 117 118 119 122 123 124 127 129 130 131
29 91 92 93 95 96 97 98 99 101 103 104 106 107 109 110 112 114 117 119 120 121 122 123 124 125 127 128 130 131
28 91 92 93 94 95 97 99 100 101 102 104 105 107 108 109 110 111 115 118 119 121 122 123 124 125 127 130 131
14 94 98 99 100 101 106 112 113 115 116 117 124 126 130
12 97 104 107 109 113 114 115 116 121 124 125 126
20 91 93 94 95 96 99 102 104 108 109 110 111 115 116 118 120 124 125 128 129
28 90 91 94 95 97 99 100 101 103 104 105 106 109 110 111 112 113 115 116 117 118 121 122 123 124 127 130 131
27 93 95 97 98 99 102 103 104 105 106 111 112 113 114 115 116 118 119 120 121 122 124 126 127 128 129 131
20 91 92 93 101 104 106 107 109 111 112 113 114 116 119 120 122 124 125 127 129
20 92 94 96 97 102 103 108 109 110 112 113 116 118 120 122 124 125 126 128 130
18 90 92 99 101 102 105 106 107 109 113 115 117 118 120 122 127 129 130
20 92 95 97 99 101 102 103 104 105 108 110 112 121 122 123 124 125 126 128 131
14 90 96 101 105 106 114 115 116 117 119 122 124 125 126
18 90 91 92 93 98 99 104 106 108 112 113 114 118 119 125 126 128 129
26 92 93 96 97 98 102 104 105 106 107 109 110 112 113 115 116 120 121 122 123 124 125 126 127 129 131
20 90 91 95 97 101 103 104 105 110 111 112 114 116 120 122 124 127 129 130 131
18 90 91 93 97 98 101 102 105 106 110 111 114 122 123 125 126 127 130
22 93 94 95 96 97 98 99 100 101 103 109 110 111 114 118 119 121 123 124 125 127 129
27 90 93 97 98 99 100 101 102 103 105 107 109 110 112 113 114 115 116 118 119 120 121 123 124 125 126 130
21 90 95 97 98 99 100 101 105 106 109 111 116 117 118 119 120 123 125 127 128 129
28 90 91 92 93 94 95 96 99 100 101 104 106 107 108 109 110 112 113 114 116 117 118 120 121 123 125 126 130
20 91 93 94 95 98 101 102 108 110 111 112 113 115 117 120 123 124 125 127 129
28 91 92 94 95 96 100 101 102 103 105 106 107 109 110 111 112 116 117 119 120 121 122 123 124 127 128 129 131
18 90 94 96 98 101 104 106 107 108 109 111 112 114 117 118 119 123 125
27 90 91 93 94 95 97 98 100 101 104 105 107 108 110 111 113 114 115 116 119 120 122 123 124 126 127 130
16 90 95 99 100 101 106 108 109 112 113 117 120 122 125 126 130
21 91 92 93 96 98 99 100 106 107 111 112 114 116 119 120 123 125 126 127 128 129
19 90 91 92 94 96 99 100 102 104 107 109 120 121 122 124 127 129 130 131
25 91 92 93 97 100 102 103 104 107 108 109 111 113 116 119 120 123 124 125 126 127 128 129 130 131
19 90 91 93 95 96 97 101 107 108 110 116 118 119 121 122 123 125 127 130
16 90 93 94 95 101 102 109 110 112 113 114 117 123 128 129 130
25 91 92 95 97 98 99 100 101 103 106 107 108 109 112 113 114 116 117 118 122 124 126 127 128 129
15 90 93 96 107 110 111 116 118 119 120 122 123 128 129 130
21 90 91 92 95 96 98 100 101 102 105 106 107 110 111 113 115 117 120 124 127 131
23 90 91 92 93 98 99 100 102 103 105 109 110 115 116 117 118 119 120 121 125 128 130 131
20 90 93 95 96 97 98 99 100 102 105 106 108 109 115 117 119 121 122 123 128
23 91 92 93 94 95 96 97 98 99 103 106 107 110 112 117 119 121 123 125 126 127 128 131
26 90 92 93 94 95 96 98 99 100 104 105 107 108 110 113 114 115 118 119 121 122 125 126 128 130 131
52 133 134 135 136 137 138 140 141 142 143 144 146 147 149 150 152 154 158 160 162 163 164 165 166 167 168 169 170 173 175 176 178 179 180 181 182 184 185 187 188 189 190 192 193 194 195 196 197 198 199 200 201
19 132 133 135 138 141 144 145 149 157 159 173 175 187 189 192 193 195 198 201
18 133 137 145 151 152 158 161 165 167 169 179 181 191 194 195 196 199 202
14 133 136 140 143 144 147 163 168 172 174 177 179 194 197
37 135 136 139 142 144 145 146 147 154 155 157 158 160 161 162 163 164 166 167 172 174 175 176 177 179 181 182 183 184 185 186 187 188 189 191 198 201
17 133 134 140 148 151 152 155 163 168 169 172 175 189 192 196 198 199
21 134 135 144 148 154 156 157 163 170 171 174 175 178 182 184 186 189 190 192 193 201
15 133 140 145 152 158 166 167 175 184 185 188 195 199 201 202
22 137 139 144 146 151 154 161 162 164 167 171 172 173 175 182 187 192 195 196 198 200 202
17 140 141 142 144 153 157 159 160 163 171 178 181 186 190 195 196 200
11 132 134 146 153 157 166 167 169 170 183 201
11 135 141 146 151 152 160 169 170 181 193 195
46 132 133 135 136 137 140 141 142 143 144 145 148 149 150 152 153 154 156 157 158 160 161 162 163 165 167 170 171 172 173 174 175 182 184 185 187 188 189 191 192 193 194 195 199 200 202
7 136 139 146 168 171 181 198
10 132 134 150 161 178 183 191 196 201 202
10 133 134 138 151 159 160 161 177 186 187
35 132 133 135 141 142 143 147 149 150 152 153 155 160 163 165 166 168 169 170 176 177 178 179 180 181 183 185 186 189 190 191 193 194 199 201
26 134 143 146 148 150 154 156 162 163 164 165 166 169 171 172 175 176 180 182 184 190 194 198 199 200 202
45 132 135 136 137 138 139 141 143 144 145 146 149 150 153 154 156 157 158 159 160 164 165 167 170 171 174 177 179 180 181 183 184 185 186 187 188 190 191 193 194 195 197 200 201 202
11 147 150 151 158 161 165 169 171 177 192 200
24 135 137 145 149 156 159 163 164 165 167 168 175 176 177 179 181 182 183 188 190 193 194 200 201
13 138 145 152 155 167 169 172 174 188 192 194 201 202
22 134 139 140 146 148 152 154 156 158 161 162 168 170 174 176 178 181 184 186 188 194 196
21 135 136 137 138 139 145 149 151 153 155 158 159 161 178 179 183 186 187 193 196 201
40 133 134 135 136 137 138 142 143 144 148 151 152 153 154 157 164 165 166 169 170 171 172 174 175 176 177 179 184 185 186 187 189 191 192 196 197 198 199 200 201
31 133 134 136 137 138 140 143 146 151 152 153 154 157 158 162 163 164 168 174 175 176 177 179 180 184 190 192 196 200 201 202
24 132 133 140 141 142 144 147 152 157 160 167 168 170 173 174 177 181 185 188 189 191 192 195 197
19 138 139 140 141 143 146 147 149 150 153 159 162 164 168 176 185 187 188 198
16 137 141 143 145 150 151 152 155 173 174 181 184 189 193 199 202
26 137 139 140 148 149 152 156 157 160 161 167 169 170 173 174 179 186 188 189 190 191 197 198 200 201 202
14 133 135 136 153 158 164 165 171 177 178 181 183 193 196
13 132 136 142 155 160 166 172 173 177 180 183 197 200
19 132 139 145 148 151 153 155 156 157 159 161 171 172 174 177 183 186 191 202
28 138 143 145 149 150 153 154 155 156 157 160 161 162 164 165 166 168 171 172 175 181 186 188 191 194 195 197 201
22 134 138 140 141 143 152 156 158 160 162 168 170 171 173 181 184 188 190 191 194 195 199
38 134 135 136 139 141 144 145 146 148 152 153 154 155 157 162 164 166 167 170 172 173 176 178 179 180 181 182 183 184 185 188 190 191 194 195 199 201 202
36 137 138 139 142 145 148 149 153 154 155 156 157 158 159 162 164 165 166 167 171 173 175 176 180 182 184 185 186 187 188 189 190 192 198 199 200
24 132 133 134 137 140 143 145 147 149 150 152 157 158 159 160 169 170 171 172 179 186 189 194 195
30 136 137 142 143 147 150 151 153 155 160 163 164 165 166 167 169 171 172 177 179 180 182 183 185 190 191 197 199 200 202
32 135 137 140 141 147 148 152 154 158 159 160 161 163 164 166 167 169 170 172 173 174 176 178 179 182 183 184 185 188 192 200 202
7 133 138 142 156 180 193 201
31 132 136 140 142 144 148 150 151 152 153 154 155 158 161 163 166 168 173 174 178 181 182 183 189 192 193 195 196 197 199 200
19 134 138 142 145 146 147 151 155 159 162 166 175 176 184 185 187 192 194 199
12 136 138 142 153 161 162 165 167 177 185 186 196
21 132 133 135 139 140 141 144 146 151 152 158 163 169 176 177 178 182 185 189 190 193
25 134 138 139 146 147 151 155 159 164 166 168 169 176 177 178 179 180 181 183 186 190 196 197 198 201
20 137 147 152 154 155 158 163 173 174 175 180 181 182 183 189 190 192 193 199 202
9 135 144 149 155 163 187 192 197 198
25 135 139 144 148 149 154 158 159 164 166 169 170 175 176 178 180 182 191 192 194 195 197 198 200 201
13 133 136 137 139 153 165 167 172 175 179 180 183 196
25 132 134 143 144 145 149 150 151 153 155 157 162 165 175 177 186 187 189 190 191 194 195 196 197 199
9 142 147 161 162 166 173 176 178 182
12 132 141 143 144 150 154 163 168 172 180 182 195
40 132 135 139 141 142 144 145 147 148 149 150 155 156 159 160 161 165 166 167 169 170 171 172 173 178 181 182 183 185 186 187 188 189 191 193 194 195 197 198 199
23 133 134 137 138 139 141 143 156 159 160 162 165 167 175 176 177 184 186 187 191 198 201 202
47 135 136 138 139 141 142 144 146 148 151 153 154 155 156 161 162 163 164 165 166 167 168 173 174 175 176 177 178 180 181 182 183 184 185 187 188 190 191 192 193 196 197 198 199 200 201 202
15 145 149 153 162 164 167 168 169 170 172 176 179 191 198 200
14 134 136 138 140 145 148 156 157 158 159 174 184 188 197
18 132 133 134 140 146 147 156 157 160 163 168 171 172 179 183 187 188 190
21 132 135 137 139 146 148 149 150 151 154 156 161 162 164 168 173 175 176 177 180 189
25 132 133 134 140 141 142 143 144 152 153 162 166 169 171 173 174 178 185 186 187 189 192 195 196 202
34 137 138 139 143 144 147 148 149 150 152 155 156 158 160 167 169 172 173 176 178 179 180 181 183 184 186 187 189 190 191 195 200 201 202
9 141 148 157 173 178 180 189 191 192
29 132 134 135 136 137 138 142 143 147 149 151 155 159 160 163 165 168 170 171 176 177 179 181 182 183 187 190 197 200
22 134 136 137 142 147 148 159 167 170 173 174 179 180 183 184 187 192 196 198 199 200 202
37 132 133 134 135 136 140 141 142 145 146 151 153 154 157 159 161 162 163 164 165 166 168 170 171 174 175 177 182 185 188 192 193 194 196 197 198 199
27 132 142 145 146 147 148 150 151 154 157 159 161 164 166 169 174 176 177 178 182 185 186 189 193 200 201 202
22 132 133 137 138 140 142 143 149 156 159 160 163 168 174 175 186 187 189 193 196 197 198
20 133 134 136 143 147 158 165 166 170 179 182 183 184 185 187 191 193 197 198 199
31 132 139 140 141 145 146 147 149 150 155 156 158 159 160 161 162 163 167 168 173 178 180 181 182 183 188 190 193 194 195 202
17 135 145 146 147 149 157 164 169 170 171 172 179 180 185 188 190 194
18 139 144 146 150 153 154 156 161 162 164 169 172 174 186 193 194 196 198
26 132 135 136 139 140 141 142 143 144 146 148 150 156 157 165 166 171 178 184 185 188 194 195 196 197 201
60 133 135 136 137 138 139 140 141 142 143 144 145 147 148 149 150 151 152 154 155 156 158 159 160 161 162 163 164 165 168 171 172 173 174 175 176 177 178 179 180 181 182 184 185 186 187 188 189 190 191 192 193 194 195 196 197 198 199 200 202
22 136 138 139 146 147 148 150 151 154 155 157 158 160 161 170 172 180 184 191 197 198 199
34 132 133 134 137 138 140 141 143 148 149 150 151 152 153 156 159 165 168 169 170 171 173 178 180 190 192 193 194 195 196 197 199 200 202
15 134 142 151 159 160 163 170 176 177 179 181 183 187 190 197
44 133 134 135 136 137 138 142 143 144 146 149 150 152 158 160 163 164 165 166 167 168 169 170 175 176 178 179 180 181 182 184 187 188 189 192 193 194 195 196 197 198 199 200 201
14 136 138 146 147 148 150 154 155 157 158 161 170 172 199
28 132 135 136 139 144 145 146 149 150 153 154 157 158 159 160 164 165 167 171 177 179 180 183 188 191 195 197 201
9 133 140 145 158 184 185 188 195 199
21 135 141 147 150 155 159 160 165 166 170 171 172 178 181 182 185 188 189 193 194 195
21 142 148 152 154 155 158 161 163 166 168 173 181 182 189 192 193 195 196 197 199 200
19 137 143 147 148 152 155 156 158 167 169 172 173 178 184 186 191 200 201 202
7 135 141 146 152 160 170 193
24 139 140 141 146 149 150 155 156 158 160 162 163 167 168 173 178 181 182 183 190 193 194 195 202
27 132 135 141 144 145 147 148 149 155 160 161 165 166 167 170 171 172 173 178 182 185 187 188 189 194 198 199
35 132 139 141 144 145 146 149 150 153 154 156 157 158 159 164 165 167 170 171 174 177 179 180 181 183 186 187 188 190 191 193 194 195 197 201
12 133 140 152 158 166 167 175 188 195 199 201 202
21 137 139 140 149 152 156 157 161 167 169 170 173 174 186 188 189 190 191 197 200 202
11 138 145 152 155 167 169 188 192 194 201 202
8 147 150 158 161 165 169 177 200
18 135 137 149 156 159 163 167 168 175 177 179 181 182 188 190 193 194 201
9 155 167 169 172 174 192 194 201 202
13 133 134 152 155 168 169 172 175 189 192 196 198 199
19 135 142 145 146 147 157 160 161 163 164 174 175 176 181 185 187 191 198 201
9 133 136 137 139 153 165 172 183 196
32 132 135 139 141 142 144 145 150 156 160 161 165 169 170 171 172 173 178 181 182 185 186 187 188 189 191 193 194 195 197 198 199
13 134 145 147 151 155 159 162 166 176 185 187 192 194
17 137 143 148 149 152 156 158 167 172 173 176 178 179 181 195 200 201
5 139 146 168 181 198
9 145 149 153 167 169 172 176 191 198
7 133 137 172 175 179 183 196
13 139 149 154 158 159 164 169 170 180 182 192 195 201
19 138 143 145 149 150 154 155 156 157 160 161 162 164 165 168 175 186 194 197
11 133 137 151 161 165 169 191 194 195 196 199
12 137 138 149 151 155 158 178 183 187 193 196 201
14 136 141 142 146 148 150 156 157 165 184 185 195 196 197
11 132 145 148 151 157 159 171 172 183 186 191
7 141 148 173 178 180 189 191
23 137 138 139 142 145 148 153 155 156 158 159 162 165 166 167 171 173 176 185 190 198 199 200
11 136 138 148 150 151 155 161 180 197 198 199
24 132 137 140 141 142 143 148 152 156 157 158 162 172 173 175 184 185 187 191 192 193 199 200 202
18 132 133 135 140 141 144 146 151 152 158 163 169 177 178 185 189 190 193
13 139 155 159 164 166 168 169 176 177 181 186 197 198
20 132 134 136 142 143 147 149 155 160 163 165 170 171 177 179 181 182 183 187 197
26 135 138 139 141 146 156 157 158 159 160 164 165 170 171 174 177 179 181 184 185 188 190 191 193 195 201
13 150 154 156 161 162 164 169 172 174 186 193 196 198
11 132 137 138 140 143 149 175 186 193 196 197
29 132 133 134 137 138 140 141 148 149 151 152 153 156 159 165 168 169 170 171 173 178 180 190 192 193 195 196 199 202
9 140 145 158 166 167 175 188 199 201
7 134 138 151 161 177 186 187
11 138 139 140 141 146 147 149 153 159 176 188
25 133 134 136 138 140 146 151 152 153 154 157 162 163 164 168 174 176 177 179 190 192 196 200 201 202
26 133 134 135 136 141 145 151 153 154 157 159 161 163 164 165 166 170 171 175 177 182 185 193 196 197 199
8 136 138 142 165 167 177 185 186
14 138 140 141 143 152 156 158 160 162 170 181 188 190 191
10 138 140 141 143 150 159 162 168 187 188
19 134 136 137 142 147 148 159 170 179 180 183 184 187 192 196 198 199 200 202
17 138 139 146 147 148 150 151 154 155 157 158 160 161 170 184 197 198
4 139 168 171 181
21 134 138 143 146 152 153 154 157 158 162 163 164 168 175 177 180 184 190 192 200 202
10 140 145 152 166 167 184 188 199 201 202
36 135 136 137 142 143 144 145 147 149 150 151 155 158 159 160 161 163 164 165 168 172 173 175 178 180 181 182 185 187 189 193 195 197 198 199 200
16 132 133 135 138 141 144 145 149 157 159 173 175 192 195 198 201
8 132 134 150 161 178 191 196 202
13 134 136 142 148 170 179 183 184 187 192 196 198 200
10 139 148 153 155 156 157 159 161 172 177
8 136 137 139 165 175 179 183 196
12 137 141 143 150 151 152 155 174 181 184 189 193
24 135 136 137 142 143 144 148 152 154 164 170 172 174 176 177 184 185 187 189 191 196 197 198 200
14 135 137 138 139 149 151 155 158 159 178 179 183 193 196
25 132 133 134 140 141 143 148 152 156 159 165 168 169 170 171 173 178 190 192 193 194 196 197 199 200
16 132 135 136 147 149 155 159 160 165 168 176 177 179 182 183 200
7 142 147 162 166 173 176 178
25 143 147 148 150 152 156 158 160 167 169 172 173 176 178 179 180 181 183 184 186 190 191 195 200 202
14 136 139 146 147 150 151 154 155 158 172 184 191 197 198
5 146 152 160 170 195
20 139 140 141 145 149 155 156 160 161 162 167 168 173 178 180 183 188 190 193 194
12 145 149 157 169 170 171 172 179 180 185 188 190
8 143 150 173 181 184 193 199 202
21 133 136 138 143 146 151 152 154 157 158 162 164 175 177 184 190 192 196 200 201 202
34 133 134 135 136 137 138 142 143 144 148 152 153 154 157 164 169 170 171 172 175 176 177 184 185 186 187 189 191 196 197 198 199 200 201
12 135 146 148 149 151 156 162 164 175 176 180 189
17 134 136 137 142 147 148 159 167 170 179 180 184 187 192 198 199 200
6 144 149 155 163 187 192
19 134 136 137 147 148 167 170 173 174 179 180 183 184 187 192 196 198 199 200
21 137 139 148 149 152 156 157 167 170 173 174 179 186 189 190 191 197 198 200 201 202
19 134 139 140 146 148 152 154 156 158 161 162 168 170 174 176 178 184 188 196
25 133 135 142 143 149 150 153 155 160 163 165 166 168 169 170 176 177 178 179 185 186 191 193 194 199
7 140 158 167 175 185 195 201
31 132 139 141 142 144 147 148 149 156 159 160 166 167 169 170 171 178 181 182 183 185 186 187 188 189 191 193 195 197 198 199
14 138 141 152 156 162 170 171 173 181 184 188 191 194 195
27 132 133 134 140 143 148 149 150 151 152 153 156 159 165 168 171 178 180 190 192 193 194 195 196 197 199 202
18 137 139 143 148 150 152 155 156 160 172 179 180 181 183 184 187 190 201
14 134 145 147 151 155 159 162 166 175 184 185 187 192 194
5 147 162 166 173 178
15 140 141 142 153 157 159 163 171 178 181 186 190 195 196 200
5 136 139 146 171 181
13 132 142 146 159 161 166 169 177 182 186 200 201 202
19 136 138 139 147 148 150 151 154 155 158 160 161 170 172 184 191 197 198 199
19 137 139 144 146 151 154 161 162 164 167 172 173 175 182 187 195 196 200 202
18 134 146 148 154 156 158 161 168 170 174 176 178 181 184 186 188 194 196
10 132 136 142 155 160 166 173 177 197 200
6 132 134 161 178 191 202
30 133 134 136 137 142 143 144 148 151 157 165 166 170 171 172 174 175 176 177 179 185 186 187 189 192 197 198 199 200 201
17 135 137 140 141 152 154 159 160 161 166 167 170 176 182 183 184 185
26 137 139 143 144 147 148 149 150 152 155 156 158 167 169 176 178 179 180 181 183 184 186 189 190 191 200
16 132 133 135 139 140 144 146 152 158 163 176 178 182 185 189 193
11 140 141 142 153 157 163 171 178 181 195 200
18 134 135 144 148 154 156 157 163 170 174 175 178 182 184 186 190 192 201
8 133 135 153 171 177 183 193 196
15 137 139 144 151 154 167 171 172 173 182 187 192 198 200 202
9 133 137 151 158 165 191 194 199 202
12 133 141 144 145 149 159 173 175 187 189 195 201
10 136 138 140 148 156 157 159 184 188 197
12 138 142 146 147 151 155 159 166 184 185 192 199
12 134 136 142 147 173 174 179 180 183 187 192 196
9 136 138 142 153 165 167 177 186 196
11 145 149 153 162 164 167 169 179 191 198 200
19 138 139 146 147 148 151 154 155 157 158 160 161 170 172 184 191 197 198 199
31 133 135 137 139 141 142 148 150 152 154 156 163 164 171 173 174 175 177 178 179 180 184 187 188 191 192 193 194 195 198 202
15 139 144 146 150 153 154 156 162 164 169 172 174 186 193 196
8 133 148 152 155 163 196 198 199
14 133 134 151 155 163 168 169 172 175 189 192 196 198 199
11 137 139 145 155 158 178 183 186 187 193 201
14 138 139 141 147 149 153 162 164 168 176 185 187 188 198
6 133 138 142 156 180 193
13 154 156 162 163 165 166 172 175 184 190 199 200 202
22 135 140 141 147 152 154 159 160 161 163 164 167 169 172 173 176 179 182 184 188 192 200
7 142 161 162 166 176 178 182
16 134 138 142 145 146 147 151 155 166 175 176 184 185 192 194 199
15 132 135 137 139 146 148 149 150 151 156 164 168 175 176 177
20 137 139 140 148 149 152 156 157 160 169 173 179 188 189 190 191 197 198 200 201
12 133 140 148 152 155 163 169 172 175 189 192 198
20 140 141 147 148 152 158 159 160 163 164 166 167 169 172 173 174 176 182 183 184
6 150 161 165 171 192 200
3 133 138 156
16 133 134 136 143 147 158 166 170 179 182 183 184 187 193 198 199
19 136 140 142 144 148 151 152 155 158 161 166 181 182 183 189 192 193 195 199
26 138 139 142 144 146 161 164 168 173 174 175 176 177 182 183 184 185 190 192 193 196 198 199 200 201 202
10 139 140 141 143 146 147 150 162 176 185
23 135 137 140 141 152 158 159 160 161 163 164 166 169 170 173 174 179 183 184 188 192 200 202
34 132 135 139 141 142 144 145 147 148 149 150 156 159 160 161 166 167 169 171 172 173 178 181 182 183 185 186 187 189 193 194 197 198 199
14 143 144 145 149 150 151 153 157 162 175 189 190 194 196
8 135 136 158 164 165 171 178 193
10 145 153 162 164 167 170 172 179 191 198
18 132 133 135 139 140 141 146 151 152 158 163 169 176 177 182 185 189 190
14 132 133 134 140 146 147 163 168 171 172 179 183 187 190
19 133 140 141 142 144 153 162 166 169 171 174 178 185 186 187 189 192 195 202
9 132 134 146 153 157 166 169 183 201
51 135 137 138 139 140 141 142 143 144 147 148 149 150 151 152 154 155 156 159 160 161 162 163 164 165 168 173 174 175 176 177 178 179 180 181 182 184 185 186 187 188 189 190 193 194 195 196 198 199 200 202
11 133 137 138 142 143 149 156 163 186 193 197
14 139 144 146 150 153 154 156 162 172 186 193 194 196 198
40 135 136 138 139 141 142 144 146 148 151 153 155 156 161 162 163 164 165 166 167 168 173 174 175 176 177 178 181 183 184 187 190 191 193 196 197 198 199 200 202
7 145 152 172 174 188 192 201
17 135 136 138 139 145 149 151 153 155 159 161 179 186 187 193 196 201
17 139 140 149 152 161 169 170 173 179 186 188 190 191 197 200 201 202
15 137 147 152 155 158 163 175 180 181 182 183 189 193 199 202
30 133 134 136 140 141 142 143 149 160 162 163 164 166 168 173 180 181 182 184 185 187 189 192 193 194 196 197 198 200 201
19 142 146 147 148 150 154 157 159 161 166 169 174 176 178 182 186 189 201 202
27 132 139 140 146 147 149 150 155 156 158 159 160 161 162 167 168 173 178 180 181 182 183 188 190 194 195 202
6 134 153 157 167 169 183
20 133 134 137 138 139 143 156 159 160 162 165 167 175 177 184 186 187 191 198 202
24 136 137 143 150 151 153 155 160 163 164 165 166 167 169 171 172 180 182 183 185 190 191 197 199
10 139 145 153 155 157 161 171 177 191 202
12 133 136 143 144 163 168 172 174 177 179 194 197
30 132 133 134 137 138 140 141 143 148 149 151 153 156 159 165 168 169 170 171 173 178 180 192 193 194 195 196 197 199 200
11 132 133 140 143 159 160 163 168 174 189 196
27 132 133 134 137 138 140 141 143 148 149 151 159 165 168 169 171 173 178 180 190 192 193 194 196 197 200 202
19 134 138 139 146 151 155 159 168 169 176 178 179 180 181 183 186 190 196 201
8 132 143 154 163 172 180 182 195
14 132 133 139 140 141 144 146 158 163 169 177 178 190 193
6 133 134 138 151 177 186
10 133 137 152 158 161 169 191 194 195 202
17 132 135 136 139 141 143 150 156 157 165 166 171 184 185 188 195 197
40 132 135 136 137 139 143 144 145 149 150 153 154 156 158 159 160 164 165 167 170 171 174 177 180 181 183 184 185 186 187 188 190 191 193 194 195 197 200 201 202
9 133 151 158 167 179 191 194 195 202
9 136 140 148 156 157 159 174 184 188
11 133 136 140 144 147 163 168 177 179 194 197
8 147 151 158 161 165 169 171 192
53 133 135 136 137 139 140 142 143 144 145 147 148 149 150 151 152 154 156 158 159 160 161 162 163 164 165 171 172 173 174 176 177 178 179 180 181 182 184 185 186 187 188 189 190 192 194 195 196 197 198 199 200 202
13 146 148 150 154 156 164 165 166 172 175 180 184 190
8 136 137 139 153 167 172 175 180
5 133 159 160 177 187
16 138 143 150 153 156 160 161 165 166 168 171 186 191 195 197 201
29 134 136 141 144 145 146 148 153 154 155 157 164 166 167 170 173 176 179 180 181 182 183 184 185 190 191 194 199 202
16 138 140 143 146 147 149 150 153 159 162 164 168 176 185 188 198
14 147 152 154 155 158 173 174 175 182 183 190 193 199 202
24 135 141 142 145 147 150 156 160 165 166 167 171 172 173 178 183 185 186 187 189 193 195 198 199
13 139 140 148 152 160 167 169 170 186 188 189 190 201
15 138 139 140 141 146 147 149 150 153 162 164 168 176 187 188
24 133 136 138 140 146 151 152 153 154 157 158 162 163 168 176 177 179 180 184 190 192 200 201 202
45 132 136 137 138 140 143 144 145 146 147 149 150 151 152 154 156 157 158 161 162 164 165 167 168 169 170 172 176 177 178 179 182 183 188 189 190 192 193 194 196 197 198 199 200 202
26 132 141 144 146 147 151 154 155 158 159 161 167 172 174 178 179 181 183 187 188 192 193 195 199 201 202
35 132 133 136 137 138 140 141 144 145 147 159 160 161 162 163 164 168 169 170 172 173 177 178 179 181 182 183 185 186 190 191 198 199 200 201
38 134 135 137 138 142 144 148 149 152 153 154 158 159 160 161 164 166 168 169 175 176 177 178 179 180 181 182 183 184 186 187 188 189 191 192 194 198 200
29 132 136 138 140 141 143 144 146 150 151 161 165 166 170 172 173 175 176 178 181 185 186 189 191 193 195 197 200 202
41 132 134 135 136 138 139 140 141 143 145 146 151 152 154 157 158 162 164 166 169 170 171 172 174 175 176 178 179 180 181 184 186 187 190 192 193 195 197 199 200 202
38 133 136 139 141 144 145 149 151 153 156 158 159 161 162 164 166 167 169 170 171 173 174 175 178 179 180 181 183 185 186 189 190 193 195 196 199 200 202
26 132 134 135 136 142 145 147 150 151 152 155 160 163 170 172 174 175 177 178 185 186 192 193 194 197 202
37 132 133 134 136 138 142 143 145 148 149 152 156 157 158 159 161 162 163 164 168 169 170 171 173 183 187 188 191 192 193 194 196 197 198 199 200 202
31 133 134 136 140 141 142 143 147 150 151 152 153 154 155 158 159 160 161 164 165 166 176 177 178 185 188 193 197 198 200 202
36 134 137 140 141 142 145 146 147 152 155 156 157 158 159 164 165 167 168 169 170 172 174 175 176 178 179 180 181 182 183 184 188 190 196 197 202
42 132 134 136 137 138 140 144 145 146 147 149 150 151 152 154 156 158 159 160 161 162 163 165 166 169 170 173 178 179 181 183 184 185 187 188 189 190 191 192 194 198 200
37 132 134 137 141 144 147 148 149 151 154 155 157 160 164 167 170 171 172 174 175 176 178 181 182 188 189 190 192 193 194 195 196 197 198 200 201 202
45 132 135 136 137 138 139 141 142 143 144 146 148 149 151 152 153 154 155 157 158 159 161 164 165 166 167 169 171 172 173 174 180 182 183 185 187 188 189 190 192 193 196 199 200 202
36 132 134 137 138 139 140 141 142 145 146 147 149 152 155 160 161 162 163 165 167 168 169 170 173 175 176 178 179 180 181 185 186 194 195 199 201
45 132 133 134 135 136 137 142 143 146 149 150 151 152 155 158 159 161 162 163 165 166 167 169 170 174 175 177 178 179 180 181 183 185 187 188 190 191 192 194 196 197 198 199 200 201
39 132 133 134 135 139 140 141 143 144 145 147 149 150 152 153 154 155 156 157 162 163 164 167 168 171 173 175 178 182 185 187 189 190 192 193 195 197 198 201
34 132 135 138 139 141 143 144 145 146 148 149 151 152 156 157 160 161 164 166 168 170 172 177 178 180 182 186 188 189 190 191 192 194 197
23 132 136 137 140 144 146 148 150 154 156 163 168 169 172 177 178 179 181 184 189 198 199 201
41 132 134 136 139 141 142 143 144 145 146 147 148 153 154 155 158 160 162 164 165 166 170 171 172 174 178 179 180 181 182 184 187 188 189 190 193 195 196 197 200 202
27 134 137 139 140 144 147 157 158 159 163 165 167 170 172 173 176 178 179 183 187 189 191 192 193 195 196 202
33 134 138 141 142 144 151 154 155 157 159 160 161 162 164 165 170 172 173 174 177 179 181 183 184 185 186 188 191 192 193 194 196 198
42 134 136 137 138 139 140 143 144 145 146 151 152 153 154 156 157 158 159 160 162 163 165 167 169 170 171 173 179 182 183 185 186 189 190 192 194 196 197 198 200 201 202
30 133 136 141 143 144 148 149 150 151 152 155 157 158 163 164 167 169 170 171 173 175 180 184 187 191 192 197 198 199 202
31 134 135 138 139 140 141 142 143 144 145 149 151 156 161 162 163 164 165 166 167 168 170 171 173 174 175 176 183 187 192 199
30 135 141 144 146 149 150 153 156 159 160 163 166 168 169 171 174 176 178 179 181 182 183 189 191 193 197 199 200 201 202
23 132 134 138 139 144 145 146 149 151 155 161 164 167 182 185 189 191 193 194 196 199 201 202
43 134 135 136 137 138 139 140 141 144 145 146 148 149 151 153 154 155 156 157 159 160 161 162 163 165 168 169 171 173 174 176 178 182 186 187 189 190 194 195 197 198 199 200
45 132 133 134 135 136 137 138 140 142 144 148 149 150 152 154 155 156 157 160 161 164 166 168 169 171 172 173 174 176 179 181 182 183 185 186 187 188 194 195 197 198 199 200 201 202
46 132 135 136 138 139 142 143 145 146 148 149 151 152 154 155 157 158 159 160 165 166 167 168 170 171 172 173 176 177 179 181 182 183 187 188 189 190 192 193 194 195 197 199 200 201 202
38 132 133 135 136 139 140 142 143 144 146 147 148 149 152 154 155 156 157 159 160 162 165 166 168 169 173 175 176 178 181 182 183 185 186 191 195 196 201
42 132 133 135 136 137 138 140 141 142 143 144 146 148 149 150 152 153 155 156 158 159 161 162 163 165 166 167 171 172 173 174 176 180 181 183 187 192 194 195 196 197 199
31 133 135 136 137 138 141 142 143 144 145 147 151 155 157 159 160 162 167 169 171 172 180 181 182 185 189 190 192 196 197 198
46 132 133 134 135 137 138 139 141 142 143 144 145 146 148 149 150 151 152 155 156 157 158 163 165 166 167 168 169 171 174 176 180 182 183 185 187 189 190 191 192 193 195 196 199 201 202
29 133 136 137 139 140 141 142 145 146 148 151 152 153 156 164 168 169 172 173 175 186 187 188 189 191 193 198 199 202
40 134 135 137 138 139 141 142 143 145 147 148 151 152 153 156 163 164 166 167 168 170 171 173 175 177 178 179 183 184 185 187 188 190 191 192 196 197 198 199 202
24 136 137 138 139 145 146 149 150 151 153 159 162 164 170 171 175 180 182 184 185 188 189 190 191
35 132 134 135 136 137 138 140 146 147 150 152 153 154 156 161 165 166 173 174 176 177 180 181 182 183 186 187 188 190 192 195 197 198 200 201
49 132 133 134 141 142 143 144 147 148 150 151 152 153 154 155 156 157 159 160 163 164 165 166 167 168 169 171 172 173 174 175 176 177 178 179 181 183 184 185 186 187 189 190 194 196 197 198 200 202
28 132 134 135 137 138 142 143 145 147 150 164 167 168 169 170 171 174 176 178 179 180 182 183 185 191 193 199 202
22 133 136 138 139 144 154 163 164 165 166 167 171 174 175 176 180 184 191 194 195 200 202
48 132 133 134 136 138 140 142 144 145 146 147 148 149 150 151 154 155 156 157 160 161 162 163 164 165 167 168 169 170 175 176 177 178 179 180 182 183 185 186 187 189 193 196 197 199 200 201 202
41 132 134 135 136 137 141 142 143 144 145 146 149 150 151 153 154 155 156 159 164 165 168 170 173 175 178 179 180 184 186 188 189 191 192 194 196 197 198 199 200 202
30 132 135 136 141 142 143 144 148 150 152 153 154 155 156 157 158 161 164 166 170 179 181 182 188 191 194 199 200 201 202
28 132 138 140 144 147 149 151 153 154 157 158 159 162 163 165 167 170 171 172 173 178 179 184 187 197 198 200 202
21 133 135 136 142 145 147 150 157 167 168 169 171 174 179 181 184 186 187 190 198 201
21 140 141 142 143 147 154 155 156 163 166 171 176 177 178 180 182 184 188 190 195 199
37 133 136 138 140 144 145 146 150 152 153 156 157 158 160 161 162 163 164 165 167 169 170 177 178 181 182 183 187 188 190 192 193 195 196 197 198 199
25 134 138 142 145 147 150 151 153 157 160 161 162 166 173 174 176 177 182 183 186 188 192 195 200 201
31 132 133 135 140 141 142 143 150 152 155 157 158 159 161 169 172 173 174 175 176 182 190 191 193 194 195 196 197 198 199 202
34 133 134 135 136 138 140 142 143 145 149 150 153 155 156 160 165 167 168 169 170 172 177 179 182 184 185 187 188 190 191 192 198 200 202
41 134 137 138 141 145 146 147 149 150 152 153 154 156 158 160 161 162 167 171 172 174 175 176 177 178 179 180 181 183 184 185 188 189 190 192 194 195 197 199 200 202
41 132 133 137 138 139 141 142 144 145 149 154 155 156 157 158 159 160 163 165 169 171 173 174 175 176 177 179 180 181 182 183 184 188 190 194 195 196 198 199 200 202
35 134 136 138 139 142 144 146 147 151 152 153 155 160 162 164 165 166 174 177 178 179 180 181 182 183 184 186 189 191 192 196 197 198 199 201
37 132 134 135 141 142 143 144 147 149 150 151 152 153 157 158 159 160 162 163 167 168 169 172 174 175 177 179 180 182 183 185 192 193 194 196 200 201
27 133 134 137 146 149 150 151 155 157 159 164 165 166 170 172 180 183 184 188 190 191 192 195 197 199 200 201
22 135 137 140 147 148 153 154 161 162 165 166 168 169 170 180 183 184 185 190 193 194 198
28 132 137 139 141 144 145 153 155 157 158 162 163 164 166 167 171 174 175 184 186 187 190 192 194 196 198 200 202
27 133 134 140 144 147 148 151 152 153 155 157 162 164 165 167 168 173 174 175 176 181 182 184 186 189 196 199
37 134 137 139 140 141 143 144 146 147 152 153 154 158 159 160 162 164 165 169 170 171 174 175 179 180 182 184 189 192 193 195 196 197 198 199 201 202
25 132 135 138 144 147 149 150 151 152 157 158 161 163 169 173 174 175 178 179 185 191 192 195 199 202
36 132 133 134 137 139 140 144 145 147 149 151 152 153 155 156 158 162 163 164 166 168 169 175 178 181 182 183 185 186 188 190 191 195 196 199 200
26 137 140 141 145 146 148 152 154 155 158 161 164 169 173 175 178 181 184 185 186 187 188 194 196 197 201
43 133 134 135 136 137 138 139 140 141 143 144 149 150 151 152 155 156 159 160 161 162 163 164 165 166 172 174 176 177 179 180 182 183 186 187 189 191 192 194 196 197 198 202
40 133 134 135 136 139 140 142 145 146 147 150 151 152 153 156 157 158 159 160 162 164 165 166 168 170 171 172 174 175 176 178 185 186 190 192 194 195 196 197 199
29 135 138 143 145 146 147 148 149 150 151 152 153 158 161 163 164 166 167 172 174 176 179 180 187 188 194 196 199 201
29 134 135 138 141 142 145 148 149 150 151 154 155 156 157 158 159 165 168 169 173 176 177 178 183 184 186 188 200 201
27 140 142 144 145 147 148 151 152 153 154 160 163 166 167 168 169 171 172 173 178 182 185 189 190 196 197 199
40 133 134 136 138 139 140 141 142 143 144 146 150 151 152 153 156 159 161 162 167 168 169 170 171 172 174 175 176 177 178 181 187 192 193 194 196 198 200 201 202
26 135 140 142 150 152 156 158 165 169 170 172 174 175 178 180 181 182 186 187 189 191 192 195 197 200 202
44 133 135 136 137 138 139 140 144 147 148 149 151 152 153 154 156 157 158 159 161 163 164 166 168 169 170 172 173 174 176 179 183 184 186 187 188 189 190 192 193 194 198 199 200
24 135 138 139 140 156 159 160 162 166 169 171 175 179 180 181 182 184 187 188 189 191 194 196 202
22 133 135 141 143 144 145 152 156 157 162 167 169 170 172 173 175 180 181 185 190 198 202
28 133 136 138 140 145 149 151 152 153 155 156 157 158 162 164 165 172 175 179 182 183 189 193 195 198 200 201 202
23 132 135 138 140 143 144 145 146 148 149 152 161 162 163 174 177 178 188 189 190 193 196 201
23 137 138 139 143 145 148 149 152 154 155 156 164 169 172 177 178 183 187 194 198 200 201 202
43 133 134 135 136 138 142 143 144 147 149 152 153 154 156 157 158 162 166 167 168 169 170 171 172 173 174 176 177 178 179 182 183 184 185 188 189 190 191 192 193 194 196 198
27 134 136 144 146 148 151 154 156 157 160 162 163 166 172 178 179 182 185 186 187 190 192 193 195 199 200 202
33 132 133 139 141 142 143 146 150 151 152 155 156 158 159 161 165 167 169 170 173 176 179 180 182 183 186 189 190 193 194 196 197 200
35 132 135 136 139 140 142 145 146 148 149 151 152 156 159 162 163 165 166 168 171 174 179 180 181 182 183 185 186 189 192 195 198 199 200 202
37 132 135 137 138 139 140 142 143 146 148 150 153 154 155 157 158 161 162 164 166 168 170 175 177 180 181 182 184 186 188 190 191 192 193 196 200 202
42 132 137 138 139 142 143 144 147 148 150 151 152 154 155 156 160 161 164 167 168 169 170 171 172 173 174 175 177 178 179 181 183 185 188 189 192 193 198 199 200 201 202
46 134 135 136 138 139 140 143 144 145 146 148 153 154 155 156 157 159 160 161 164 166 169 170 171 172 173 175 176 178 179 180 181 183 184 185 186 187 188 190 191 193 194 196 198 199 201
21 132 134 136 138 140 143 148 153 158 159 162 169 171 174 175 176 178 181 185 193 194
34 134 137 139 140 141 142 143 145 146 149 150 151 158 159 161 165 167 169 170 173 176 178 179 180 181 184 185 193 194 197 198 199 200 202
41 133 134 135 140 141 143 144 145 149 150 151 153 154 155 156 160 162 164 165 168 171 172 173 174 175 176 177 178 179 180 181 182 184 190 191 192 193 195 197 198 199
48 134 135 136 137 138 139 140 141 142 143 144 146 147 150 151 153 154 155 156 158 159 160 163 165 166 167 169 171 173 174 175 177 178 179 180 182 183 184 185 187 189 190 192 193 194 196 198 201
48 132 133 134 135 138 140 142 143 144 145 146 149 150 151 152 153 154 156 157 158 159 161 163 165 166 167 170 173 176 177 178 179 181 182 183 186 187 189 191 192 194 195 196 197 199 200 201 202
27 134 135 136 142 144 147 148 150 151 152 156 159 162 165 167 170 173 174 178 179 186 187 188 189 198 200 201
29 132 133 134 136 139 142 150 151 153 154 155 158 159 162 163 167 170 176 182 184 187 188 191 193 194 197 199 201 202
24 138 139 148 150 157 164 167 168 174 177 179 180 181 183 184 188 194 195 196 197 199 200 201 202
21 135 143 145 148 153 155 159 164 165 177 181 182 186 190 191 192 196 197 200 201 202
24 133 136 138 139 140 141 145 153 159 160 164 165 166 168 179 182 183 184 185 188 191 192 193 200
33 132 134 136 138 139 140 142 144 145 146 147 149 154 155 156 158 162 164 168 170 175 176 177 181 182 185 186 187 191 192 197 198 199
31 132 133 135 136 137 139 141 144 148 153 155 157 160 161 162 166 169 173 176 180 181 183 185 189 191 192 195 196 198 201 202
33 139 140 147 149 151 154 155 156 157 159 161 164 166 169 171 172 173 174 175 177 181 182 183 186 187 188 190 192 193 194 199 201 202
29 132 134 135 136 137 139 140 142 146 148 153 157 159 160 161 165 166 168 169 174 175 177 181 182 191 193 194 195 201
44 132 135 136 139 140 141 142 143 144 145 147 148 151 153 154 155 156 157 159 160 161 163 165 166 167 168 169 171 175 179 180 181 182 183 184 185 189 192 193 196 197 199 200 201
27 136 137 138 139 141 142 143 145 156 157 160 161 162 167 168 169 175 176 177 180 182 184 185 193 197 200 202
41 132 134 139 142 143 144 145 146 147 149 150 152 153 154 156 157 158 160 162 163 165 166 174 175 176 178 179 180 182 184 185 186 187 189 191 193 194 195 197 200 202
40 132 134 135 136 137 138 140 141 142 143 145 150 152 154 157 158 160 163 165 166 169 170 174 175 178 181 182 183 184 185 186 189 192 194 197 198 199 200 201 202
30 132 133 134 135 136 139 142 147 149 151 152 154 159 162 163 164 166 167 176 177 179 180 182 183 185 189 191 193 195 197
48 132 133 134 135 136 137 138 139 140 141 143 144 146 147 148 151 152 153 155 157 159 162 163 164 165 167 168 169 171 173 174 175 176 177 178 179 182 183 184 185 186 187 191 193 194 197 201 202
31 132 134 137 138 141 146 148 149 152 154 158 159 160 162 163 164 170 175 178 180 182 183 184 185 187 191 194 195 197 198 202
43 132 133 134 136 140 141 144 145 148 149 150 151 152 159 160 161 162 164 165 167 168 171 174 175 176 177 180 182 184 185 186 187 189 190 192 193 194 195 196 197 198 201 202
47 133 134 135 137 140 143 144 145 148 149 150 151 152 153 154 155 156 157 158 159 160 162 163 164 165 166 168 171 172 176 178 181 182 183 184 185 187 189 190 191 192 193 196 198 199 200 202
30 134 137 139 141 143 144 145 147 149 150 152 158 159 160 161 164 170 172 175 176 179 181 186 188 192 193 195 196 197 198
28 134 138 140 144 146 147 148 153 156 157 159 160 161 164 165 167 168 171 173 175 177 181 190 192 196 197 200 202
26 134 135 136 138 141 148 150 151 153 154 159 169 171 172 174 177 178 183 184 188 190 195 196 197 200 201
25 134 135 138 139 142 144 145 146 150 151 152 155 156 157 162 166 169 179 182 188 189 190 194 201 202
46 132 134 137 138 139 140 141 142 146 148 149 150 156 157 158 159 163 164 165 166 167 168 169 170 171 174 176 177 178 180 181 182 183 184 185 186 187 188 189 190 192 193 198 200 201 202
29 133 136 137 141 142 146 147 148 149 150 154 155 159 160 166 170 173 174 175 179 182 185 186 188 190 195 198 199 200
47 132 135 136 138 139 140 143 144 145 146 147 148 149 150 151 153 154 156 157 161 162 163 164 165 166 167 168 169 173 175 176 177 178 179 180 181 183 187 188 190 191 192 194 196 197 199 202
46 133 136 137 139 140 141 145 146 153 154 155 156 157 158 159 163 164 165 166 167 168 169 170 172 174 175 179 180 181 184 186 187 188 190 191 192 193 194 195 196 197 198 199 200 201 202
34 132 133 135 138 139 140 143 146 152 153 155 158 159 160 163 164 165 166 169 170 172 176 181 182 184 186 187 193 194 196 197 198 201 202
25 134 135 142 144 145 146 147 148 150 151 152 153 154 160 161 164 175 178 180 182 183 184 187 190 196
39 132 133 134 138 139 141 142 143 148 151 152 155 156 160 162 163 165 169 170 171 172 174 175 178 179 181 182 183 185 186 190 191 193 194 196 197 199 200 201
45 132 134 135 136 138 139 140 141 142 143 144 145 146 147 149 151 153 156 157 158 159 162 163 164 165 166 170 172 173 174 176 178 179 182 183 184 185 186 187 188 191 192 197 199 200
35 133 135 137 138 141 143 145 147 151 154 156 157 158 159 161 162 168 170 172 173 174 175 176 179 180 185 188 190 191 192 193 195 197 199 201
37 133 136 138 139 141 144 145 146 149 150 155 158 160 161 163 166 167 169 170 171 172 175 176 177 180 183 184 185 186 188 189 192 193 194 197 199 200
32 134 136 138 139 140 141 145 146 148 150 152 154 157 159 161 165 169 172 174 177 179 185 186 189 190 192 193 194 196 198 201 202
48 133 134 135 137 138 139 140 141 142 145 146 149 150 151 152 153 154 156 158 161 164 165 167 168 169 170 171 174 175 178 179 183 184 185 186 189 190 191 192 193 194 196 197 198 199 200 201 202
21 132 134 138 140 144 150 151 152 154 156 158 163 170 171 173 176 177 192 194 197 198
43 132 136 137 138 139 140 141 144 145 147 148 149 150 152 153 155 157 159 160 161 163 165 166 167 169 170 172 173 174 175 176 179 180 182 183 184 186 187 192 193 196 199 202
47 132 134 136 137 138 140 142 143 145 148 149 150 151 152 153 156 157 159 161 162 163 165 166 167 168 169 171 173 174 175 176 179 180 181 183 185 186 188 192 193 194 195 196 197 199 200 201
36 132 133 137 140 141 143 144 145 146 147 150 151 153 154 155 159 160 162 163 164 165 167 169 173 176 177 178 179 181 182 186 187 192 196 197 198
24 132 138 139 140 142 143 145 148 155 157 165 169 175 177 178 179 182 187 190 191 193 198 200 201
26 133 135 139 140 143 144 145 146 149 152 157 159 163 164 168 171 172 173 184 187 188 190 191 195 198 200
24 136 140 144 145 147 148 150 151 152 153 155 156 162 166 167 168 175 182 183 187 188 190 198 201
40 132 133 134 136 137 139 140 141 142 146 148 150 152 153 154 156 157 158 159 163 164 165 169 171 172 173 174 175 176 177 178 179 180 181 184 186 191 193 197 202
42 132 134 136 139 140 141 145 147 148 155 156 157 158 159 160 161 162 165 168 169 171 172 173 174 175 176 177 178 180 181 182 184 185 187 189 192 193 195 196 198 200 202
41 132 134 136 137 139 140 143 144 146 147 148 149 150 151 155 156 161 162 163 166 168 169 170 171 172 176 177 179 181 185 186 187 188 189 190 193 194 197 198 200 201
43 136 138 140 142 144 146 147 148 149 150 151 153 154 155 157 158 159 161 162 163 164 165 167 173 174 176 177 178 181 182 183 184 185 186 188 190 191 194 196 199 200 201 202
43 132 133 138 139 140 141 145 150 153 155 156 157 158 159 162 163 164 167 169 170 171 172 173 174 176 177 178 180 181 182 183 184 185 186 189 191 192 195 198 199 200 201 202
25 133 135 141 142 146 147 148 149 150 155 156 158 159 160 162 170 179 181 184 187 191 194 195 199 201
37 134 136 137 140 142 145 146 147 152 153 155 156 157 158 159 161 162 163 164 165 167 168 169 171 172 173 180 181 182 183 184 185 186 187 191 195 196
24 135 139 143 147 151 152 153 155 158 159 160 161 167 169 173 178 182 185 189 190 192 193 195 196
36 135 136 137 138 139 141 142 144 145 146 148 152 153 154 155 156 158 159 160 163 164 165 166 169 170 173 175 177 180 184 188 193 194 195 196 200
41 132 136 137 138 140 144 146 150 152 154 157 159 161 162 163 164 165 166 168 170 172 174 177 179 180 181 182 184 185 186 187 190 191 192 195 196 197 198 200 201 202
37 135 136 138 139 140 141 142 143 144 146 148 149 150 157 158 162 166 170 173 174 176 178 179 181 185 186 188 189 190 193 194 195 196 197 200 201 202
31 132 136 138 140 141 143 144 145 146 151 154 155 157 159 160 165 167 168 169 176 178 179 185 186 192 193 194 197 199 200 202
33 132 134 135 136 138 140 142 143 144 148 149 150 151 154 155 168 169 172 173 174 178 181 183 186 187 189 192 193 195 197 199 200 202
47 134 136 137 138 139 140 141 142 143 144 145 147 148 149 150 152 153 155 156 157 158 160 162 166 168 169 172 173 176 178 179 180 182 185 186 187 188 189 190 191 192 194 195 196 198 199 202
28 133 136 138 139 143 148 150 152 156 160 166 167 168 169 170 172 174 180 181 188 190 191 192 194 198 200 201 202
44 134 135 137 138 141 145 146 149 150 152 156 157 158 159 160 161 162 163 164 166 167 168 169 170 171 172 173 174 175 176 178 179 180 181 182 183 184 189 192 194 196 199 201 202
29 138 139 140 143 146 150 152 153 157 162 165 166 168 169 170 174 176 178 179 181 185 189 190 191 194 195 198 200 202
30 133 134 137 143 148 150 154 159 160 161 164 170 172 173 175 176 177 179 180 181 184 186 188 190 192 193 194 196 199 201
33 134 135 136 138 139 142 143 145 147 149 150 153 157 159 163 164 168 169 172 176 177 182 183 185 186 187 191 192 193 195 197 198 202
49 133 134 135 137 139 140 141 146 148 149 152 154 156 160 161 162 163 164 165 168 169 170 171 172 173 174 175 176 177 178 179 180 181 182 183 185 186 187 188 189 190 192 193 194 196 197 200 201 202
38 132 133 134 135 136 138 139 140 143 144 145 147 149 150 151 153 154 156 160 161 163 169 170 171 175 176 177 178 180 181 183 185 187 188 190 192 193 197
30 132 140 143 144 145 147 150 152 153 154 159 160 161 165 166 167 169 171 172 175 176 178 179 181 186 187 189 191 194 202
36 132 134 136 141 142 146 148 149 150 154 156 157 159 163 166 167 168 169 170 174 176 178 180 183 184 185 186 188 190 191 192 193 194 197 200 201
33 133 134 135 136 140 144 146 148 150 152 154 157 160 162 166 168 169 170 172 174 175 180 185 186 189 193 194 196 198 199 200 201 202
21 137 140 144 145 146 149 152 154 156 160 163 164 166 169 178 185 186 194 196 198 202
44 133 136 137 138 140 142 143 148 149 150 151 152 153 155 156 157 158 160 162 164 165 166 167 168 169 170 171 172 173 174 175 178 180 185 186 187 189 191 192 193 195 196 199 201
23 132 141 142 156 157 159 160 165 166 168 170 175 176 177 182 183 186 189 194 195 196 198 201
26 133 134 138 139 143 146 150 151 155 161 162 168 171 172 173 174 176 177 183 184 187 188 193 195 196 200
22 133 136 140 141 144 149 152 154 155 157 159 164 169 171 172 178 181 182 190 191 197 198
23 132 133 135 137 140 145 148 149 152 164 169 175 178 180 184 185 191 192 194 197 200 201 202
27 132 136 139 140 145 147 148 149 152 154 155 157 159 161 163 172 177 178 179 183 186 188 196 197 198 201 202
32 132 133 135 136 137 142 145 147 148 149 155 160 161 162 164 166 172 175 182 183 185 186 188 189 192 193 194 195 196 199 200 201
35 132 136 137 138 145 146 147 148 149 150 153 154 157 158 159 160 162 165 167 168 169 170 171 173 175 176 177 179 181 184 192 194 195 198 199
47 132 134 135 137 139 140 141 142 144 145 146 147 149 151 152 153 157 159 160 161 167 168 169 170 171 173 175 177 179 180 181 182 183 184 185 187 188 189 191 192 193 194 195 196 197 198 202
33 132 133 136 137 139 145 148 149 151 152 155 156 157 158 159 161 166 169 171 173 180 182 183 184 186 188 189 191 193 195 197 201 202
47 132 133 135 138 142 144 145 146 148 149 151 154 155 156 157 158 159 160 161 162 163 165 166 167 169 170 171 172 173 175 176 177 178 179 180 181 182 184 186 187 190 193 194 196 198 199 201
29 132 135 137 138 140 145 148 149 150 152 157 158 160 164 171 172 173 174 179 180 185 186 192 193 195 196 198 199 201
38 133 137 139 141 142 143 145 146 147 149 150 153 154 155 156 160 161 162 163 164 166 167 168 170 171 173 174 179 180 183 185 186 187 189 194 195 198 200
32 135 136 138 141 142 144 148 150 151 156 158 164 165 166 169 171 172 174 178 179 184 185 187 190 191 192 193 194 199 200 201 202
38 137 138 139 142 143 145 147 150 151 153 155 159 161 163 166 168 169 170 172 173 174 176 177 179 180 182 184 186 189 190 191 193 194 195 198 199 200 201
27 132 133 137 138 139 143 145 147 150 152 154 157 158 167 169 174 175 176 183 185 186 187 188 193 196 198 200
45 132 134 137 138 140 141 143 144 145 146 148 150 151 152 155 156 157 158 159 161 163 165 167 170 172 174 176 177 178 179 180 182 183 184 186 187 188 191 192 193 194 196 197 200 202
23 134 135 142 145 147 148 149 154 157 160 165 175 176 177 179 180 182 185 189 190 194 196 201
42 133 135 136 137 139 140 141 142 144 147 148 150 153 155 156 157 158 159 162 163 165 167 169 172 173 174 175 176 179 181 182 186 188 189 191 192 193 196 197 198 200 201
21 134 135 141 142 151 152 155 159 162 170 177 179 180 186 190 191 192 193 199 200 201
46 132 134 135 138 139 141 142 143 144 145 146 149 152 155 156 157 161 165 166 167 168 169 170 172 173 174 175 176 177 179 181 183 184 185 187 188 189 190 191 192 193 194 196 197 200 201
38 132 136 137 138 139 141 143 144 146 147 149 150 151 152 155 158 159 161 163 164 169 171 172 173 174 175 176 178 180 181 183 187 188 192 196 198 200 201
39 133 134 137 138 139 140 141 142 143 147 149 152 155 156 161 163 164 165 166 168 171 172 173 175 176 177 179 180 181 182 183 188 189 194 195 196 197 199 200
43 133 137 139 140 142 143 144 145 146 151 153 154 155 158 160 162 163 164 165 167 168 169 170 175 178 179 182 183 184 185 186 187 188 189 191 192 193 197 198 199 200 201 202
36 137 138 140 141 144 146 147 148 150 151 152 153 154 157 161 163 166 167 169 170 172 175 176 177 178 183 184 185 187 188 190 192 194 196 197 202
37 132 133 134 137 138 142 143 145 146 147 149 150 151 155 158 159 160 161 163 165 166 167 168 176 177 180 181 182 183 184 188 190 191 193 198 199 202
29 134 135 138 140 141 144 154 155 158 159 160 161 165 166 171 173 175 179 183 186 188 189 191 192 194 196 197 199 201
31 135 138 139 140 141 144 146 147 152 155 156 157 163 165 167 169 170 172 173 175 181 184 186 187 188 189 192 194 195 199 201
29 135 138 142 146 154 162 163 165 166 167 170 173 174 176 177 180 182 184 186 189 190 193 195 196 197 198 199 201 202
41 133 137 138 139 140 142 143 147 149 150 151 152 153 158 159 160 161 163 165 167 168 169 170 171 172 177 178 179 182 183 184 187 188 189 190 193 196 197 198 199 202
48 132 135 137 138 139 140 141 142 144 145 146 148 149 151 152 153 155 156 157 159 160 161 162 163 165 167 168 171 172 173 174 175 177 179 185 186 187 188 190 191 193 196 197 198 199 200 201 202
25 134 140 141 144 146 148 150 153 155 161 162 164 165 172 173 177 180 184 189 191 192 193 198 199 202
26 134 143 146 147 148 152 153 155 156 157 158 160 163 164 165 169 170 171 175 177 182 187 188 189 190 193
