174 1011
75 1 2 3 4 5 6 7 8 9 10 11 12 13 14 15 16 17 18 19 20 21 22 23 24 25 26 27 28 29 30 31 32 33 34 35 36 37 38 39 40 41 42 43 44 45 46 47 48 49 50 51 52 53 54 55 56 57 58 59 60 61 62 63 64 65 66 67 68 69 70 71 72 73 74 75
42 1 2 3 7 10 12 14 16 17 21 24 25 27 28 29 31 32 36 37 38 39 41 43 45 46 50 51 52 53 54 55 56 61 62 64 68 69 70 71 72 73 74
43 2 4 8 9 15 16 17 18 19 20 21 22 23 25 26 27 29 30 35 36 37 38 41 42 44 46 47 48 49 51 53 54 56 59 60 64 65 66 67 69 72 73 75
46 1 2 5 6 7 8 10 12 14 15 18 19 20 21 24 26 27 28 29 30 32 33 35 37 38 40 41 43 44 45 47 48 49 50 54 56 57 61 62 63 64 65 69 70 71 74
28 7 8 12 14 15 17 19 20 24 25 30 33 34 35 38 41 43 45 48 53 54 58 62 63 67 69 73 74
47 1 3 4 7 8 9 11 12 14 15 18 21 23 24 26 27 28 29 30 31 32 34 37 38 40 41 43 44 46 47 48 50 51 53 54 58 59 60 61 62 63 65 67 68 69 72 75
57 3 4 5 6 7 9 11 12 13 14 16 19 20 22 23 24 25 26 28 32 33 34 35 36 37 38 39 41 42 43 44 45 48 49 50 51 52 53 54 55 56 57 58 60 61 62 63 64 65 66 67 68 69 70 71 72 75
28 1 3 4 5 6 9 10 17 19 21 22 23 24 25 30 32 33 38 39 40 41 48 51 55 56 59 72 73
41 1 3 5 6 8 11 12 14 15 17 18 19 22 30 31 34 35 36 37 40 41 42 43 44 45 46 47 48 50 54 57 58 59 63 65 68 71 72 73 74 75
37 1 3 5 7 11 12 13 14 15 16 17 19 21 22 23 30 31 34 36 42 45 46 48 49 51 52 54 57 60 62 63 66 67 68 69 73 74
31 2 3 5 7 11 13 17 21 22 24 25 27 28 29 30 33 39 40 47 50 53 54 55 57 58 61 62 65 68 71 73
35 1 3 6 8 10 11 12 13 14 16 21 23 25 28 32 34 35 36 39 40 41 42 43 47 48 50 54 55 56 65 67 68 70 71 72
40 4 5 8 9 12 14 17 20 24 26 27 28 30 31 32 33 35 36 39 41 42 45 49 51 53 54 56 57 58 59 60 61 63 66 67 68 70 71 72 75
29 1 3 11 13 15 16 22 28 29 30 31 32 33 36 40 43 46 49 50 54 56 62 63 64 65 66 67 69 73
47 1 3 4 5 6 7 8 10 12 13 14 15 17 18 23 24 27 30 31 33 36 37 40 44 45 46 47 48 49 51 53 54 55 56 57 58 59 60 62 64 65 67 69 70 72 73 75
36 1 2 4 6 7 10 12 13 16 20 21 22 23 24 26 28 30 31 35 36 38 42 43 44 49 51 53 55 58 59 61 64 65 66 70 74
34 3 4 6 10 13 16 21 22 24 25 28 30 33 34 36 37 39 41 42 44 45 47 48 50 56 58 60 61 62 69 72 73 74 75
44 1 2 3 4 5 8 9 11 12 13 14 15 17 18 20 23 24 25 26 27 28 29 31 33 35 36 37 39 40 42 47 51 52 55 57 58 59 62 63 66 69 70 71 74
30 1 2 3 6 10 11 14 15 21 27 28 29 30 31 32 39 49 51 52 54 56 57 58 62 65 66 67 69 70 72
42 1 2 3 4 9 10 12 13 14 15 16 19 20 23 24 25 26 29 31 32 33 34 39 40 41 42 43 45 46 49 50 51 52 54 55 56 59 62 68 72 74 75
51 1 3 4 5 6 7 8 10 11 14 15 16 17 18 21 22 24 27 28 30 32 33 34 37 38 39 41 42 43 44 45 46 51 52 53 55 56 57 58 59 60 61 63 65 66 67 69 71 73 74 75
45 3 8 10 12 13 14 15 16 17 18 20 21 25 26 28 29 30 31 34 35 39 40 41 42 43 44 45 49 50 51 52 53 54 58 59 60 62 63 64 66 69 71 72 73 74
41 2 4 7 10 12 13 14 16 17 19 21 22 23 25 26 28 29 31 32 33 34 35 36 40 41 44 45 47 49 50 55 56 57 59 60 65 70 71 72 73 74
45 2 4 6 8 9 10 11 14 15 17 19 21 23 24 25 26 28 29 31 32 34 35 36 37 38 40 42 43 45 47 49 50 51 54 55 59 61 63 64 66 67 69 71 72 73
24 3 7 10 14 16 22 25 28 29 39 41 44 45 48 49 52 57 59 62 63 64 65 66 72
25 1 4 6 14 16 17 19 23 24 25 28 31 39 40 41 47 49 51 61 63 67 69 70 71 72
30 1 2 3 9 11 12 13 16 17 21 22 23 31 34 35 37 41 42 44 45 46 51 54 58 62 65 69 70 71 74
58 1 3 4 5 6 7 9 10 11 12 14 15 16 17 18 20 22 23 24 25 29 30 32 33 34 35 36 37 38 39 40 41 43 44 45 47 48 49 50 51 52 53 55 56 57 58 59 63 64 66 67 68 69 70 71 73 74 75
40 1 2 3 4 5 6 9 11 12 13 15 18 25 26 29 30 31 34 37 41 42 43 44 46 48 49 50 54 56 57 59 60 62 63 64 67 68 69 72 75
22 4 5 6 7 9 14 16 21 22 24 29 32 35 36 40 47 56 59 62 63 73 75
55 1 2 4 6 7 9 10 11 13 16 17 18 19 20 21 23 24 25 27 29 30 33 34 35 36 39 40 41 42 43 44 45 46 47 48 49 50 52 53 56 58 59 60 61 62 63 64 65 67 68 69 71 72 74 75
25 2 4 7 11 14 16 18 26 27 30 33 40 41 49 52 53 55 57 58 59 65 69 71 72 73
50 1 2 3 4 5 7 9 10 11 12 15 16 18 22 23 24 26 28 30 33 34 35 36 40 41 42 45 46 48 51 52 53 55 56 57 59 61 62 63 64 65 66 67 68 69 70 71 72 73 74
41 2 3 4 6 8 9 10 11 12 16 18 20 25 26 29 31 32 34 35 36 37 38 42 44 47 50 51 52 54 56 58 60 61 62 65 67 69 70 71 73 74
35 1 4 7 9 12 13 16 18 20 21 23 25 28 29 31 32 35 37 38 39 41 42 43 47 49 54 57 59 60 63 69 70 73 74 75
47 4 5 7 8 11 13 15 17 18 19 20 21 23 28 30 31 32 33 34 35 38 39 40 41 42 43 44 46 47 49 50 52 54 55 56 57 59 61 62 63 64 65 66 67 68 71 75
37 4 6 8 10 11 13 17 20 21 22 23 24 27 28 31 33 37 38 39 40 43 44 45 50 52 53 56 59 60 61 62 64 65 69 72 73 75
27 1 4 7 8 9 11 13 15 16 27 28 33 34 35 36 38 46 52 56 57 58 59 60 65 67 69 70
36 2 3 5 9 12 13 14 15 16 17 20 23 29 30 31 37 40 41 44 46 48 49 51 52 53 55 56 57 59 60 62 63 65 66 67 69
42 4 5 6 7 9 10 11 13 14 18 19 20 21 22 23 24 26 27 28 32 33 34 36 37 40 43 44 45 48 50 53 54 59 62 63 64 65 66 67 69 72 73
41 1 2 3 9 12 13 14 15 16 17 18 20 22 25 26 29 30 31 33 35 36 37 40 42 44 45 46 47 48 50 55 58 60 63 64 65 68 70 71 72 75
42 2 4 5 6 9 11 12 13 16 17 18 20 21 22 23 24 27 28 32 33 38 39 40 43 44 45 46 47 48 49 51 52 55 60 61 62 63 67 68 69 72 75
52 6 8 9 10 11 12 13 14 16 17 19 20 21 23 26 27 28 29 30 31 33 34 35 36 37 38 39 40 41 44 46 47 48 49 50 51 53 54 56 57 59 61 62 65 66 67 68 70 71 72 73 74
47 1 2 3 5 6 7 8 9 10 11 12 14 15 16 17 18 21 22 24 25 26 27 28 29 31 32 33 36 39 40 42 44 47 48 50 51 53 55 56 57 61 62 63 65 68 71 72
42 2 3 4 5 6 11 13 14 16 17 19 21 22 27 29 33 34 35 37 41 42 45 46 47 48 50 54 55 57 59 60 61 62 63 64 67 68 69 71 72 73 74
58 1 2 4 5 6 7 9 10 11 13 14 16 18 19 20 21 22 24 25 26 28 29 30 31 32 33 34 35 37 39 40 41 42 43 44 45 46 47 51 52 53 54 55 56 57 58 59 60 62 63 65 66 67 68 69 70 71 72
49 2 3 4 7 9 11 12 14 15 16 19 20 22 23 24 25 26 27 28 30 31 36 37 38 39 40 42 43 44 48 49 50 51 52 55 56 57 59 61 62 64 65 66 68 69 71 72 73 75
39 1 3 4 5 8 9 10 14 16 17 20 22 24 25 27 28 29 31 34 37 38 40 41 42 45 46 49 50 52 53 55 59 60 61 62 65 68 72 73
42 2 3 5 8 9 10 12 13 15 16 17 20 21 22 24 25 28 29 32 33 35 36 37 38 43 47 49 50 51 52 53 54 56 59 61 65 69 70 71 72 73 75
36 3 5 6 8 9 14 15 20 22 24 25 26 29 30 32 35 36 38 40 42 44 45 46 48 52 55 56 57 60 62 67 68 69 70 74 75
43 2 3 4 7 8 9 10 11 12 14 15 17 19 20 21 22 23 26 27 29 31 34 35 39 40 42 43 44 48 49 50 51 52 54 55 56 60 61 63 66 67 71 75
33 1 4 12 14 15 16 17 21 22 24 31 32 34 36 39 40 44 46 47 49 50 54 55 57 59 61 62 65 70 71 72 74 75
48 1 2 6 7 8 9 12 13 15 16 17 18 19 21 24 27 28 29 31 32 34 35 36 37 38 39 40 41 45 46 47 48 49 50 51 53 54 55 56 58 59 60 61 65 69 70 73 75
59 1 2 3 4 6 7 8 10 11 12 13 14 16 19 20 21 22 23 24 25 27 28 29 30 31 33 38 39 41 42 43 44 45 46 47 48 49 50 51 52 53 54 55 56 58 59 60 62 63 64 66 67 68 69 70 71 73 74 75
48 2 5 6 7 9 13 15 19 20 21 24 25 26 27 28 29 31 33 34 36 37 38 39 40 41 42 43 44 45 48 50 51 52 53 54 56 57 58 59 60 61 62 63 64 65 66 67 70
28 1 2 5 7 8 15 16 17 18 19 21 24 25 29 31 34 46 47 49 50 57 60 62 63 67 69 73 75
42 2 3 4 5 7 9 11 12 14 16 19 20 22 24 25 26 27 28 29 31 33 35 36 38 39 43 44 45 47 54 56 57 58 59 61 62 64 66 68 70 73 74
52 2 4 5 6 7 9 10 11 12 13 14 15 17 18 20 21 22 23 24 26 28 29 30 32 34 35 36 37 41 42 43 44 45 46 47 48 50 52 53 55 57 59 61 64 65 67 68 71 72 73 74 75
29 3 4 5 6 7 8 12 25 26 27 28 29 31 33 35 40 41 47 49 50 52 58 59 61 62 63 68 70 73
35 8 13 14 15 17 18 20 21 24 26 27 29 30 34 35 38 39 40 41 43 44 47 50 51 53 57 60 61 62 69 70 71 72 73 75
46 5 6 8 11 12 13 14 15 17 20 21 22 23 26 27 28 31 34 36 37 38 39 40 41 44 45 46 47 48 50 51 53 54 55 56 57 58 60 62 63 65 66 68 71 72 75
26 1 5 6 7 13 14 15 16 19 20 27 31 33 35 39 40 46 48 52 54 56 64 66 67 73 74
22 76 77 78 79 80 81 82 83 84 85 86 87 88 89 90 91 92 93 94 95 96 97
11 76 77 78 79 82 83 87 91 92 96 97
14 77 79 80 81 83 85 86 88 90 91 92 93 94 96
8 77 80 81 83 88 89 95 96
8 76 81 85 89 90 91 92 95
10 76 77 79 84 87 90 91 92 94 97
7 77 84 87 89 90 94 96
9 76 77 81 83 85 89 90 94 95
16 77 79 80 81 82 83 84 85 87 89 90 91 92 93 95 96
9 76 79 81 85 90 91 92 94 96
11 78 80 81 82 85 86 88 89 91 94 96
10 77 78 79 81 82 85 89 91 92 94
14 76 77 78 81 83 84 86 89 90 91 94 95 96 97
9 76 77 78 82 83 86 90 93 97
13 77 79 82 84 85 87 89 90 91 93 95 96 97
12 77 79 80 81 83 84 85 91 92 93 94 95
17 76 77 78 79 80 81 82 83 84 87 89 90 91 92 94 95 96
11 78 81 83 84 87 88 91 94 95 96 97
17 76 77 79 80 81 83 84 87 88 89 90 91 92 93 94 95 97
14 77 78 79 80 81 84 85 86 88 89 90 92 96 97
14 77 78 84 85 86 87 88 89 91 92 93 94 95 97
8 76 78 80 83 86 87 88 90
10 76 82 83 86 87 89 90 92 93 96
6 76 87 88 90 93 96
8 76 79 82 83 87 91 94 96
10 77 78 81 84 90 91 92 93 96 97
7 82 87 88 89 90 92 93
10 77 78 84 85 86 87 91 92 95 97
15 77 78 81 83 84 85 87 88 89 90 91 93 95 96 97
9 77 78 81 82 84 85 87 93 96
12 78 80 81 82 85 87 88 90 91 94 95 97
13 76 79 80 81 83 84 85 86 87 88 90 92 93
13 76 77 78 81 82 83 85 87 90 92 93 94 95
8 77 82 88 93 94 95 96 97
13 76 81 82 84 85 88 90 91 92 94 95 96 97
11 76 78 79 80 84 88 90 92 94 95 96
12 79 82 83 84 85 86 87 88 90 91 93 96
11 76 77 82 83 85 86 90 92 94 95 96
6 80 83 92 94 95 96
8 80 81 82 84 86 87 89 96
17 76 77 78 79 80 83 84 85 86 88 89 90 92 93 94 95 96
11 76 77 79 83 84 85 86 90 94 95 96
14 76 78 81 82 86 87 88 90 91 92 93 94 96 97
16 76 77 78 79 80 82 84 85 86 87 88 90 91 92 95 97
14 77 78 79 80 82 84 86 87 88 89 90 94 95 96
17 76 77 79 80 82 83 84 86 88 89 90 91 92 93 94 96 97
8 76 81 84 87 94 95 96 97
12 80 82 83 85 89 90 91 92 93 95 96 97
15 76 77 78 79 80 83 86 87 88 90 92 93 94 96 97
11 76 77 79 81 82 91 92 94 95 96 97
12 76 77 79 81 82 83 85 88 90 93 96 97
9 79 80 82 83 84 85 90 92 94
14 79 80 82 83 84 85 86 87 89 93 94 95 96 97
16 76 80 83 84 86 87 88 89 90 91 92 93 94 95 96 97
8 79 81 84 86 90 92 94 97
15 76 79 80 81 82 84 85 87 88 89 90 92 93 94 96
15 76 77 78 80 81 82 83 84 86 88 90 92 94 95 96
7 78 80 86 89 91 93 94
17 76 77 78 82 83 84 85 86 87 88 89 91 92 93 95 96 97
17 76 78 79 80 81 82 83 84 87 88 89 90 91 93 94 95 96
11 77 81 83 84 86 87 88 89 91 95 97
12 76 78 79 82 83 85 86 87 90 91 93 94
7 76 80 86 87 91 93 96
14 78 80 82 83 85 86 87 89 90 91 92 93 95 96
15 76 80 81 83 84 85 86 87 88 89 91 94 95 96 97
11 76 77 80 81 82 83 84 85 88 90 91
8 76 77 78 81 86 92 94 97
9 79 81 82 84 87 91 92 93 95
13 81 82 83 84 85 86 89 91 92 94 95 96 97
8 76 77 79 84 88 89 91 92
6 83 85 90 91 92 93
15 76 77 79 80 81 83 86 87 89 90 91 92 95 96 97
9 80 81 84 85 87 89 91 92 96
10 77 79 80 81 84 85 89 91 92 96
17 76 78 79 80 81 82 83 85 87 89 90 91 93 94 95 96 97
7 78 86 88 90 91 95 96
9 76 77 80 85 86 89 92 93 96
7 76 78 85 88 89 92 97
8 80 82 83 84 88 89 92 95
14 76 77 79 80 82 84 85 86 88 89 91 93 94 96
14 76 77 78 80 81 82 84 85 86 87 88 89 92 94
7 76 81 85 86 90 95 97
14 76 78 80 81 82 84 87 89 90 91 92 93 95 97
8 84 87 89 91 92 94 95 97
8 78 79 83 86 89 90 92 96
14 76 77 78 79 80 82 83 84 86 90 93 94 95 96
16 76 77 78 80 81 82 85 86 89 90 91 92 94 95 96 97
9 99 101 102 103 110 111 124 126 129
16 102 104 105 112 114 115 118 119 121 122 124 126 127 131 132 133
20 98 100 103 104 106 107 113 114 116 119 120 123 125 126 127 129 130 131 133 134
18 101 106 107 108 109 110 114 115 116 117 118 121 126 127 129 130 131 134
13 99 101 108 109 114 115 118 119 127 128 129 131 132
13 101 106 107 112 115 118 120 123 124 126 130 131 132
12 111 113 116 117 120 123 124 125 127 129 132 134
9 98 103 107 111 112 114 115 123 132
19 100 103 104 105 108 109 112 113 114 116 117 118 121 122 123 126 127 132 133
10 100 102 103 105 113 120 122 124 125 133
25 98 99 101 104 105 106 108 109 111 112 114 115 116 117 119 122 123 124 125 126 127 129 130 131 133
15 98 100 105 106 109 111 112 119 121 123 125 128 131 132 133
15 99 100 102 103 105 112 114 115 118 120 121 122 125 130 132
8 98 100 102 109 116 121 127 129
9 99 102 107 111 114 126 128 131 134
14 98 99 100 105 110 111 114 115 119 123 128 131 132 134
13 100 101 107 109 114 119 120 124 128 129 130 131 134
24 98 99 102 103 104 105 106 108 110 111 112 113 115 116 117 118 121 122 123 125 126 127 132 133
12 100 102 104 108 109 113 119 123 124 126 129 132
7 100 109 113 114 127 128 132
12 102 106 109 114 115 120 122 125 128 130 132 134
11 101 108 112 118 119 120 121 122 125 130 132
13 100 102 108 109 110 115 118 119 121 122 128 130 131
8 103 120 121 122 123 125 132 134
10 98 104 108 116 119 124 126 128 133 134
3 108 113 124
4 110 115 126 129
11 101 104 106 107 110 114 122 123 126 127 131
9 108 115 117 118 120 122 127 128 134
10 98 105 110 112 113 116 119 124 131 133
12 98 99 101 103 104 105 106 107 112 114 126 133
18 98 99 101 102 106 107 110 111 115 119 120 124 125 128 129 130 131 134
12 98 99 103 104 108 110 112 117 121 129 131 133
6 100 104 107 113 119 134
3 106 115 133
19 98 99 100 102 103 104 105 111 112 113 119 120 122 123 124 125 128 132 133
9 109 110 111 114 116 124 125 128 134
20 98 99 101 102 103 104 105 106 107 109 114 118 119 120 121 122 123 127 130 131
22 98 100 103 104 106 107 108 109 110 111 113 118 120 122 124 125 126 128 129 131 132 134
22 100 101 102 103 107 108 110 111 112 113 114 116 117 119 123 124 125 127 129 130 131 133
7 99 113 116 118 125 126 130
14 103 104 106 107 108 112 116 117 120 125 126 129 130 133
7 103 105 110 114 117 125 134
14 98 100 103 104 105 109 110 113 116 117 123 124 127 129
14 98 104 106 107 110 111 112 116 117 121 123 126 130 134
11 106 109 115 116 117 120 125 128 130 131 132
21 98 99 100 101 103 106 107 108 109 110 111 113 116 117 120 123 125 128 129 130 134
17 99 101 102 105 108 109 110 111 112 115 117 118 121 122 124 128 132
12 100 102 103 107 110 113 118 120 121 128 132 134
6 99 100 103 106 111 125
10 100 111 112 116 117 125 128 132 133 134
7 101 108 117 119 120 128 133
11 98 105 108 112 114 118 121 122 123 127 133
13 100 101 105 107 111 113 116 118 119 123 124 126 127
8 98 109 115 120 121 126 132 134
15 99 101 102 105 112 114 115 116 117 119 121 123 127 130 133
7 99 104 105 106 118 122 128
9 99 104 108 111 113 119 122 128 133
14 100 102 104 105 106 109 110 121 122 124 127 129 131 134
26 98 99 100 102 103 105 108 109 111 112 113 115 116 117 118 119 120 121 124 125 128 129 130 132 133 134
9 101 103 107 108 110 114 115 124 129
9 101 102 109 113 118 121 122 124 127
12 101 102 104 107 109 114 121 123 126 129 130 132
13 99 102 104 113 116 117 118 120 122 126 127 130 134
12 101 106 107 109 110 111 113 117 123 127 129 131
16 99 101 103 104 105 106 108 110 112 115 116 123 124 126 131 133
28 98 99 100 101 102 103 104 105 106 107 108 112 113 115 117 118 119 120 121 122 123 126 127 129 130 131 132 133
5 101 104 114 131 133
13 99 100 102 105 107 108 109 115 118 127 128 129 130
11 98 106 110 111 112 113 116 117 119 124 126
14 98 102 107 111 117 118 119 120 121 122 125 129 130 134
25 98 99 101 103 105 106 107 110 111 112 114 115 116 117 118 120 121 122 125 127 128 130 131 133 134
6 108 110 114 115 124 129
8 101 106 107 109 110 111 117 129
13 99 101 102 105 112 114 115 117 119 121 123 127 130
3 101 104 114
15 98 100 103 106 113 114 119 120 123 126 129 130 131 133 134
5 109 114 127 128 132
9 101 118 119 120 121 122 125 130 132
7 108 115 117 118 127 128 134
11 101 103 105 108 115 116 123 124 126 131 133
7 100 108 110 121 122 128 130
4 110 114 125 134
10 100 105 107 111 113 118 119 123 126 127
12 104 105 112 114 115 118 121 124 126 127 132 133
7 98 105 112 118 121 122 133
12 100 103 104 108 113 114 117 118 122 127 132 133
11 98 101 106 110 113 116 120 123 128 129 130
8 98 110 111 112 113 117 124 126
11 99 100 102 105 111 113 119 123 125 132 133
6 118 120 122 127 128 134
7 98 108 112 114 118 123 127
9 106 107 112 118 120 123 126 130 131
9 100 107 113 118 120 121 128 132 134
4 105 110 117 125
7 100 103 107 118 121 132 134
1 113
5 113 118 121 124 127
5 101 108 114 124 129
8 100 112 116 125 128 132 133 134
8 98 105 108 112 114 121 122 133
5 100 113 114 127 128
8 99 104 108 113 119 122 128 133
7 99 101 105 114 115 116 117
9 101 108 112 118 119 121 122 130 132
4 98 115 121 132
5 103 105 110 114 134
9 100 104 108 119 123 124 126 129 132
5 108 116 124 133 134
4 101 103 114 124
2 106 115
6 111 113 120 123 125 132
7 101 107 118 120 123 124 130
14 98 99 101 102 104 106 107 114 118 119 120 121 130 131
3 99 103 111
9 99 101 104 105 107 112 114 126 133
4 99 101 103 110
9 99 101 102 105 111 117 118 122 124
16 98 100 101 106 107 109 110 111 113 117 120 123 128 129 130 134
12 98 100 105 106 111 119 121 123 125 128 132 133
6 98 100 102 109 127 129
4 101 108 119 128
7 108 118 119 120 121 125 130
17 98 99 100 101 103 106 107 108 109 110 111 116 123 128 129 130 134
9 98 99 101 107 110 111 119 129 134
6 109 110 116 124 125 134
8 101 106 107 110 122 123 126 127
7 106 109 115 116 117 125 130
10 108 110 114 115 116 118 127 129 130 131
11 99 102 113 116 118 120 122 126 127 130 134
11 100 102 106 109 110 121 122 124 127 129 131
20 98 99 100 103 105 109 113 116 117 118 119 120 121 124 125 128 130 132 133 134
8 104 106 107 108 112 125 126 129
9 101 102 109 110 112 115 118 124 128
5 108 117 127 128 134
7 104 106 107 110 122 126 131
5 104 113 119 122 133
9 106 109 115 116 120 125 128 130 131
6 98 116 124 126 128 133
4 101 107 110 114
8 105 109 110 121 127 129 131 134
2 106 133
13 99 102 104 106 110 112 113 116 118 122 125 127 133
7 103 104 108 110 112 129 131
4 104 119 128 133
7 98 112 118 121 122 123 127
8 98 107 118 119 120 122 125 130
7 99 108 109 118 119 131 132
6 102 109 122 125 132 134
7 104 109 119 124 126 129 132
6 100 113 114 127 128 132
7 100 103 113 120 121 128 132
2 108 124
8 101 102 104 109 114 123 126 129
12 103 104 105 108 112 113 116 117 122 126 127 132
10 98 99 103 104 108 112 117 121 129 131
2 126 129
6 98 111 112 113 124 126
2 108 113
5 107 111 112 114 132
10 104 106 107 108 112 117 120 125 129 130
12 99 101 105 108 109 110 111 117 118 121 122 132
5 103 107 108 114 124
9 99 103 106 108 110 115 116 126 131
2 110 129
8 106 109 115 116 117 130 131 132
7 101 102 113 121 122 124 127
11 99 102 116 117 118 120 122 126 127 130 134
8 103 107 108 116 117 120 125 129
4 107 113 119 134
15 98 99 101 102 103 106 107 109 114 118 119 121 123 127 130
13 102 104 105 112 114 115 119 122 124 126 127 131 132
15 100 103 105 109 112 113 114 117 118 121 122 126 127 132 133
6 99 104 111 113 122 133
1 108
7 99 103 104 110 112 117 131
7 100 113 123 124 126 129 132
6 103 120 121 122 123 134
11 99 101 103 104 106 108 112 115 116 124 126
6 99 105 112 114 126 133
4 101 108 120 128
9 100 102 103 107 113 120 121 128 132
10 100 102 107 110 113 120 121 128 132 134
5 103 110 114 125 134
13 98 104 106 107 113 114 119 123 125 127 129 133 134
7 103 104 108 110 112 117 133
8 100 111 112 116 128 132 133 134
6 98 120 121 126 132 134
7 107 118 123 126 130 131 132
7 100 105 107 115 118 128 129
9 101 108 112 118 120 121 125 130 132
11 102 104 105 106 109 121 122 124 129 131 134
14 98 101 104 105 106 111 112 114 119 122 123 126 130 131
11 99 101 104 106 107 109 114 119 120 122 123
12 100 102 104 105 106 109 122 124 127 129 131 134
2 108 124
8 100 101 105 116 119 124 126 127
4 101 104 114 133
11 100 101 107 109 114 120 124 128 129 131 134
5 107 111 114 128 134
8 101 102 104 109 123 126 129 130
7 109 110 111 124 125 128 134
10 102 108 109 110 115 118 119 122 128 131
10 106 107 109 110 111 113 117 123 129 131
8 101 108 112 116 123 124 131 133
8 98 103 104 110 112 117 129 133
22 98 99 101 105 106 108 109 111 112 114 115 116 119 122 123 124 125 126 127 129 130 131
5 115 117 118 120 127
3 101 114 133
14 103 104 105 108 113 116 117 118 121 122 123 126 127 133
7 108 115 117 118 120 127 128
5 100 103 113 120 124
8 111 116 117 120 124 125 127 134
10 99 101 103 105 108 110 123 124 126 133
10 101 107 109 114 119 120 128 129 130 134
6 103 121 122 125 132 134
6 100 112 128 132 133 134
20 98 99 102 103 104 106 108 111 112 113 115 116 117 118 121 122 123 125 126 127
13 98 99 100 102 104 111 113 119 120 123 124 125 133
22 98 99 102 103 104 105 106 108 112 115 117 118 119 120 122 123 126 127 129 130 131 132
3 104 106 122
8 99 104 110 112 117 121 129 131
8 100 102 110 113 120 121 128 134
25 99 101 102 106 107 108 109 110 113 114 115 116 117 118 119 121 122 123 124 126 127 128 131 132 133
12 100 104 105 108 115 119 120 122 123 124 128 132
22 98 99 102 103 106 107 108 109 111 113 114 116 117 122 125 126 127 128 129 131 132 134
17 101 105 106 109 112 113 115 120 121 122 123 125 126 128 129 132 134
16 101 102 103 111 112 113 114 120 122 123 124 126 127 128 130 134
11 100 101 102 105 109 114 117 119 126 129 132
15 99 101 103 109 112 113 114 118 120 122 124 125 128 129 130
23 103 105 106 108 110 111 112 115 116 117 118 119 120 121 122 126 127 128 129 130 131 132 133
20 98 99 100 101 102 107 108 109 110 111 112 114 116 120 121 122 124 125 127 134
23 98 99 103 107 110 111 113 115 116 118 119 120 121 122 124 125 126 127 129 131 132 133 134
16 99 101 104 105 106 108 114 115 117 118 119 122 123 125 128 129
24 98 99 102 103 106 107 108 109 114 115 118 119 120 121 123 124 125 126 128 129 130 132 133 134
18 98 100 101 102 103 108 109 111 114 115 116 117 120 123 128 131 132 134
17 103 106 108 109 111 115 117 118 120 121 123 124 126 128 129 130 131
17 100 101 105 106 109 110 111 112 114 118 121 122 123 124 126 129 133
19 98 99 101 102 104 105 106 109 110 111 112 114 116 118 122 123 125 127 129
22 101 103 105 106 108 109 111 112 113 114 115 116 118 120 121 122 123 127 128 131 132 134
11 98 100 104 107 114 115 118 120 125 129 132
23 98 99 101 102 103 105 107 108 111 113 114 115 116 118 119 121 122 123 125 126 128 129 133
14 98 100 102 104 108 110 112 113 120 121 123 124 126 129
16 98 99 101 103 104 106 109 110 117 119 120 123 125 128 130 132
19 98 102 103 107 108 110 113 114 115 117 118 119 122 124 125 126 128 130 131
15 98 99 100 101 103 106 111 116 117 120 121 123 131 132 134
24 98 99 100 102 104 105 106 109 111 114 117 120 121 122 123 125 126 127 129 130 131 132 133 134
15 98 101 105 106 108 112 113 114 119 121 123 128 130 131 132
16 100 102 105 106 107 108 114 116 122 124 127 129 130 131 133 134
12 99 101 105 108 111 114 119 120 123 125 130 134
23 98 99 103 104 107 108 109 110 111 112 113 115 117 118 119 121 122 125 126 127 128 133 134
21 99 100 104 107 110 112 113 114 116 117 118 119 120 123 125 126 127 128 131 132 133
14 99 100 107 109 112 114 115 116 117 118 119 120 129 132
25 98 99 101 102 103 104 105 106 107 109 111 112 115 118 119 120 121 122 123 126 128 130 131 132 134
20 100 101 104 106 108 109 110 111 113 114 115 116 120 121 123 124 126 127 129 133
20 98 100 101 102 105 106 107 110 111 113 114 115 117 118 119 120 122 127 133 134
19 99 101 104 105 106 108 109 110 111 115 118 119 120 121 125 126 127 131 133
22 98 100 102 103 106 107 109 112 113 115 117 118 119 122 126 127 129 130 131 132 133 134
22 100 101 104 105 108 109 110 111 112 113 114 115 117 118 119 121 122 123 125 130 132 133
15 99 100 101 106 108 112 113 116 118 119 120 125 129 130 133
21 99 101 103 104 108 109 111 114 117 118 119 121 123 124 125 127 128 130 131 133 134
25 98 99 100 101 102 103 104 105 108 109 110 113 115 116 117 118 119 120 123 125 126 127 128 130 133
11 99 101 102 103 112 116 120 125 127 131 134
20 98 99 100 108 109 110 111 112 115 116 119 120 121 123 124 125 128 130 133 134
23 99 100 101 102 104 106 108 113 114 115 118 119 120 121 122 125 127 129 130 131 132 133 134
25 98 99 100 101 103 104 106 107 108 109 110 114 115 116 117 118 120 121 123 127 128 130 132 133 134
25 98 100 105 106 108 109 110 112 113 114 116 117 118 119 120 121 123 124 126 127 128 130 131 133 134
17 99 100 101 104 108 110 112 113 114 116 119 120 121 122 127 128 131
19 98 101 102 103 104 106 107 108 114 115 116 119 120 122 123 127 132 133 134
22 100 101 102 103 104 105 108 109 111 112 113 117 119 123 124 125 126 127 128 129 131 132
11 98 103 105 106 109 110 111 122 123 132 133
13 98 99 101 102 112 113 115 119 125 127 128 129 130
18 101 102 108 109 110 111 113 116 117 119 120 125 128 129 130 131 132 134
12 102 103 105 106 112 113 117 118 122 123 132 133
23 98 99 102 103 104 105 106 107 109 112 113 115 117 118 121 122 123 124 126 129 130 131 134
12 99 101 102 110 111 113 114 122 124 125 131 134
20 98 102 103 104 109 111 112 114 115 116 118 119 121 122 124 127 128 129 130 134
14 100 103 109 113 114 115 116 117 118 121 122 128 130 134
17 98 103 104 108 111 112 115 116 119 120 121 123 124 127 129 132 133
24 98 99 100 102 104 106 107 108 109 113 115 116 120 121 122 123 124 126 127 128 129 130 132 133
12 98 100 102 103 104 112 116 119 121 127 130 132
16 102 103 106 108 110 111 112 116 117 118 119 125 126 127 130 133
18 100 102 106 108 109 110 114 115 116 118 120 121 123 124 127 128 131 134
25 99 101 102 103 104 106 107 108 110 112 113 117 118 119 120 122 123 124 126 127 129 130 132 133 134
17 98 102 105 109 110 113 115 116 117 119 120 122 124 129 130 131 133
14 108 109 112 113 115 117 118 120 126 127 128 132 133 134
17 98 100 104 105 106 108 109 110 111 112 113 114 115 130 132 133 134
14 98 102 106 107 109 111 113 114 117 120 124 125 131 133
25 98 101 103 104 106 107 108 110 111 113 114 115 116 117 118 121 122 123 124 127 128 129 132 133 134
12 100 101 103 105 106 108 111 112 116 118 124 130
18 98 101 104 107 109 110 112 113 118 119 120 121 122 123 124 125 130 131
24 98 99 100 103 104 108 110 112 114 115 116 117 118 121 122 123 124 125 126 127 130 131 132 134
25 98 99 100 101 107 108 109 112 114 116 118 119 121 122 123 124 125 126 127 128 129 130 131 132 134
20 98 100 101 103 105 108 109 113 114 115 116 117 118 125 127 128 129 130 131 134
20 98 99 100 101 102 103 105 107 109 111 112 115 120 122 124 127 130 131 132 133
24 101 102 103 104 107 108 109 110 111 112 114 115 116 118 119 122 123 124 127 128 129 131 132 133
25 99 100 102 103 104 106 107 108 109 110 111 112 114 115 118 121 123 125 126 127 128 129 130 133 134
11 98 101 105 106 114 120 125 126 128 131 133
11 98 101 106 107 112 113 116 124 126 129 132
22 100 102 103 104 105 107 109 110 111 113 114 115 117 122 124 126 128 129 130 131 132 134
12 99 101 102 110 114 116 117 118 123 127 133 134
15 98 99 103 104 107 111 112 113 115 117 121 123 131 132 133
14 102 108 109 113 115 117 119 124 125 127 128 129 132 133
22 100 101 102 103 104 105 106 107 109 110 112 114 117 119 121 122 123 128 129 130 133 134
12 101 105 108 110 111 112 114 116 122 123 127 131
23 98 99 100 101 102 105 107 109 110 112 114 115 116 118 121 122 123 125 127 128 130 131 133
17 99 100 101 109 110 111 112 118 119 122 124 125 127 128 129 130 131
21 100 101 105 107 108 111 112 113 114 115 118 119 121 122 124 125 126 127 128 131 132
17 100 103 106 107 108 109 111 113 114 116 119 122 124 128 129 132 133
18 98 99 104 106 107 110 112 113 115 118 119 120 121 125 126 129 130 131
17 100 103 107 110 112 113 114 115 117 120 121 126 128 130 131 132 134
24 98 102 103 104 105 107 111 112 113 114 115 116 117 118 119 121 122 124 125 126 127 129 131 132
17 98 99 100 102 104 107 108 109 110 111 112 119 120 124 126 127 130
15 98 99 102 103 105 106 110 112 113 117 119 122 126 130 134
11 98 101 109 117 118 119 123 124 126 129 132
22 98 99 100 101 102 103 106 107 110 112 114 117 119 121 123 124 125 127 129 130 132 133
19 98 101 102 103 107 109 111 113 116 118 119 121 125 126 128 129 130 132 133
13 101 105 107 108 114 115 117 118 119 120 124 128 134
22 98 99 100 101 102 106 107 108 109 111 112 116 117 119 122 123 125 129 130 131 132 134
25 99 100 101 102 105 106 108 111 112 113 114 115 116 119 120 121 123 124 126 127 128 129 130 131 132
20 100 101 104 106 107 109 111 112 114 115 118 120 122 123 124 129 131 132 133 134
22 99 101 102 104 105 106 109 110 113 115 116 119 120 121 122 125 126 129 130 131 132 133
14 102 107 108 110 112 116 119 120 123 124 128 129 130 134
21 99 100 104 105 106 107 108 109 110 113 115 116 118 119 120 126 128 129 131 132 133
24 98 99 101 103 104 105 106 110 111 112 113 115 117 118 119 121 122 124 125 126 127 128 130 132
17 99 100 101 104 105 107 113 115 116 118 119 124 127 128 131 132 133
16 101 105 106 107 108 111 112 115 116 118 119 121 123 124 127 130
19 100 101 103 104 105 106 107 110 111 115 118 119 122 126 128 130 132 133 134
20 99 100 101 104 108 109 112 116 117 119 120 121 122 124 125 129 130 131 133 134
20 99 100 101 104 105 106 108 109 111 112 115 117 121 123 124 126 127 129 133 134
17 100 101 102 103 110 111 113 114 115 118 122 123 125 128 130 132 133
23 100 101 104 105 107 108 109 110 111 112 114 115 117 118 120 121 122 123 125 126 131 132 134
14 98 101 102 106 107 112 115 122 125 127 129 132 133 134
19 99 103 108 109 110 111 112 114 115 118 119 120 121 125 126 127 129 131 134
19 99 100 101 103 104 106 110 113 117 118 119 120 121 122 124 126 128 132 134
16 99 103 106 107 110 111 114 116 117 119 123 124 126 128 130 131
14 102 103 107 108 111 112 113 116 117 120 125 128 129 132
23 99 100 101 102 103 104 107 108 110 111 112 115 117 119 120 121 122 125 129 130 132 133 134
25 99 100 103 105 106 107 108 109 110 111 114 116 117 118 119 120 122 123 124 126 127 128 129 133 134
12 103 105 110 113 114 118 119 125 126 128 131 133
16 98 99 102 104 108 109 116 117 123 126 128 129 130 132 133 134
13 98 104 110 112 113 114 115 116 120 124 125 127 133
16 98 100 101 104 106 110 111 112 114 115 120 123 124 127 129 131
16 103 106 107 108 109 114 115 118 119 120 122 123 128 130 131 133
17 98 99 103 104 106 108 113 114 115 117 120 123 127 129 130 133 134
18 99 100 102 105 106 107 109 111 112 114 116 121 126 127 130 131 133 134
21 98 99 100 102 103 106 110 115 116 120 122 123 124 125 126 127 128 130 131 132 134
20 102 106 107 108 109 111 112 113 114 116 117 120 122 123 124 126 127 128 129 131
20 98 99 102 103 105 107 109 111 112 113 114 116 117 119 120 122 124 127 129 134
20 99 100 101 103 106 107 112 114 115 116 117 118 119 120 121 123 125 127 129 133
23 99 101 102 106 107 108 110 111 113 117 118 119 120 123 124 125 126 127 128 130 132 133 134
21 100 102 103 104 106 109 112 114 115 116 118 121 122 123 124 125 127 128 129 130 132
19 101 103 104 107 110 113 115 116 117 118 122 123 124 125 126 128 129 130 131
25 98 100 102 103 105 106 107 109 110 111 112 114 116 117 119 120 123 126 127 128 129 130 131 132 133
11 104 106 109 112 114 116 121 129 131 132 134
12 109 111 113 114 116 120 125 127 129 130 132 133
24 99 100 101 102 103 104 106 107 108 109 112 115 116 119 120 121 123 124 125 128 129 130 132 133
19 98 100 102 103 106 111 114 115 116 117 118 121 122 123 126 127 128 133 134
20 98 101 102 104 105 107 108 109 111 114 120 122 123 124 125 126 128 131 132 133
18 98 100 101 102 103 106 108 110 111 116 117 118 121 123 124 130 131 132
19 98 100 101 103 106 108 109 110 111 112 115 116 117 122 124 125 132 133 134
19 99 101 104 105 109 110 111 112 113 117 118 119 120 123 124 128 129 130 134
20 98 100 105 106 108 109 110 111 113 114 116 119 121 122 124 126 127 129 131 133
17 98 100 104 106 108 109 112 113 114 116 117 119 122 125 127 129 134
13 99 101 102 108 110 111 112 113 119 122 123 129 133
17 99 101 103 105 106 109 110 112 114 117 118 119 121 123 124 130 132
20 98 99 103 105 106 107 109 110 111 116 118 119 121 122 124 125 128 129 132 134
22 98 99 100 101 103 105 109 111 113 114 116 117 118 120 121 122 125 126 127 130 132 133
18 99 100 102 103 106 108 109 111 114 118 121 122 123 124 125 131 132 133
20 98 101 102 104 106 107 112 113 114 116 117 120 121 122 126 128 129 130 132 134
24 98 99 102 103 104 105 107 109 112 113 114 115 116 117 118 119 120 121 122 125 127 130 131 132
12 98 99 101 106 108 109 113 115 117 118 121 122
14 98 100 101 104 106 108 111 113 115 118 120 125 129 130
12 102 103 104 109 110 114 115 123 124 127 130 133
18 101 102 103 104 105 107 108 110 112 114 117 118 119 125 127 129 131 133
16 135 136 137 140 141 146 148 156 157 161 162 166 167 168 172 174
6 135 139 164 167 169 173
11 135 137 144 150 151 158 159 161 163 168 172
6 136 145 146 148 155 163
17 135 137 139 143 147 148 149 151 161 163 165 166 167 168 169 172 173
9 137 146 154 159 161 165 172 173 174
6 142 143 147 150 158 168
16 135 136 137 140 146 147 151 154 155 157 158 159 160 161 165 169
7 140 148 155 162 166 171 174
7 139 149 154 164 166 171 174
13 135 137 139 142 149 153 155 158 159 160 163 169 170
11 139 145 148 149 152 155 156 160 167 169 174
18 135 136 138 142 143 148 153 154 155 156 157 161 162 163 165 169 171 172
12 142 144 145 151 154 160 162 165 169 171 172 174
18 135 139 140 142 145 147 155 157 158 159 160 161 162 166 167 172 173 174
5 151 153 154 167 170
29 135 138 141 142 143 145 149 150 151 153 154 155 156 157 158 159 162 163 164 165 166 167 168 169 170 171 172 173 174
17 139 141 145 146 147 148 149 152 154 157 162 164 165 170 171 172 174
10 138 148 149 151 152 157 158 167 170 171
21 135 136 137 138 140 143 144 145 149 150 152 153 156 159 160 161 162 164 166 167 173
19 136 137 138 141 143 145 147 149 151 152 154 157 159 160 161 162 163 166 172
10 141 148 149 150 161 163 166 170 172 174
10 136 139 142 143 144 145 147 153 160 168
11 135 139 141 148 151 152 160 164 165 169 174
16 136 139 140 141 145 148 152 153 157 160 165 166 170 171 172 174
10 135 138 146 149 154 156 161 162 167 169
16 137 139 142 143 145 147 150 153 154 156 157 159 165 169 173 174
15 141 142 143 151 153 158 159 161 165 166 167 168 169 171 173
7 144 153 155 158 165 171 174
15 135 137 138 139 140 144 147 149 150 154 156 157 162 164 170
11 140 141 146 151 155 160 164 166 167 168 172
11 136 137 139 140 144 146 147 148 152 160 161
4 152 160 172 174
19 138 139 142 143 144 147 149 150 151 152 153 155 158 159 160 165 169 170 171
14 136 137 139 140 142 143 145 146 155 160 164 165 168 169
13 138 141 147 148 152 154 162 164 166 167 168 171 172
11 135 140 141 150 155 156 162 163 164 166 169
8 137 144 151 155 159 163 164 173
16 135 136 137 138 139 143 149 150 155 156 159 163 167 168 170 173
5 145 154 163 164 173
22 136 137 138 141 143 144 146 148 149 150 151 152 153 154 156 163 164 165 168 169 170 171
10 143 149 150 154 159 160 167 168 169 171
9 141 145 147 149 157 159 165 168 169
18 135 138 140 143 144 146 147 150 151 152 154 158 159 160 162 169 171 174
9 136 140 142 153 154 157 165 166 170
22 137 138 140 141 142 143 148 149 150 151 152 154 155 157 159 161 163 166 167 170 171 172
22 136 137 139 141 142 145 148 149 153 155 156 157 161 163 164 165 166 167 168 170 172 173
8 141 146 147 148 155 165 170 171
17 136 137 138 141 142 144 146 148 152 153 157 158 161 164 165 170 174
13 135 136 138 144 148 149 152 158 161 162 163 170 171
6 140 141 148 158 161 166
4 138 147 152 167
9 135 140 145 147 155 162 163 166 173
14 136 140 143 144 145 146 150 151 156 157 161 165 173 174
22 137 139 140 141 144 145 146 147 149 150 151 152 158 159 160 164 166 167 168 170 173 174
13 137 143 146 151 153 157 158 159 160 162 165 170 173
15 136 137 141 142 147 150 153 156 157 162 164 165 171 173 174
9 138 141 143 146 147 162 164 171 173
6 146 147 152 153 157 164
8 140 142 143 144 145 146 155 163
23 136 138 140 141 142 144 145 146 150 152 153 154 155 156 157 158 159 160 162 164 170 171 174
24 137 138 139 141 142 143 149 151 152 155 156 157 158 160 161 162 164 166 168 169 170 171 172 174
16 135 136 140 144 145 146 147 148 150 153 154 159 163 165 167 173
10 135 138 144 147 152 153 154 156 157 173
6 151 158 159 162 167 171
16 135 136 140 141 142 144 145 148 150 155 156 161 163 168 169 172
11 139 142 151 154 157 158 163 168 169 172 174
4 139 151 156 172
23 135 136 137 138 140 142 143 144 150 151 153 155 156 158 159 160 161 163 166 167 168 169 173
21 136 137 138 147 149 150 153 154 156 157 158 159 161 162 166 167 168 170 171 172 173
25 135 138 139 140 143 144 145 146 148 149 151 152 154 155 158 159 160 161 163 166 167 168 169 170 172
8 140 142 146 148 150 156 168 170
18 135 136 139 144 145 146 147 153 156 158 160 162 164 165 168 169 173 174
19 135 136 137 138 139 142 143 144 146 150 152 156 158 160 161 163 164 172 173
24 138 139 141 142 143 144 145 148 149 150 152 153 156 162 163 164 166 167 168 170 171 172 173 174
8 137 141 142 146 148 152 157 170
10 137 139 142 143 158 160 161 163 164 173
9 144 145 147 160 162 164 168 169 173
3 145 148 163
11 135 137 146 147 151 157 158 160 161 165 169
15 135 139 140 142 145 147 155 157 158 160 162 166 167 173 174
6 145 147 157 159 165 169
3 158 162 171
7 144 151 162 165 169 172 174
2 152 174
5 150 151 158 163 172
12 138 139 144 147 149 152 153 155 158 159 160 165
16 138 139 142 143 144 149 150 151 152 153 155 158 159 160 170 171
5 140 148 155 171 174
16 137 138 140 143 144 150 151 153 155 156 159 160 161 163 167 173
13 135 136 143 148 154 155 156 157 162 165 169 171 172
4 137 159 163 164
11 137 143 145 150 154 156 157 159 169 173 174
4 138 141 171 173
6 138 148 149 152 157 170
9 137 141 149 152 154 159 161 166 172
20 136 138 140 141 144 145 146 150 152 154 155 157 158 159 160 162 164 170 171 174
10 139 145 146 158 160 162 164 165 168 174
4 140 144 146 155
3 145 154 163
7 137 146 151 153 158 159 160
9 135 137 142 149 153 160 163 169 170
11 139 140 144 145 146 147 159 160 164 167 168
2 151 172
4 153 155 158 165
9 135 139 142 155 157 159 160 166 167
7 135 140 145 147 162 163 166
7 136 137 144 147 152 160 161
15 135 136 142 143 148 154 156 157 161 162 163 165 169 171 172
4 145 154 163 164
4 146 153 157 164
8 137 140 144 147 150 154 156 170
4 146 150 156 168
8 143 150 154 160 167 168 169 171
4 142 147 150 158
14 135 137 138 140 144 145 149 152 153 159 160 164 166 173
8 135 142 145 148 155 163 168 172
2 154 164
5 155 158 165 171 174
13 135 136 137 143 149 150 155 156 159 163 167 168 170
5 139 164 166 171 174
5 139 142 145 147 160
12 136 140 143 145 146 150 156 157 161 165 173 174
7 136 153 156 157 164 171 173
6 139 149 152 156 160 169
6 135 144 150 159 161 172
7 141 145 147 149 165 168 169
6 138 152 153 154 156 157
9 137 148 157 161 162 167 168 172 174
12 136 137 138 143 144 146 148 149 150 156 163 164
8 143 149 154 159 160 167 168 169
3 139 167 173
6 144 151 155 159 164 173
3 151 153 167
8 137 143 146 151 157 160 162 173
25 135 138 141 142 143 145 149 151 153 154 155 156 157 158 159 162 163 164 165 166 167 168 172 173 174
11 140 141 142 145 148 150 155 156 163 168 172
13 136 144 145 146 147 153 156 160 162 168 169 173 174
4 140 146 156 168
19 136 137 139 141 142 145 149 153 155 157 161 163 164 165 167 168 170 172 173
10 135 137 151 154 155 157 158 160 161 165
8 137 140 146 151 155 159 160 165
3 139 151 172
5 142 154 163 169 174
5 146 154 156 162 167
14 135 139 144 145 147 153 156 158 160 162 164 165 168 169
8 135 140 148 156 162 168 172 174
23 135 138 141 142 143 145 149 150 151 154 155 156 157 162 163 164 165 167 168 170 171 173 174
9 137 139 142 147 156 157 159 165 169
3 139 164 169
17 135 136 137 138 139 142 143 144 146 152 156 158 160 161 163 164 173
12 135 136 140 141 142 144 148 156 161 163 169 172
11 141 144 146 147 149 150 152 158 159 166 168
15 136 137 138 141 143 145 147 149 151 154 157 159 160 163 172
5 140 150 156 168 170
6 135 137 151 158 159 161
5 151 157 167 170 171
14 137 138 139 142 143 149 157 158 160 161 164 166 169 172
5 146 148 165 170 171
15 138 141 142 145 150 151 155 157 158 164 169 171 172 173 174
20 137 139 141 142 143 149 151 152 155 156 158 160 161 162 164 166 168 171 172 174
3 147 152 167
4 140 142 148 156
6 135 146 149 156 161 162
8 136 139 142 144 145 153 160 168
5 139 149 166 171 174
8 137 142 144 146 148 152 161 164
9 135 139 142 153 155 158 163 169 170
8 139 150 154 156 157 165 173 174
6 151 154 160 162 165 169
3 158 162 171
5 140 141 148 161 166
7 140 143 145 146 151 161 165
17 135 136 137 140 143 144 145 149 150 152 156 159 161 164 166 167 173
13 136 138 143 144 148 150 151 152 153 154 165 168 169
2 156 172
5 149 154 159 160 171
3 159 162 167
5 141 147 148 155 170
13 139 141 144 145 146 147 150 151 159 160 167 168 174
9 141 142 144 146 148 158 161 164 170
14 139 141 142 144 148 150 156 163 166 168 171 172 173 174
14 135 140 144 148 151 152 154 155 158 159 161 166 170 172
7 139 142 154 157 168 169 174
9 139 148 149 152 155 156 160 167 174
9 140 146 151 155 164 166 167 168 172
5 135 144 147 152 157
8 137 139 149 163 167 168 169 173
5 142 143 150 158 168
20 136 138 140 142 144 145 146 150 152 153 154 155 158 159 160 162 164 170 171 174
4 149 166 171 174
8 141 148 150 161 163 166 172 174
7 137 140 144 146 152 160 161
12 144 145 146 149 152 154 158 161 163 166 167 169
6 142 144 145 151 165 174
21 137 138 139 141 142 143 149 151 152 155 156 157 158 160 161 162 166 168 170 172 174
12 136 139 153 155 157 161 163 164 165 166 168 173
7 137 146 153 158 162 170 173
13 135 137 138 143 144 150 152 153 156 161 162 164 173
3 152 160 174
3 148 155 162
9 137 139 140 144 146 147 148 160 161
14 135 136 138 140 144 151 156 158 159 160 161 163 168 173
14 138 139 142 143 144 150 151 153 155 158 165 169 170 171
3 152 172 174
13 140 142 143 149 150 151 152 155 157 159 161 166 171
7 139 148 155 156 160 169 174
5 138 151 157 167 171
7 135 149 156 161 162 167 169
6 135 144 147 154 156 173
10 136 139 144 145 153 156 158 162 164 169
6 146 148 155 165 170 171
4 149 164 166 171
3 153 158 171
7 136 140 144 147 148 152 160
3 151 154 170
13 137 138 141 143 147 149 157 159 160 161 163 166 172
11 145 146 147 148 154 157 162 164 171 172 174
5 137 146 161 172 173
4 145 163 166 173
9 138 140 144 146 150 152 158 160 171
23 135 138 141 142 143 149 151 153 154 155 156 159 162 164 165 166 167 168 169 170 172 173 174
6 149 157 158 167 170 171
6 136 142 143 144 145 160
4 159 162 167 171
19 138 139 141 142 149 151 152 155 157 158 160 161 164 168 169 170 171 172 174
18 136 137 139 141 142 145 148 149 155 156 163 165 166 167 168 170 172 173
14 135 138 140 143 150 151 152 154 158 159 160 162 171 174
12 137 138 140 141 143 149 150 151 154 155 161 166
7 158 159 165 166 167 169 171
13 137 138 139 143 149 151 155 156 158 160 162 169 174
12 135 141 144 148 150 155 156 161 163 168 169 172
7 140 142 153 154 157 165 166
5 140 147 162 163 173
4 142 146 168 170
4 147 153 157 164
3 136 155 163
11 135 136 140 141 150 156 161 163 168 169 172
8 143 149 150 159 160 167 169 171
8 135 136 137 151 157 158 159 165
14 136 137 138 141 143 145 147 149 151 152 159 162 163 172
4 147 152 153 164
7 135 140 141 150 163 164 169
7 136 139 142 143 147 153 168
12 138 139 147 149 150 152 155 160 165 169 170 171
9 135 140 141 150 156 162 163 166 169
20 137 138 139 142 143 149 151 152 155 156 157 160 161 162 166 168 169 170 172 174
2 147 152
7 135 145 147 162 163 166 173
3 135 164 167
2 138 152
9 137 138 140 144 149 150 157 162 170
8 135 140 150 156 163 164 166 169
14 135 136 137 138 139 143 149 150 155 163 167 168 170 173
8 135 140 146 148 161 166 167 172
5 141 148 161 166 174
19 135 136 137 138 140 142 143 144 150 153 155 156 158 160 161 166 167 168 169
2 152 167
3 145 164 173
12 137 138 140 144 147 149 150 154 156 157 164 170
5 142 154 157 165 170
8 136 147 151 154 155 157 160 161
3 144 171 174
5 146 155 165 170 171
17 138 140 142 143 144 150 151 153 155 156 159 160 163 166 167 169 173
5 140 144 145 155 163
9 138 143 148 161 162 163 165 169 172
10 138 142 150 151 152 155 159 160 169 171
7 138 140 147 150 156 157 162
4 138 141 143 162
10 139 140 142 143 146 155 160 164 165 169
12 136 141 142 150 153 156 157 162 164 165 171 173
12 135 137 139 147 148 149 163 165 166 167 172 173
17 135 138 139 140 144 145 148 149 151 154 159 160 161 163 166 167 172
7 136 140 146 148 152 160 161
3 153 157 164
5 139 144 147 160 168
8 137 138 139 143 149 163 167 170
4 146 148 155 171
11 135 136 137 140 141 146 148 157 161 166 168
14 138 141 144 146 150 152 154 155 156 157 158 160 162 170
23 135 139 140 143 145 146 147 148 149 150 151 153 154 155 156 157 158 159 160 164 166 168 172
12 136 141 147 151 152 157 158 163 165 166 169 173
13 136 138 146 147 154 156 158 161 166 168 169 170 172
27 135 137 138 140 141 142 143 144 145 147 148 150 151 152 153 154 155 156 158 161 162 164 166 168 171 172 174
18 135 137 138 141 142 143 148 155 156 162 163 164 165 167 170 171 172 174
13 137 145 146 150 151 152 153 157 158 159 169 171 173
26 135 136 137 138 141 143 144 145 148 149 151 152 153 154 155 157 158 159 164 167 168 169 171 172 173 174
14 137 141 145 152 153 154 155 156 158 160 165 172 173 174
27 135 139 140 141 142 145 146 149 150 152 153 156 158 159 160 161 163 164 165 167 168 169 170 171 172 173 174
20 135 136 138 139 142 143 144 146 151 152 153 154 156 157 164 165 166 167 168 171
26 135 136 137 140 141 144 145 146 148 149 150 152 153 154 156 157 160 161 162 165 166 167 168 171 172 173
15 135 140 141 147 151 153 157 158 160 161 162 171 172 173 174
17 135 136 137 138 140 144 154 160 161 164 165 166 167 168 172 173 174
23 136 137 138 139 141 143 146 148 149 151 152 153 155 158 160 165 166 167 169 170 172 173 174
16 138 141 142 143 147 151 154 155 158 159 164 165 167 169 171 173
13 136 139 140 141 145 147 150 160 163 166 167 168 173
23 135 137 139 140 141 142 144 145 147 148 149 151 153 154 157 158 161 162 165 167 171 172 174
25 135 136 138 139 140 141 142 143 146 147 149 152 153 154 155 156 159 161 162 165 166 167 170 171 174
23 137 141 143 144 146 150 152 153 154 155 157 160 161 162 163 164 166 167 168 169 171 172 173
18 136 137 138 139 140 142 151 152 154 155 158 159 163 164 165 167 168 173
12 137 139 141 142 145 151 152 155 156 157 162 163
23 135 136 137 138 139 143 144 145 146 147 148 149 150 151 158 159 161 162 165 167 170 171 174
16 135 137 138 139 141 143 148 149 151 154 157 159 161 163 165 166
17 138 139 140 142 143 144 145 146 147 152 155 159 162 164 172 173 174
25 138 141 144 145 149 150 151 152 153 154 155 156 157 158 159 160 161 162 164 165 166 168 170 171 173
21 136 137 142 143 145 146 148 149 150 151 153 154 157 158 159 161 163 171 172 173 174
18 135 136 137 138 139 140 141 142 144 147 153 154 155 165 166 167 168 173
22 136 138 140 141 142 145 147 148 150 152 153 156 157 158 163 165 167 168 169 170 171 172
26 136 137 138 139 142 144 145 148 149 150 152 153 156 157 158 159 160 161 163 164 165 166 167 170 172 173
25 135 136 137 138 139 140 142 143 144 145 146 148 149 154 157 159 161 163 164 166 167 169 170 173 174
26 135 137 138 139 140 143 145 146 148 149 150 151 152 153 157 158 159 160 161 162 167 169 170 171 172 174
20 137 138 141 142 144 146 147 148 149 152 156 162 163 164 166 169 170 171 172 174
27 135 136 138 140 141 142 144 145 147 148 149 151 152 154 157 159 160 161 162 164 165 166 167 168 171 172 174
25 135 136 137 138 141 143 144 147 149 150 151 153 154 156 157 158 159 164 165 166 169 170 171 172 174
12 138 141 142 145 150 154 155 159 164 169 171 172
17 137 139 140 144 147 150 152 156 158 162 164 165 166 168 172 173 174
23 137 138 141 142 143 144 146 148 150 151 153 155 157 160 161 162 164 166 169 171 172 173 174
16 135 139 141 144 145 147 153 155 156 158 161 163 164 165 169 171
14 135 136 138 141 144 148 152 153 156 158 164 168 170 172
22 137 139 140 142 143 146 150 151 152 153 154 155 157 160 161 165 167 169 171 172 173 174
15 135 136 139 145 147 153 154 155 158 163 164 168 171 172 173
22 135 136 138 148 149 150 152 154 156 157 158 159 160 161 164 165 166 167 168 169 171 173
19 136 137 142 144 145 148 150 154 157 160 162 163 164 166 167 168 169 170 174
15 136 137 142 143 144 149 150 153 154 160 162 166 167 169 170
18 136 137 140 141 144 145 148 149 152 157 160 162 164 166 167 168 169 172
13 135 143 147 149 154 155 156 157 162 164 166 170 171
23 136 137 138 139 145 147 148 149 151 152 153 154 155 156 157 158 161 166 167 168 169 170 173
15 135 139 142 143 146 148 152 156 158 159 162 167 168 172 174
13 137 139 140 141 142 148 149 152 156 167 171 172 174
13 136 138 142 144 146 149 151 156 158 159 161 168 174
25 135 136 140 145 146 148 149 151 152 153 154 156 158 159 161 162 163 164 165 166 167 168 170 172 174
18 138 139 140 141 142 145 147 148 150 155 156 158 160 161 162 167 169 174
14 140 141 143 148 152 153 159 161 162 165 166 169 170 173
14 139 140 143 146 152 154 157 160 161 164 170 171 172 174
26 136 138 140 141 142 143 146 148 149 150 151 152 153 155 156 157 158 159 161 164 167 168 169 171 172 174
13 140 141 143 152 155 157 164 165 166 169 172 173 174
15 140 141 142 144 145 154 156 157 159 162 166 170 171 172 174
17 136 137 139 144 145 152 154 157 159 160 161 165 168 169 170 172 173
14 137 138 139 146 147 148 150 151 154 157 162 166 171 174
17 136 139 143 144 147 148 151 156 158 161 162 166 167 168 170 172 174
22 138 140 141 144 146 147 148 151 155 156 157 158 159 160 164 165 167 169 170 172 173 174
24 135 136 137 141 143 144 145 149 150 151 152 153 155 156 158 159 162 163 164 166 167 169 170 174
14 136 137 142 145 146 147 151 153 157 159 163 166 171 173
24 135 136 138 139 141 143 146 150 151 153 155 157 160 161 162 163 165 166 168 169 170 171 172 174
16 135 136 137 138 148 153 155 157 158 162 165 166 167 168 169 171
27 135 137 138 139 140 141 144 145 146 148 150 151 152 153 154 156 159 160 162 163 165 166 168 170 171 172 173
25 136 137 138 139 140 141 143 147 148 149 150 151 152 155 159 161 162 163 164 166 167 168 171 172 173
23 135 136 137 140 141 143 148 151 153 154 155 156 157 158 160 163 164 166 167 168 169 170 173
23 135 136 138 139 142 143 147 148 149 152 153 154 156 160 163 165 166 167 168 169 171 172 174
18 137 142 144 146 147 149 151 154 156 157 159 163 166 167 168 169 170 173
13 136 137 144 146 152 156 157 163 164 165 166 167 171
23 135 136 137 142 143 145 149 150 151 153 156 158 161 162 163 165 166 167 168 169 170 172 174
20 135 136 138 140 142 143 144 145 148 153 154 156 157 161 162 164 166 167 173 174
26 137 138 139 140 141 142 145 146 147 148 149 150 151 152 154 157 158 160 161 162 163 164 165 167 170 174
24 135 136 137 139 142 143 146 147 148 155 157 158 159 160 162 163 164 165 166 167 168 171 172 174
20 135 136 138 140 143 144 145 147 149 152 154 155 158 159 161 164 165 167 168 174
24 135 136 138 139 140 141 142 143 146 147 149 151 152 155 156 158 161 162 163 164 167 168 169 172
16 136 137 138 140 142 148 150 151 153 155 156 158 159 164 171 174
17 136 138 139 143 144 148 154 155 157 159 160 164 165 167 169 172 173
24 136 139 140 141 143 144 147 148 151 152 153 154 157 158 159 160 161 162 163 166 168 170 172 174
17 135 136 140 142 143 147 149 151 152 155 156 158 159 164 170 171 172
19 136 141 143 145 146 151 153 156 158 159 164 165 166 167 168 169 171 172 174
12 135 138 143 149 154 158 159 163 166 169 170 172
13 139 140 144 147 148 149 152 153 157 159 160 162 168
15 139 140 142 143 145 152 153 154 158 160 161 163 165 167 172
26 137 138 139 140 141 142 143 144 145 146 148 149 151 152 154 155 157 159 161 163 164 167 168 170 172 174
22 135 138 142 144 146 149 151 153 154 155 156 158 160 161 163 166 169 170 171 172 173 174
14 135 141 143 148 149 152 155 157 159 161 165 166 167 170
12 137 139 140 141 146 148 157 161 162 167 169 173
17 135 137 138 142 143 146 147 151 152 154 157 163 165 167 168 169 170
25 137 138 139 140 141 142 144 146 147 148 149 153 154 155 156 157 160 163 164 165 166 167 169 172 174
16 135 136 138 144 145 147 150 151 154 157 158 162 163 164 165 166
12 139 149 154 155 156 157 159 160 163 169 170 174
25 135 138 139 140 141 142 143 146 148 149 150 151 154 155 156 157 158 161 162 163 169 170 171 172 173
23 135 138 139 141 144 145 146 147 149 151 153 155 156 158 160 162 163 165 167 168 169 172 174
16 135 136 140 142 143 145 147 149 150 151 159 163 165 166 167 169
17 135 136 142 145 148 149 150 155 156 158 161 162 163 166 170 171 174
17 135 142 145 146 147 148 149 153 157 159 160 162 163 165 169 172 173
20 137 138 139 140 142 143 144 146 150 152 153 154 155 159 163 165 167 168 172 173
23 137 138 139 140 143 145 146 148 151 152 153 155 160 161 162 163 164 167 169 171 172 173 174
15 137 139 141 144 148 151 152 153 154 157 161 163 165 168 169
15 135 138 142 144 146 147 148 154 155 158 159 163 164 173 174
19 136 138 144 146 147 148 152 153 154 155 157 158 159 160 162 165 166 171 174
17 136 137 141 144 145 146 147 148 150 155 156 163 164 166 169 172 174
15 137 138 140 141 144 148 152 153 155 160 163 164 166 168 174
17 137 138 140 141 145 148 151 152 157 158 160 162 163 164 165 166 168
13 137 138 143 144 145 146 152 155 156 160 163 167 171
15 137 139 141 142 143 145 149 153 154 155 160 163 164 168 174
25 135 138 140 141 142 143 145 146 148 150 151 152 153 154 155 158 160 163 164 165 167 168 169 171 174
22 135 136 138 140 142 143 146 147 149 151 153 156 157 158 159 160 163 165 167 169 171 174
17 137 138 141 144 145 146 148 149 151 156 159 160 161 162 163 166 174
12 139 147 150 151 153 156 159 163 165 167 169 174
21 135 136 137 139 140 141 143 144 145 148 154 156 157 159 160 163 164 165 171 172 174
15 145 152 153 154 155 157 158 159 162 163 164 165 166 169 171
15 135 137 139 143 144 146 149 150 155 156 158 159 163 165 173
18 136 141 142 143 144 146 147 148 151 155 159 163 165 167 170 172 173 174
24 135 136 137 139 141 142 143 144 147 148 149 152 153 156 157 158 160 161 163 165 166 168 169 173
23 135 137 138 140 141 142 146 147 148 149 150 153 154 157 158 160 161 162 163 167 168 170 172
23 136 138 139 140 142 144 145 147 148 150 152 153 154 157 161 162 164 166 168 169 170 172 173
15 135 141 143 144 149 154 155 156 157 159 162 164 169 170 173
24 137 139 140 141 142 145 146 148 149 150 153 154 156 157 158 159 160 161 163 164 165 168 170 173
22 135 137 139 143 144 145 146 147 152 153 154 155 159 161 164 165 167 168 169 170 172 174
19 135 138 140 145 147 151 153 157 159 160 161 164 165 166 168 169 170 173 174
20 137 142 143 144 145 146 149 150 151 153 154 156 157 160 161 163 164 169 171 174
15 142 144 145 147 152 153 155 157 159 161 162 168 172 173 174
25 135 136 137 138 140 142 145 146 147 148 150 151 154 156 157 160 163 164 165 168 169 170 172 173 174
27 135 137 138 140 142 144 145 147 151 152 153 156 157 158 159 161 163 164 165 166 167 168 169 170 171 172 173
13 137 142 143 147 150 151 155 157 164 165 171 172 173
27 135 136 137 138 140 142 145 146 147 149 150 152 153 155 156 158 159 160 161 162 163 164 166 169 171 172 174
23 136 137 138 140 141 148 149 150 152 153 155 156 157 158 162 163 164 165 166 168 169 170 173
15 139 145 147 152 154 158 159 162 165 166 167 168 169 173 174
16 135 137 139 140 141 144 145 150 155 157 158 159 160 164 165 168
18 137 138 143 145 146 150 151 153 155 157 158 159 160 162 165 168 171 174
14 135 136 137 138 139 144 149 151 152 155 157 164 165 167
16 135 138 141 144 145 149 152 153 154 156 157 165 166 170 171 174
26 135 136 137 138 140 145 146 148 149 150 151 152 154 155 156 157 159 160 162 163 165 167 168 169 170 174
21 136 137 140 141 143 144 145 147 149 150 152 156 158 161 163 166 169 171 172 173 174
21 136 139 141 142 143 145 149 150 152 153 154 155 157 158 159 162 163 164 165 168 171
19 135 138 139 142 143 146 147 148 152 153 156 158 159 160 161 164 168 171 172
20 138 139 140 142 145 146 147 150 151 152 154 156 159 161 165 167 170 171 173 174
24 136 141 142 143 144 145 148 149 150 151 152 153 154 156 157 158 160 161 162 163 165 167 170 173
21 135 136 140 141 143 144 146 147 148 149 150 157 158 159 161 163 164 167 168 171 173
19 135 138 141 142 143 145 146 150 152 153 155 158 162 164 165 166 168 169 173
13 135 138 140 148 149 150 155 159 165 166 168 172 174
18 137 138 141 143 144 150 151 153 155 160 161 162 164 166 169 170 173 174
16 137 140 142 145 146 147 148 150 153 155 156 158 162 164 169 170
14 138 140 141 142 145 149 151 153 155 156 159 161 163 174
14 144 145 151 154 158 159 160 161 163 164 165 166 167 173
20 135 136 145 146 147 148 149 151 152 154 156 157 159 160 161 162 164 166 168 173
15 137 138 139 141 143 145 146 151 153 155 156 161 164 173 174
18 135 139 141 142 144 146 147 148 149 151 153 155 157 161 163 165 166 174
24 135 136 137 139 140 142 145 146 148 149 150 151 155 156 158 163 164 165 166 167 169 171 172 174
25 135 136 138 139 141 143 145 146 148 149 150 151 152 153 156 159 163 164 166 168 170 171 172 173 174
16 141 144 145 147 148 149 151 153 155 158 161 162 163 165 171 172
15 136 137 139 140 144 146 149 153 155 156 158 159 165 170 173
14 136 137 139 140 146 147 154 155 156 165 170 171 173 174
18 142 146 147 148 151 152 154 156 158 159 160 162 163 165 166 167 170 173
14 135 136 137 142 148 150 152 153 156 163 164 165 166 167
13 136 139 140 143 145 146 147 157 163 166 167 169 174
26 135 137 138 140 141 142 143 145 146 148 150 151 152 153 154 155 158 159 160 161 163 164 166 168 173 174
19 135 136 138 139 140 143 147 149 150 151 156 160 163 165 167 168 171 172 173
13 135 137 141 144 146 147 152 155 160 164 166 168 172
12 137 143 145 146 150 155 157 158 168 169 170 171
24 135 136 140 142 143 144 147 149 151 154 155 156 158 160 161 163 164 165 166 167 168 169 173 174
27 135 136 139 140 141 143 147 148 149 151 152 153 155 156 157 158 159 162 163 164 165 167 169 170 171 172 174
22 135 137 139 141 144 145 146 149 150 151 152 153 154 155 156 159 160 163 165 169 170 172
13 136 142 143 145 147 152 153 157 159 163 164 165 170
19 135 136 138 139 143 144 146 149 150 151 154 156 157 159 160 162 165 166 173
20 135 136 139 140 145 146 147 148 151 152 154 156 158 159 162 165 166 170 171 172
15 135 136 139 141 150 157 162 163 164 165 167 171 172 173 174
13 135 139 142 152 153 158 159 164 165 166 167 168 172
22 135 136 138 139 141 142 145 146 147 149 151 152 153 154 157 159 162 164 165 169 171 173
26 136 137 138 139 140 141 145 147 148 150 152 153 154 155 157 160 161 162 164 165 167 168 170 171 173 174
25 135 136 137 138 140 143 144 145 146 148 149 150 152 154 156 158 160 164 165 166 168 169 171 172 173
27 135 136 137 140 141 142 145 146 147 148 151 152 153 154 155 156 158 159 161 162 163 164 165 166 167 168 174
16 135 136 138 139 141 142 148 152 158 160 163 165 166 169 170 173
16 137 139 141 142 146 147 149 151 153 160 163 164 166 167 170 171
17 137 139 140 141 142 144 145 146 148 149 156 157 162 164 166 171 174
22 135 136 139 140 143 144 146 147 148 150 152 154 155 156 158 159 161 163 165 166 171 174
13 137 144 148 149 150 155 156 157 158 165 172 173 174
25 135 136 137 138 139 141 143 144 146 147 148 149 150 154 156 161 162 164 166 169 170 171 172 173 174
18 135 137 138 139 141 142 144 147 148 153 154 155 160 162 165 168 171 173
20 136 137 139 140 141 142 143 145 147 148 157 158 163 164 167 168 169 170 172 174
14 136 138 140 147 151 153 158 160 162 163 164 166 171 174
19 136 138 142 143 145 146 147 149 150 151 154 155 158 161 162 165 166 169 172
25 135 137 139 140 141 142 143 146 147 148 149 150 152 153 155 156 157 158 160 161 163 164 167 168 171
24 135 139 140 142 143 146 147 148 151 154 155 156 158 159 160 162 163 166 169 170 171 172 173 174
15 135 139 140 142 143 148 149 151 154 156 159 160 161 162 163
27 136 137 138 142 143 144 145 146 147 148 151 153 156 157 158 159 161 162 163 165 166 167 168 170 171 173 174
19 135 136 137 141 143 144 146 150 159 160 161 162 165 166 167 168 170 171 173
25 135 136 137 138 142 143 144 145 149 150 151 153 157 158 159 160 164 165 168 169 170 171 172 173 174
16 135 137 138 148 150 153 154 155 157 158 159 164 165 172 173 174
27 139 141 142 144 148 149 150 151 152 153 154 156 157 158 159 160 161 162 163 164 165 168 169 170 171 173 174
14 138 139 144 147 148 149 152 154 155 156 157 161 165 171
18 135 143 147 148 149 151 152 153 158 161 164 165 167 168 171 172 173 174
17 137 140 141 143 148 152 153 155 156 158 159 161 164 166 170 171 172
19 135 136 137 138 140 141 142 146 148 150 152 153 154 160 163 168 170 173 174
23 135 136 137 138 142 143 145 146 147 149 150 151 153 155 156 158 160 162 166 167 168 170 173
15 137 140 142 144 145 146 147 149 154 155 156 161 169 171 173
20 136 137 138 139 142 144 145 151 155 156 158 159 162 164 165 166 167 168 169 173
17 138 139 140 141 142 143 146 152 156 158 161 164 165 167 170 172 173
13 136 137 138 139 142 143 148 156 159 164 166 167 169
16 136 138 140 144 145 146 148 150 151 156 158 162 165 166 167 171
16 135 140 143 150 152 153 155 156 157 161 162 164 165 166 170 171
25 135 136 137 138 140 141 143 145 148 150 151 153 154 159 161 162 163 166 167 168 169 170 172 173 174
27 136 137 138 140 141 143 144 146 148 149 150 151 152 155 157 159 160 161 162 163 164 165 167 168 169 170 174
