227 1269
47 1 2 3 4 5 6 7 8 9 10 11 12 13 14 15 16 17 18 19 20 21 22 23 24 25 26 27 28 29 30 31 32 33 34 35 36 37 38 39 40 41 42 43 44 45 46 47
16 1 3 4 8 13 22 29 30 31 35 36 37 40 42 45 46
16 1 4 5 6 9 16 18 19 20 23 24 28 35 36 43 44
23 3 9 10 15 16 20 21 22 23 25 26 27 28 30 31 34 36 38 39 41 43 45 47
19 1 3 6 7 8 12 13 19 26 27 28 29 32 35 37 38 42 46 47
15 1 3 7 12 15 20 28 29 30 32 38 40 41 42 43
30 1 2 3 4 5 6 7 8 9 10 11 13 17 18 20 21 22 23 25 27 28 32 34 36 39 40 41 42 44 45
28 3 6 11 12 13 17 19 21 23 24 25 27 28 29 30 31 32 35 36 39 40 41 42 43 44 45 46 47
14 1 2 7 8 9 10 11 16 22 37 41 44 45 47
37 1 3 5 6 7 10 11 12 14 15 16 18 19 21 22 23 24 25 26 27 29 30 32 33 34 35 36 37 38 39 40 41 42 43 45 46 47
28 5 6 8 9 11 12 13 15 16 18 20 21 22 24 27 28 29 30 34 35 36 37 40 42 43 44 45 47
14 9 10 20 23 24 27 30 33 35 38 42 43 45 47
24 2 4 5 8 9 11 12 13 14 16 17 25 27 28 31 34 35 37 38 39 40 41 42 47
14 5 6 10 11 12 15 20 26 29 31 38 40 44 46
37 1 2 3 5 7 8 9 10 13 14 16 17 18 19 20 21 22 23 24 25 26 27 29 30 31 32 33 34 35 36 38 39 40 41 43 45 47
32 1 3 6 7 8 9 12 13 14 15 17 18 19 21 22 24 25 26 28 31 33 34 36 38 39 40 41 42 43 45 46 47
30 3 4 5 6 8 10 15 17 20 21 23 24 26 27 28 29 30 33 35 36 37 38 39 40 42 43 44 45 46 47
36 1 2 3 4 5 6 7 8 11 12 13 14 17 18 19 20 21 22 23 24 26 27 28 30 32 33 36 37 38 39 41 42 43 44 45 46
25 1 2 4 5 6 10 11 12 13 14 17 19 20 23 24 25 27 29 33 35 36 39 41 42 45
31 1 2 4 5 6 8 10 11 13 14 15 16 17 19 20 21 22 23 25 28 30 32 34 36 38 40 41 44 45 46 47
29 1 4 5 6 8 9 10 13 18 19 21 22 24 25 26 27 28 29 30 32 34 35 36 37 39 41 42 44 47
28 6 7 9 15 16 17 18 20 22 23 24 25 26 27 28 30 31 32 33 34 35 40 41 42 43 45 46 47
34 2 4 7 8 9 10 11 12 13 14 16 17 18 21 22 24 26 27 28 30 32 33 34 35 36 37 39 40 41 42 43 45 46 47
22 1 2 4 10 11 15 17 19 20 21 24 26 28 29 32 34 36 37 38 39 44 46
14 2 3 4 8 10 12 25 31 34 36 40 42 43 45
15 1 2 5 6 11 12 13 14 16 26 32 37 42 44 47
22 1 4 5 6 7 8 13 17 18 19 21 22 23 26 28 30 31 34 37 38 42 43
17 1 2 6 7 8 9 16 19 20 22 23 24 26 29 38 39 47
26 1 3 7 9 12 14 15 16 17 18 20 24 26 27 28 30 31 33 34 35 37 38 41 42 43 44
23 1 3 4 5 6 9 11 13 16 17 18 22 23 24 25 26 27 30 36 38 39 46 47
35 1 2 4 5 8 9 10 11 12 13 15 16 17 19 20 21 23 24 25 26 27 28 29 30 31 32 33 35 36 37 38 39 41 42 44
18 2 3 4 5 6 12 13 14 15 16 19 25 26 27 33 38 44 47
24 1 2 3 6 7 8 11 13 14 15 18 21 25 27 28 30 33 34 36 38 39 41 45 47
24 1 3 4 7 8 10 11 12 14 15 16 21 23 25 26 27 29 31 33 34 35 38 39 42
15 4 5 7 8 9 10 13 15 20 23 24 31 36 40 43
18 2 3 6 10 13 14 15 20 21 25 26 27 28 32 37 38 43 46
16 2 7 9 11 19 20 21 23 25 26 30 32 35 36 38 45
36 1 3 5 6 7 8 9 11 12 13 14 15 16 19 21 22 24 25 26 27 28 29 30 31 32 33 34 37 38 40 41 42 43 44 45 47
36 1 2 3 4 7 8 9 10 11 13 14 15 16 17 18 21 22 23 24 25 26 27 28 29 30 31 32 34 35 36 40 41 43 44 46 47
24 2 4 5 6 7 9 15 18 19 23 24 25 28 30 31 32 33 35 38 40 41 42 44 46
15 6 9 12 14 20 24 25 28 30 33 35 38 40 42 46
28 2 3 5 6 9 10 14 18 19 20 25 26 27 28 29 30 31 34 35 36 37 38 39 41 42 43 44 45
24 1 2 4 7 9 12 14 20 23 24 25 26 28 30 32 34 36 38 39 41 42 44 46 47
32 1 2 5 6 7 9 10 11 12 13 14 16 18 19 20 23 24 27 28 30 33 34 35 36 38 39 40 41 44 45 46 47
27 1 2 3 4 5 6 9 10 11 13 15 16 18 20 22 27 30 31 33 34 35 37 38 41 42 45 46
26 2 7 9 11 13 14 15 19 22 23 24 25 26 28 29 30 34 36 38 39 40 41 42 44 45 46
33 3 4 5 6 7 10 11 12 13 14 15 16 18 19 20 21 25 26 27 29 30 33 34 35 37 38 39 40 41 44 45 46 47
24 1 2 6 10 11 12 14 16 18 19 20 22 26 28 30 32 33 34 35 39 41 43 45 47
23 1 2 4 6 7 9 12 13 14 15 16 17 21 22 23 36 39 40 41 42 44 45 46
36 1 2 3 4 6 7 8 10 11 13 14 15 16 17 18 19 20 21 23 24 25 27 28 29 31 32 37 38 39 40 42 43 44 45 46 47
32 1 4 5 6 8 9 10 11 12 13 14 16 19 20 21 22 24 26 28 29 31 32 33 34 35 38 39 40 41 42 45 46
24 1 2 4 5 6 7 9 10 13 14 19 22 24 26 27 28 29 30 32 35 38 40 44 45
21 7 10 11 13 16 18 20 21 22 23 24 25 27 29 30 34 37 39 40 42 43
20 2 3 4 8 11 12 15 18 20 21 25 27 28 29 37 39 40 42 44 46
33 2 3 5 7 8 9 10 11 12 13 14 15 16 17 18 19 23 25 26 27 28 30 31 33 34 35 36 37 39 42 43 44 45
22 1 2 3 4 6 10 12 13 14 15 16 17 18 24 28 32 33 34 36 39 41 44
33 2 4 5 6 7 8 9 11 12 13 14 15 17 18 19 20 22 24 25 26 27 28 29 30 31 32 33 34 42 43 45 46 47
27 2 3 4 5 7 8 11 12 13 14 17 18 19 21 23 27 30 31 33 35 36 37 38 40 41 42 47
31 1 2 4 5 6 8 14 16 17 18 19 22 23 24 25 27 29 30 31 32 34 36 37 38 39 40 41 42 44 45 47
19 1 3 4 5 12 15 17 19 20 22 25 26 31 34 35 36 39 40 44
35 1 2 3 7 9 10 11 12 13 15 16 18 19 21 23 24 25 26 27 28 29 30 32 34 36 37 38 39 40 41 42 43 44 46 47
59 48 49 50 51 52 53 54 55 56 57 58 59 60 61 62 63 64 65 66 67 68 69 70 71 72 73 74 75 76 77 78 79 80 81 82 83 84 85 86 87 88 89 90 91 92 93 94 95 96 97 98 99 100 101 102 103 104 105 106
45 48 51 52 53 54 55 56 57 58 59 60 61 62 64 65 67 68 69 70 71 73 74 75 76 78 80 81 82 84 85 86 87 88 89 90 91 93 95 96 98 99 100 102 104 106
32 48 49 50 52 54 55 57 58 59 64 66 67 68 72 73 79 83 85 88 89 90 91 92 94 95 97 98 99 100 101 103 105
20 49 51 52 55 57 58 62 63 65 74 75 77 78 83 89 93 94 96 97 98
35 48 49 50 51 52 53 54 56 58 59 61 65 66 67 69 70 71 72 76 77 80 81 84 86 89 90 93 96 97 99 100 102 104 105 106
38 50 53 54 55 56 57 58 60 61 62 63 64 66 67 69 70 71 72 73 75 77 80 81 83 84 85 86 87 90 92 94 96 97 99 100 102 103 105
39 48 50 52 53 54 55 57 58 59 60 61 65 66 69 71 72 73 74 75 76 79 80 81 83 84 85 87 88 90 91 93 94 95 96 97 99 100 103 104
33 49 50 51 52 53 55 57 59 60 62 64 65 67 68 70 72 74 79 80 81 83 84 86 89 90 91 93 94 96 97 100 103 104
30 49 50 52 53 54 57 63 65 66 67 69 73 74 77 78 80 81 82 83 85 88 89 93 94 96 97 98 100 103 106
30 51 52 54 56 57 58 59 62 69 70 71 72 75 78 83 85 86 87 89 92 94 95 96 98 99 100 101 102 104 105
43 49 50 51 52 53 54 55 56 59 60 61 62 64 65 66 68 69 71 73 75 78 80 81 82 83 84 85 87 88 89 90 92 93 94 95 98 100 101 102 103 104 105 106
24 48 49 52 56 57 58 60 63 66 67 69 74 78 80 81 82 85 88 89 90 96 100 102 106
30 48 52 57 60 61 63 64 65 66 68 69 72 74 76 77 79 81 88 89 90 91 92 94 95 98 99 101 102 104 105
26 49 50 51 52 54 58 59 63 66 69 74 77 78 81 82 84 85 86 87 89 93 94 98 100 102 105
40 48 49 50 51 52 53 55 57 58 63 64 65 66 67 69 70 71 72 73 74 79 80 83 84 86 87 88 89 90 92 93 94 95 96 97 98 99 100 101 102
39 49 51 53 54 55 56 57 59 62 63 64 66 67 68 70 71 72 73 75 76 77 78 81 84 90 91 92 93 94 95 96 97 99 100 101 102 103 105 106
47 48 49 50 51 54 56 57 58 59 61 62 63 64 65 66 67 68 69 70 71 72 73 74 75 76 78 81 84 85 86 87 88 91 92 93 94 95 96 97 98 99 100 101 102 104 105 106
25 50 52 56 57 58 60 61 62 64 67 68 69 81 82 83 86 90 91 93 94 96 101 102 103 104
37 48 49 50 51 52 57 58 60 61 62 63 65 67 68 71 72 73 74 75 76 78 82 83 84 85 86 88 89 91 92 93 97 100 101 102 105 106
26 49 52 56 58 59 60 64 66 67 68 69 73 75 78 79 80 84 87 89 90 91 92 93 97 98 101
37 49 51 53 54 55 56 57 58 60 61 63 64 65 66 67 69 70 72 76 81 82 85 86 89 91 93 94 95 97 98 99 100 101 102 103 104 105
36 48 49 50 51 54 59 60 61 62 63 64 73 74 75 76 77 78 79 80 82 85 86 87 88 90 93 94 96 97 98 99 100 102 103 104 106
32 48 49 52 53 56 58 59 65 67 69 73 74 75 76 79 80 82 84 85 88 89 90 92 93 94 97 98 99 100 101 102 106
43 50 51 53 54 55 56 57 58 59 60 61 62 64 66 67 68 70 71 75 77 79 80 81 82 83 84 85 88 89 91 92 93 94 95 96 97 98 99 101 103 104 105 106
30 49 50 51 52 53 55 56 57 58 59 62 64 73 74 75 76 79 81 82 84 85 86 87 92 94 95 97 98 102 104
26 49 51 53 54 55 59 71 72 73 74 75 77 78 80 82 83 87 88 89 90 95 97 98 101 103 105
24 49 51 54 56 57 58 59 60 62 64 66 67 70 80 84 88 90 91 92 93 97 98 99 101
41 49 50 51 52 53 54 55 56 58 59 60 61 62 63 64 66 68 69 70 71 72 74 76 77 78 79 80 81 82 84 86 88 91 93 94 95 98 99 102 105 106
30 49 50 51 55 56 57 59 62 65 67 69 72 74 75 76 77 79 80 81 85 87 88 90 91 92 93 96 101 102 105
30 48 49 52 53 55 56 57 58 59 61 62 63 64 65 68 77 81 82 83 84 85 86 87 89 90 94 100 102 104 106
28 50 51 54 55 57 59 60 62 64 65 67 68 71 72 73 74 77 83 86 87 88 89 93 94 97 98 100 101
22 48 52 55 56 64 65 67 69 77 78 80 82 83 84 90 91 92 93 95 96 97 99
47 48 50 51 52 53 54 56 58 59 60 61 62 63 64 65 66 67 68 69 70 72 73 74 75 76 78 79 80 82 83 84 85 86 87 90 91 92 94 98 99 100 101 102 103 104 105 106
38 48 49 51 53 54 56 57 59 60 61 63 64 66 67 68 69 71 74 75 76 77 78 79 81 82 83 84 85 86 91 92 94 96 97 100 102 103 105
35 49 50 54 57 58 59 60 61 62 65 67 70 72 77 78 79 80 82 83 84 85 87 88 89 91 94 97 98 100 101 102 103 104 105 106
42 48 49 51 52 54 57 59 60 61 62 63 64 65 66 67 68 70 71 72 73 76 77 80 81 85 86 88 89 90 92 93 94 95 96 98 100 101 102 103 104 105 106
22 50 52 53 57 59 62 63 64 65 69 75 77 78 79 84 85 92 96 99 101 103 106
29 51 53 55 58 59 60 61 64 66 67 68 71 72 73 75 78 80 82 83 84 86 87 89 92 99 100 103 105 106
46 48 49 50 51 52 53 54 55 59 60 61 62 63 64 65 66 67 68 69 71 72 73 74 75 76 79 80 81 83 84 85 86 87 88 89 91 92 93 94 96 97 98 99 102 103 104
28 48 49 50 53 54 55 59 64 66 68 69 71 73 74 76 78 81 86 90 92 94 95 97 98 101 102 103 106
21 50 51 52 54 55 56 57 60 62 71 72 77 80 82 88 91 94 95 99 103 106
19 49 54 61 62 65 68 80 81 84 88 89 94 95 96 99 100 103 105 106
25 48 49 50 52 53 55 58 61 62 64 69 76 78 83 87 90 92 94 95 96 97 99 102 104 105
28 48 50 52 53 54 56 57 58 61 62 68 69 71 72 74 76 79 82 83 86 87 90 92 95 96 100 103 106
19 48 56 58 59 63 70 75 78 81 83 85 92 93 94 97 99 103 104 106
18 53 58 60 64 73 75 78 79 80 81 86 88 90 91 96 97 101 103
27 107 108 109 110 111 112 113 114 115 116 117 118 119 120 121 122 123 124 125 126 127 128 129 130 131 132 133
14 107 108 109 112 113 115 116 121 122 124 125 126 127 133
12 108 110 113 115 117 118 121 123 124 127 129 131
21 107 109 111 113 114 115 116 117 119 120 121 122 123 124 125 127 128 129 130 131 132
10 109 110 112 113 117 120 121 124 126 132
11 109 110 112 113 115 117 118 119 122 123 126
17 107 108 109 111 112 113 114 118 119 120 122 123 125 126 127 130 131
17 107 108 109 112 113 116 117 119 120 121 124 127 128 129 130 131 132
9 107 109 113 117 120 125 127 128 132
18 108 109 110 112 113 115 116 117 119 120 121 122 123 124 125 129 130 131
17 107 110 111 112 113 116 119 120 122 123 124 127 128 129 130 132 133
21 109 111 112 113 114 115 116 119 121 122 123 124 125 126 127 128 129 130 131 132 133
11 107 111 113 114 117 121 122 126 128 130 131
17 108 109 111 112 113 114 115 119 120 122 123 124 125 128 130 131 132
16 108 109 111 112 113 114 116 117 119 120 122 127 128 129 130 133
10 108 110 116 120 123 124 125 126 127 128
17 107 110 111 112 114 115 116 117 118 121 123 124 126 128 129 130 133
18 108 110 111 114 115 117 118 119 120 121 123 124 126 127 130 131 132 133
16 107 108 112 113 114 115 117 118 120 124 126 127 128 130 132 133
20 107 109 110 111 112 113 114 115 116 117 119 120 121 124 125 127 128 130 131 132
20 108 110 111 112 116 117 118 119 120 121 123 124 125 126 127 129 130 131 132 133
17 108 109 110 111 112 113 114 120 121 123 124 125 127 128 129 131 132
14 107 108 110 111 114 115 118 119 122 125 126 127 128 129
19 107 109 110 111 112 114 115 116 117 118 119 120 122 125 126 127 128 129 131
9 110 112 113 116 118 120 123 127 133
18 107 109 110 111 112 113 116 117 118 119 120 123 124 125 126 127 130 132
11 108 109 111 115 119 125 126 128 130 131 133
14 110 113 114 115 117 118 120 121 123 128 130 131 132 133
16 107 108 110 112 114 115 116 118 121 122 123 127 130 131 132 133
9 118 120 122 125 126 127 129 131 133
14 108 109 110 112 113 114 116 119 122 126 127 128 131 133
15 107 109 111 112 114 115 118 120 121 124 127 130 131 132 133
14 107 110 115 116 118 119 120 124 126 128 129 130 131 133
18 107 110 113 114 115 116 117 118 119 120 121 122 123 125 128 129 131 132
19 107 110 113 114 115 116 117 119 121 122 123 125 126 127 128 129 130 131 132
20 107 108 109 110 111 113 114 116 117 119 120 121 123 124 125 126 128 131 132 133
10 107 114 116 117 118 120 122 126 129 131
20 108 110 112 113 114 115 117 118 119 120 121 122 123 124 125 126 128 129 132 133
9 111 114 115 116 118 120 123 131 132
14 108 109 113 115 118 121 122 123 126 127 128 130 131 132
11 110 112 114 115 116 117 120 122 128 129 131
15 108 110 112 113 114 115 116 120 121 124 125 128 129 130 131
9 109 111 117 119 122 126 127 128 129
17 107 108 113 114 115 116 118 119 121 122 124 125 129 130 131 132 133
21 107 108 109 110 111 112 113 116 117 119 120 121 122 123 124 128 129 130 131 132 133
16 107 108 109 112 114 115 119 120 122 125 126 127 128 129 130 132
11 113 117 120 122 123 124 126 127 128 129 130
13 109 110 114 116 118 119 121 122 123 128 129 132 133
8 108 115 117 119 120 124 126 127
12 111 113 114 115 117 118 119 126 127 128 129 133
17 107 108 111 112 113 114 116 117 120 121 122 123 124 128 129 131 133
10 107 108 109 111 112 117 118 127 128 130
9 111 115 117 119 122 123 126 127 133
19 107 109 112 113 114 117 118 119 120 121 123 124 125 126 128 129 130 131 132
10 109 110 112 117 119 123 127 128 130 133
10 112 113 120 122 124 125 126 130 132 133
19 109 110 111 113 114 115 116 117 120 121 122 123 124 126 128 129 131 132 133
19 107 108 109 110 111 112 116 119 120 121 122 123 127 128 129 130 131 132 133
14 109 111 112 113 115 116 118 119 121 122 127 128 130 131
19 107 108 110 111 112 113 114 115 116 117 119 121 122 123 128 129 130 131 132
15 109 111 112 113 114 115 116 117 119 121 122 123 126 128 130
10 109 110 113 115 117 119 127 128 132 133
16 107 108 110 111 112 113 116 119 120 123 125 126 128 129 131 132
9 108 111 118 121 123 124 125 126 129
15 108 109 112 114 118 119 120 121 122 123 125 126 127 128 130
17 107 109 112 113 114 115 117 118 119 120 121 125 126 127 128 131 132
12 107 110 114 116 119 121 124 125 126 129 131 133
11 107 112 113 116 117 118 119 120 125 127 132
18 110 111 112 113 114 115 116 119 121 122 123 125 126 127 128 131 132 133
12 107 110 111 113 114 116 119 121 124 126 131 133
14 107 108 109 111 114 120 121 122 123 124 126 127 128 131
8 107 108 110 111 118 126 127 129
14 111 113 114 115 118 120 121 122 124 126 127 128 130 132
19 107 109 110 111 112 114 115 116 117 118 119 120 122 123 125 126 127 129 132
19 108 109 111 114 115 116 117 118 120 122 124 125 126 127 128 129 130 131 133
16 107 109 112 116 117 118 119 120 123 124 125 126 129 131 132 133
13 108 109 111 112 119 120 121 122 123 126 127 131 133
21 109 112 113 114 115 116 117 118 119 120 121 122 123 125 126 127 129 130 131 132 133
14 108 112 115 117 118 119 120 121 122 124 125 129 130 133
16 139 142 148 151 152 156 160 165 168 170 178 180 182 184 202 203
49 134 136 138 139 140 141 142 143 144 145 146 147 148 152 153 154 155 159 160 162 163 164 165 166 167 169 170 171 172 177 178 180 183 184 185 187 188 191 192 193 194 195 197 198 201 202 204 205 206
45 135 136 140 142 143 144 147 149 150 151 155 156 157 158 159 161 162 163 164 165 166 167 168 169 172 173 176 178 181 182 183 184 187 189 190 192 193 195 197 198 199 202 204 205 206
21 137 139 142 147 153 159 160 163 166 171 173 177 178 183 184 186 193 199 201 202 206
29 137 142 144 148 149 150 154 155 157 161 162 164 165 169 172 181 182 183 185 186 187 191 192 193 194 199 202 204 205
31 134 135 136 139 142 144 148 150 152 154 159 163 165 170 171 172 174 175 176 180 183 185 187 190 193 194 201 204 205 206 207
28 134 135 137 138 152 154 157 160 162 169 171 176 179 181 182 184 185 186 187 188 190 192 194 195 199 201 202 203
34 134 136 142 147 148 150 156 157 161 164 165 166 169 171 173 176 177 179 181 184 189 192 193 194 195 196 197 198 199 202 203 204 205 206
15 139 148 155 156 158 159 164 170 173 183 191 197 198 200 207
21 134 140 147 152 155 156 157 160 161 162 163 166 176 179 186 189 194 197 198 199 207
30 134 135 140 142 144 147 150 151 152 153 156 157 160 162 171 175 176 177 179 180 182 183 185 189 191 194 195 196 197 206
22 134 136 137 142 143 148 151 154 155 160 162 164 165 166 174 183 185 188 192 195 199 202
28 136 138 141 142 143 145 146 148 149 158 165 170 171 174 175 177 178 180 182 187 188 190 191 192 193 195 200 206
22 136 142 147 148 152 154 160 169 170 177 178 181 182 183 184 187 189 190 193 199 204 207
25 137 138 139 144 145 148 149 155 156 157 164 165 167 171 173 176 177 188 191 197 198 201 202 205 206
22 134 135 136 138 141 152 153 156 160 163 168 170 171 174 176 179 189 190 196 198 201 206
25 135 137 149 150 151 156 157 158 161 168 173 174 175 176 179 181 182 186 189 190 196 199 200 203 207
19 134 135 140 143 146 160 163 168 172 174 175 181 182 183 186 192 199 200 203
9 139 144 148 153 176 183 191 196 199
32 135 138 141 144 149 153 158 168 169 170 171 172 173 175 177 178 180 181 182 184 186 190 193 194 196 198 200 201 204 205 206 207
22 135 141 145 151 154 155 159 160 161 166 170 171 181 182 186 187 190 191 193 195 202 203
16 134 140 148 149 150 154 155 162 165 174 179 182 185 197 200 203
25 135 141 142 147 151 152 153 155 156 158 159 160 163 166 178 179 181 184 185 188 189 194 196 206 207
19 136 141 142 147 150 151 152 153 158 159 161 169 185 187 193 194 196 204 207
14 136 143 144 152 157 164 169 176 187 188 190 196 204 207
52 134 135 137 138 139 140 141 143 144 145 146 149 150 151 153 155 156 157 158 159 161 162 163 164 165 166 167 168 171 172 173 174 175 176 179 180 185 186 188 191 192 194 195 196 197 198 200 201 202 203 205 206
11 154 162 166 170 178 179 180 184 189 190 195
40 135 136 137 140 141 143 149 150 151 153 155 156 159 161 162 163 165 167 168 169 171 172 174 175 176 180 182 185 186 187 191 192 193 194 196 199 201 202 203 205
22 137 140 142 146 148 149 151 155 157 159 160 175 177 181 182 183 184 185 187 196 200 205
44 134 135 136 137 138 139 142 143 144 147 149 150 155 158 159 160 161 162 163 164 166 167 168 172 173 181 182 183 185 187 188 189 192 194 195 196 197 198 199 201 202 203 205 207
19 141 147 163 165 166 167 168 169 170 172 174 180 190 191 194 199 202 203 207
30 140 141 145 146 148 151 152 153 154 156 157 165 169 170 171 174 175 176 177 178 179 180 184 186 190 191 193 200 204 206
25 135 137 139 144 150 151 153 154 159 164 167 168 169 172 173 181 183 184 185 196 201 202 203 204 205
37 136 140 145 146 147 151 152 154 155 156 157 160 161 163 164 167 168 170 171 172 177 181 184 185 186 187 188 189 190 192 193 194 197 200 202 205 207
23 135 138 141 145 146 151 156 158 161 167 168 170 172 175 180 181 189 191 192 194 195 198 205
29 134 137 138 139 141 145 146 148 152 153 154 160 170 171 174 175 177 179 180 185 186 188 191 194 196 200 201 203 207
41 134 135 136 137 140 143 146 148 151 153 154 155 157 159 160 162 164 166 168 169 171 172 173 174 175 176 180 183 185 187 188 190 191 193 195 196 197 199 201 206 207
27 134 137 138 140 142 143 146 148 157 162 164 167 168 169 172 173 174 176 177 178 183 189 192 196 197 204 207
16 136 140 147 158 160 162 164 167 170 171 175 177 183 187 188 197
20 139 140 145 146 147 150 152 156 157 159 161 163 167 176 179 187 189 191 197 203
9 139 140 141 151 167 178 182 190 201
26 134 136 139 141 142 151 154 155 156 158 161 162 163 177 178 181 183 187 189 193 194 195 198 199 204 207
15 135 137 140 144 145 149 160 164 165 168 172 190 201 202 206
25 136 143 146 148 149 154 155 159 165 167 168 173 174 184 186 187 188 192 193 198 199 200 202 204 205
14 138 148 152 153 159 166 167 169 171 179 180 185 191 203
23 139 140 143 145 146 147 151 158 159 166 167 173 175 177 178 180 184 188 195 197 200 203 207
27 136 140 141 144 145 147 149 161 162 163 171 176 186 187 190 193 194 195 197 198 199 200 201 204 205 206 207
34 134 138 139 142 144 145 146 147 148 152 154 157 158 160 164 166 170 173 177 178 179 181 183 184 188 189 190 195 197 198 200 204 206 207
43 137 138 140 141 143 145 146 147 149 151 153 155 156 157 158 160 161 162 164 166 167 168 169 173 177 178 179 181 182 184 186 188 189 191 192 195 196 197 198 199 200 202 203
29 134 136 138 140 141 143 144 145 150 151 155 163 166 167 168 169 177 184 187 188 189 191 193 195 196 200 203 204 207
45 135 137 139 142 146 147 148 149 152 153 154 156 157 158 159 160 161 162 164 165 170 171 172 173 174 175 176 178 179 180 181 182 183 185 186 190 192 194 197 198 199 201 202 205 206
16 136 142 143 144 153 167 168 171 185 188 189 197 198 199 201 206
29 134 137 140 145 146 147 148 149 151 156 157 158 160 161 162 163 164 166 173 176 179 181 191 192 193 194 203 205 207
25 136 139 144 147 149 150 152 153 156 158 163 165 175 179 180 184 185 188 194 198 199 200 201 205 206
18 135 138 145 150 155 166 168 170 174 178 183 186 192 193 200 201 202 206
18 137 140 142 151 152 153 157 160 163 165 171 172 176 181 182 184 197 203
18 136 137 138 150 154 162 164 167 169 172 173 174 177 180 186 187 192 200
23 137 138 139 141 144 146 149 152 153 155 157 165 168 174 181 182 185 190 193 200 201 203 207
35 134 135 142 143 145 148 150 151 154 156 159 161 163 166 169 172 173 176 178 179 180 184 186 189 191 192 194 195 196 198 199 202 204 205 206
33 134 135 136 138 139 143 144 145 150 152 153 154 156 158 161 162 164 171 173 176 178 179 186 188 189 192 193 195 197 198 201 204 206
19 143 146 147 150 157 170 173 174 175 176 182 184 186 188 192 196 197 200 205
28 136 139 141 143 144 146 149 156 158 159 161 162 164 167 169 173 177 179 185 187 188 189 191 194 195 204 205 207
15 140 144 145 146 149 165 168 170 171 183 197 201 202 203 205
28 134 135 137 138 141 142 143 149 150 158 159 162 165 166 169 173 174 175 178 179 180 182 195 198 201 203 204 206
31 135 137 138 143 144 145 146 149 152 153 154 155 158 159 160 162 163 168 170 172 174 175 180 183 185 186 187 188 191 200 207
29 135 138 139 141 150 152 154 155 159 165 169 170 172 174 175 177 178 180 182 183 184 186 187 190 195 196 200 202 204
19 137 138 139 141 145 158 161 163 164 166 169 170 172 178 181 190 201 203 207
10 134 147 148 154 175 180 190 196 198 199
16 134 139 143 148 157 161 175 176 182 190 191 193 195 198 199 204
33 138 139 141 142 144 145 147 149 150 152 156 158 161 163 165 167 170 177 178 179 181 182 184 186 189 192 194 198 200 202 203 204 205
31 136 140 141 142 143 144 145 146 147 149 150 151 153 161 163 165 166 167 168 172 174 175 177 178 180 189 193 196 204 205 206
20 138 146 153 154 155 157 158 159 164 166 167 169 172 173 174 175 177 188 192 196
11 134 135 137 143 150 179 181 183 185 189 191
7 140 145 164 165 172 202 206
31 138 140 141 143 145 146 147 153 155 156 157 158 160 162 164 167 168 173 177 178 179 181 182 184 188 189 196 197 198 199 202
23 141 143 146 147 149 151 155 156 160 162 168 169 178 179 184 186 188 189 192 195 196 199 200
31 138 141 143 145 147 151 153 155 156 158 160 161 162 166 168 169 177 178 181 182 184 186 188 191 192 195 196 198 199 202 203
27 135 137 138 143 144 145 146 149 153 154 155 158 159 160 162 163 168 172 174 175 180 183 185 186 187 188 200
7 139 140 141 151 178 190 201
7 145 165 171 183 197 201 205
25 134 142 144 147 150 151 152 153 156 157 160 162 171 175 176 179 180 182 183 185 189 191 194 196 206
13 155 156 158 159 164 170 173 183 191 197 198 200 207
11 145 150 166 168 178 186 192 200 201 202 206
8 154 166 170 178 179 180 184 190
13 139 145 146 150 152 156 157 159 161 163 167 197 203
16 136 140 145 147 161 162 163 186 194 197 198 201 204 205 206 207
13 139 140 146 156 157 159 161 163 167 179 187 189 197
12 134 149 150 154 155 162 165 174 182 185 197 203
17 134 135 136 138 139 144 145 158 164 171 176 178 188 193 197 201 206
36 135 137 139 142 146 147 148 149 153 154 156 157 159 161 162 164 165 170 172 173 178 179 180 183 185 186 190 192 194 197 198 199 201 202 205 206
39 135 137 139 142 146 147 148 152 153 154 156 157 158 159 160 161 162 164 165 170 171 172 173 174 175 176 179 180 182 183 185 190 192 194 198 201 202 205 206
9 140 160 163 168 175 182 192 199 200
21 134 137 140 145 147 148 149 156 158 161 162 164 166 173 179 191 193 194 203 205 207
9 134 139 148 157 161 175 176 182 198
21 137 139 144 151 153 154 159 164 167 168 173 181 183 184 185 196 201 202 203 204 205
21 136 142 143 144 145 146 147 149 153 165 166 167 172 174 175 177 180 189 196 204 205
17 136 143 145 146 147 149 150 165 166 167 168 172 174 175 178 205 206
17 134 137 140 142 143 162 164 167 168 169 173 176 177 178 189 192 196
11 135 137 140 144 149 160 165 168 190 202 206
24 134 135 137 138 142 143 149 150 158 159 162 165 166 169 173 178 179 182 195 198 201 203 204 206
25 135 136 138 144 145 150 153 154 162 164 171 173 176 178 179 186 188 189 192 193 195 198 201 204 206
4 144 148 183 199
35 134 135 137 140 143 146 148 151 154 157 159 160 164 166 168 169 171 172 173 174 176 180 183 185 187 188 190 191 193 195 196 197 199 201 207
15 136 139 141 144 149 159 162 164 169 177 185 189 191 204 205
16 137 140 142 148 151 155 159 160 175 177 181 182 183 187 196 205
14 141 154 155 159 160 161 166 171 181 186 190 191 193 202
13 134 136 137 143 160 162 165 174 185 188 195 199 202
11 137 139 141 158 163 164 172 178 181 190 207
11 137 146 148 149 159 175 182 184 185 187 205
11 137 149 151 155 177 181 182 185 187 200 205
16 137 140 148 149 151 157 158 160 162 166 173 176 191 192 193 205
13 134 139 143 148 157 161 175 176 190 193 198 199 204
20 134 137 138 142 143 146 157 162 164 167 174 177 178 183 189 192 196 197 204 207
7 135 140 144 149 168 172 201
20 135 137 139 144 150 151 153 154 164 167 168 169 172 173 181 184 185 201 202 203
23 134 135 136 139 142 144 148 150 152 154 159 163 165 171 175 176 180 183 187 190 204 205 206
20 135 137 149 156 157 158 161 168 173 174 176 179 181 186 189 196 199 200 203 207
19 140 142 146 148 149 151 155 157 159 160 175 181 182 183 184 185 187 196 200
11 135 143 146 160 163 174 181 182 186 192 203
20 143 145 150 151 156 161 163 172 173 176 180 186 189 191 192 194 195 204 205 206
7 144 148 153 183 191 196 199
12 142 143 144 153 168 171 189 197 198 199 201 206
11 137 146 148 149 155 157 160 181 182 184 200
17 137 142 147 153 159 160 166 171 173 177 178 183 184 193 201 202 206
12 158 161 163 164 166 170 172 178 181 190 201 207
11 135 137 140 144 145 149 160 165 190 201 202
13 140 148 149 150 154 155 162 165 174 179 182 185 200
11 143 146 147 173 175 182 186 188 192 196 197
11 146 150 157 170 173 176 184 188 192 200 205
18 134 135 143 145 151 159 169 172 173 176 179 180 189 191 195 199 204 205
21 134 137 138 140 142 148 162 164 168 169 173 174 176 177 178 183 189 192 196 204 207
8 138 148 166 169 171 179 185 191
9 135 137 140 144 145 160 165 168 206
36 135 137 139 142 146 147 149 152 153 154 156 157 158 159 161 162 164 165 170 171 172 175 176 179 182 183 185 186 190 192 197 198 201 202 205 206
11 137 147 153 159 166 173 177 183 193 202 206
21 136 140 141 144 145 147 149 161 171 176 187 190 193 194 195 198 199 201 205 206 207
14 140 142 151 152 153 157 171 172 176 181 182 184 197 203
36 135 137 139 142 146 148 149 152 153 154 157 158 160 161 162 165 170 171 172 173 174 175 178 179 181 182 183 185 186 192 194 198 199 201 202 206
26 134 135 138 139 144 145 150 152 153 158 162 164 171 173 176 178 186 188 189 192 193 195 198 201 204 206
7 140 146 165 168 171 201 205
15 138 146 154 157 158 159 164 166 167 172 174 175 177 188 196
15 137 138 139 141 145 161 163 164 166 169 170 190 201 203 207
16 136 147 150 152 153 156 165 180 184 185 188 194 198 199 200 205
13 140 145 146 165 168 170 171 183 197 201 202 203 205
13 134 140 148 149 150 154 162 165 179 182 185 200 203
17 140 141 145 146 147 150 161 165 167 174 175 189 193 196 204 205 206
8 135 143 150 181 183 185 189 191
10 140 147 158 162 167 170 171 177 183 197
15 156 158 159 161 164 167 169 173 177 185 188 191 194 204 205
13 135 147 151 153 155 158 159 181 185 188 189 206 207
16 141 147 163 165 166 167 168 169 170 172 180 190 191 194 199 207
7 143 152 157 169 187 188 196
25 134 136 142 147 148 156 157 161 165 166 169 176 177 179 181 184 189 192 193 194 195 199 202 203 206
18 134 136 142 143 148 151 154 155 160 166 174 183 185 188 192 195 199 202
20 134 137 141 148 153 154 160 170 171 177 185 186 188 191 194 196 200 201 203 207
20 145 146 151 154 156 157 160 164 168 170 172 177 181 187 188 189 192 197 202 205
6 139 141 167 178 182 190
18 134 137 140 146 149 151 156 158 160 161 162 163 166 176 181 194 205 207
35 134 136 138 139 142 143 144 147 149 150 158 159 160 161 162 163 164 166 167 168 173 181 185 187 189 194 195 196 197 199 201 202 203 205 207
14 135 138 141 152 156 163 168 174 176 179 190 196 198 206
22 134 140 142 144 150 152 157 160 162 175 176 177 179 180 182 183 185 194 195 196 197 206
9 136 158 160 162 167 171 177 187 197
17 139 141 144 146 156 158 161 162 164 167 169 177 187 189 191 204 207
10 134 140 148 149 150 154 155 162 197 203
18 139 143 146 149 159 161 162 164 169 173 179 188 191 194 195 204 205 207
26 134 135 140 142 144 147 150 152 153 156 160 162 171 176 177 179 180 182 183 185 189 191 195 196 197 206
13 140 145 146 147 158 166 173 177 180 184 188 195 207
9 148 151 160 165 168 178 184 202 203
19 137 140 142 146 148 157 162 164 167 172 173 174 176 177 178 183 189 196 197
11 138 155 166 168 170 174 183 192 200 201 206
19 136 141 142 143 145 148 165 171 177 180 182 187 188 190 191 192 193 200 206
12 137 138 139 141 145 164 166 169 172 181 190 203
14 134 143 148 157 161 176 182 190 191 193 195 198 199 204
31 138 140 141 146 147 149 151 153 156 157 158 161 162 164 166 167 168 169 173 177 178 179 182 184 188 189 195 196 197 199 203
12 141 147 152 153 155 158 159 163 166 178 196 206
12 135 138 145 150 168 170 178 183 192 200 202 206
4 140 151 167 182
18 134 138 152 153 156 160 163 168 170 171 176 179 189 190 196 198 201 206
20 136 139 144 147 149 150 152 156 158 163 165 179 180 184 185 194 200 201 205 206
12 147 158 162 164 167 170 171 175 177 183 187 188
12 139 140 146 150 156 159 161 163 167 187 189 191
9 135 168 170 174 183 192 200 202 206
20 135 137 139 144 150 151 153 154 167 168 169 172 173 181 183 184 185 196 204 205
16 134 140 152 155 156 157 160 161 162 163 176 179 194 197 198 207
19 138 139 150 152 154 155 165 169 170 172 178 180 182 184 186 190 195 196 202
19 137 138 139 148 152 153 154 160 170 177 179 180 186 188 194 196 200 201 203
21 135 136 140 151 155 160 169 171 172 173 175 176 180 183 185 187 195 197 199 201 207
8 142 144 185 188 189 197 199 201
32 134 137 143 148 151 153 154 155 157 159 160 162 166 168 171 172 173 174 175 180 183 185 187 188 190 191 193 195 196 199 201 207
12 140 147 160 162 164 167 170 171 175 183 187 197
20 135 137 140 146 153 154 155 164 166 168 171 174 176 180 185 187 191 195 201 206
16 138 144 149 150 156 158 163 177 179 184 186 189 192 198 200 204
9 151 156 160 165 168 170 180 184 202
10 140 144 145 146 149 165 171 202 203 205
22 135 137 150 151 156 157 158 161 168 173 174 176 179 181 182 186 189 196 199 200 203 207
37 134 135 137 138 139 141 143 144 145 149 150 151 155 156 157 159 161 162 163 164 167 168 171 172 173 175 180 185 188 191 192 195 196 200 201 205 206
19 136 139 142 144 150 154 159 163 165 171 172 174 176 183 190 194 201 204 205
33 139 140 141 142 143 144 145 146 147 148 152 153 159 164 165 167 177 178 180 183 184 185 187 188 191 192 194 195 197 198 202 205 206
23 140 141 145 146 153 156 160 162 164 167 168 169 173 177 179 181 186 188 191 192 195 198 202
7 139 148 153 176 191 196 199
32 135 136 137 140 141 143 149 151 153 155 161 163 165 167 168 169 172 174 175 176 180 185 187 192 193 194 196 199 201 202 203 205
11 136 142 143 171 185 188 189 197 198 199 201
9 134 137 143 179 181 183 185 189 191
6 134 148 154 180 198 199
13 136 142 144 153 167 168 171 185 188 198 199 201 206
12 143 145 146 147 158 159 166 177 180 195 200 207
20 137 138 139 141 144 146 149 153 155 165 168 174 181 182 185 190 193 201 203 207
10 140 149 155 162 165 174 179 185 197 200
31 137 141 145 146 153 156 158 161 164 166 167 168 169 173 177 179 181 182 184 186 188 189 191 192 195 196 198 199 200 202 203
14 138 145 148 156 157 171 188 191 197 198 201 202 205 206
16 143 147 157 170 173 175 176 182 184 186 188 192 196 197 200 205
12 137 142 149 151 155 159 175 177 181 182 184 200
20 139 140 143 145 146 147 151 158 159 166 173 177 178 180 184 188 195 197 203 207
20 141 143 145 147 151 153 161 163 165 166 167 172 174 175 178 180 189 196 204 205
35 135 136 137 140 141 149 150 153 155 156 159 161 162 163 165 167 168 171 172 174 175 176 180 182 185 186 187 191 192 193 194 196 199 201 202
14 137 140 142 146 148 151 157 177 181 184 185 187 196 205
15 137 139 144 150 151 159 164 167 168 173 181 183 185 201 203
40 134 135 137 138 139 140 141 143 144 145 146 149 150 151 153 156 157 161 163 164 165 167 168 171 172 173 174 179 180 186 188 194 195 196 197 198 200 201 205 206
10 141 151 153 158 159 169 193 194 196 204
24 136 142 147 150 164 165 169 171 173 176 179 181 189 192 194 195 196 197 198 199 203 204 205 206
14 141 151 153 156 159 163 166 178 184 185 189 194 196 206
18 134 140 144 150 151 153 156 160 176 180 182 185 191 194 195 196 197 206
23 136 151 152 154 155 157 161 164 167 170 171 172 177 181 185 187 188 190 192 193 197 200 205
21 135 145 148 151 154 163 166 169 172 176 178 179 180 186 191 195 196 198 199 204 206
12 138 148 152 153 159 166 167 169 179 180 185 203
15 134 137 139 146 148 152 153 154 175 177 180 191 194 200 203
23 136 139 141 143 144 146 149 158 159 161 164 167 169 173 185 187 188 189 191 194 195 204 207
10 144 157 164 169 176 187 188 196 204 207
26 135 137 138 143 145 149 152 153 154 155 159 160 162 163 168 170 172 174 175 180 183 185 186 188 191 207
11 139 155 158 159 170 173 183 191 197 198 207
24 136 143 144 149 156 158 159 161 162 164 167 169 173 177 185 187 188 189 191 194 195 204 205 207
8 134 148 154 175 180 190 198 199
12 147 152 156 157 160 161 163 179 186 198 199 207
15 134 135 140 160 163 168 172 174 175 182 183 186 192 199 200
15 146 147 150 157 170 173 174 175 182 186 188 192 196 197 200
8 134 147 148 154 175 180 198 199
9 139 148 155 158 173 191 197 198 200
22 138 139 141 145 146 148 152 153 154 160 170 171 175 177 179 185 188 191 194 196 201 203
25 135 136 137 142 147 155 161 162 164 168 173 181 182 183 188 189 194 196 197 198 199 201 202 205 207
6 139 144 148 153 191 199
7 139 140 151 167 178 182 190
32 140 145 146 147 151 152 154 155 156 157 160 161 163 164 168 170 171 172 177 181 184 185 186 188 189 192 193 194 197 202 205 207
32 134 136 137 138 139 141 142 143 145 146 147 152 153 154 158 159 161 167 171 172 175 180 183 184 189 191 194 197 199 203 206 207
39 135 136 137 139 140 144 148 150 151 152 155 158 159 161 162 163 164 165 167 168 170 171 172 174 175 176 177 184 187 188 189 190 192 195 196 197 198 200 204
49 134 135 136 139 140 145 146 149 151 153 154 155 158 159 161 162 163 164 165 167 169 170 171 173 175 176 178 181 182 184 185 187 188 189 190 192 193 194 196 197 198 199 200 201 202 203 204 205 206
33 137 138 142 145 146 147 150 152 153 154 156 158 159 161 163 164 170 172 173 174 179 180 185 186 194 195 196 198 199 201 202 205 207
34 134 137 138 139 146 147 148 149 150 154 155 156 159 165 169 172 173 175 176 178 180 184 186 187 189 190 192 193 194 195 196 199 201 204
24 141 150 151 154 155 160 162 164 167 169 174 175 176 177 180 189 191 196 197 198 201 202 203 207
40 134 135 136 138 142 145 150 153 154 157 158 161 162 165 166 167 168 169 170 172 173 177 178 179 184 185 186 187 188 190 194 195 197 198 199 200 203 205 206 207
33 137 142 143 146 148 150 151 154 156 157 160 164 165 166 176 177 181 186 188 189 191 194 195 196 197 198 199 200 202 203 205 206 207
39 134 135 136 139 140 141 144 146 150 152 153 156 158 159 161 162 163 167 168 170 172 173 174 175 176 177 180 181 184 186 187 188 195 196 197 201 203 204 205
38 134 135 136 140 141 145 148 152 153 155 157 158 159 160 161 162 164 165 167 169 172 174 175 176 177 178 180 181 182 187 190 191 193 194 199 200 202 203
40 134 135 137 138 144 145 146 147 148 150 151 152 153 154 157 158 159 160 162 164 165 166 170 174 176 177 180 181 182 186 190 191 192 193 194 195 196 197 198 205
42 134 136 137 138 140 143 144 145 152 153 155 156 158 160 162 165 166 167 168 169 170 171 172 173 174 175 176 179 180 181 183 184 185 188 189 195 196 201 202 203 205 206
35 134 135 141 143 144 147 151 152 153 155 157 158 160 166 167 168 169 170 172 174 175 180 181 182 183 186 189 192 193 194 195 198 199 205 206
24 134 138 139 140 142 148 149 151 158 165 170 171 172 178 180 181 182 183 185 187 188 198 202 204
45 135 136 137 140 141 143 144 146 147 149 150 151 152 153 154 156 157 161 162 163 164 165 166 167 170 172 174 176 182 183 186 187 188 189 190 191 193 194 195 197 198 203 204 205 207
46 134 135 136 138 139 142 143 144 145 147 148 151 155 157 159 160 162 165 167 169 171 172 173 174 176 179 180 181 182 183 184 185 186 187 189 190 191 192 193 195 196 199 201 205 206 207
46 134 136 137 138 140 141 142 147 149 151 153 154 155 159 160 162 163 164 165 166 167 170 171 172 173 174 175 176 178 179 181 183 184 186 187 188 189 191 193 196 197 198 199 200 201 207
26 134 137 141 145 148 152 153 154 155 156 160 162 163 165 166 168 170 171 178 179 183 187 189 190 196 197
24 135 141 142 158 163 166 170 171 172 173 175 176 179 180 182 185 189 191 192 194 197 200 203 206
28 136 138 139 140 143 151 153 157 158 160 162 163 165 174 177 180 181 184 185 187 188 189 190 196 200 201 205 206
33 134 135 137 138 139 144 146 147 149 151 153 159 163 167 169 172 173 174 176 185 186 189 191 193 194 195 197 198 200 202 204 205 206
33 134 140 141 142 143 145 147 150 151 152 153 154 162 166 170 171 173 174 178 179 181 183 186 189 191 192 195 199 201 203 204 205 206
44 134 135 139 140 141 142 144 145 147 148 154 155 156 157 160 161 163 164 165 167 168 169 170 172 173 175 179 180 182 183 184 185 186 187 188 191 192 194 196 197 200 203 204 207
50 134 135 138 139 141 142 143 144 147 148 149 150 151 152 153 154 156 157 159 160 161 162 163 166 168 169 171 175 177 179 180 181 182 184 186 188 189 190 191 193 194 195 196 198 200 201 202 203 205 206
36 137 139 140 143 144 145 146 147 150 151 152 154 157 158 159 162 165 169 172 174 177 178 179 181 182 183 184 186 189 190 192 194 200 203 204 207
42 134 136 137 138 139 140 141 143 144 145 147 148 153 155 156 157 158 159 160 163 164 165 166 174 178 179 181 183 185 187 188 190 192 193 194 196 198 199 200 204 206 207
28 134 136 138 142 144 145 150 157 158 163 166 169 170 171 174 180 181 185 186 189 193 194 195 200 201 202 205 206
43 135 136 137 138 139 140 143 144 146 149 151 153 154 158 159 160 161 164 166 167 168 170 171 172 173 175 177 178 180 182 184 186 187 190 194 195 196 197 198 199 200 201 203
38 135 136 138 139 140 142 144 145 147 149 152 153 157 159 160 161 162 164 167 172 173 174 175 180 181 182 183 184 185 190 192 193 195 196 197 198 199 203
50 134 135 136 137 138 140 141 142 143 146 149 150 151 152 154 155 156 157 158 159 160 163 164 165 166 168 169 170 171 172 173 174 175 177 182 183 184 186 188 190 191 195 196 198 200 202 203 204 205 206
32 135 137 139 143 147 150 152 154 157 158 159 163 164 168 170 173 174 175 179 180 182 185 186 188 189 192 196 197 200 201 206 207
46 136 139 140 141 143 145 147 148 149 151 152 153 155 156 158 162 163 164 165 170 172 174 175 176 177 178 180 182 183 184 187 189 190 191 192 193 194 195 196 199 200 201 202 203 204 207
27 134 137 139 140 148 152 155 157 159 164 166 167 169 174 176 183 184 186 187 188 194 197 199 200 201 202 204
25 134 135 137 138 139 147 148 150 157 160 164 167 171 173 177 178 181 184 190 192 198 199 202 204 205
30 134 135 136 138 140 142 144 149 151 152 154 156 157 158 160 163 170 172 174 175 177 178 179 181 182 183 191 192 193 203
27 135 138 140 143 146 147 153 155 156 162 165 168 169 170 174 176 178 180 182 184 189 190 192 199 202 206 207
37 134 135 137 138 139 140 142 143 146 148 149 154 156 158 161 162 163 165 166 168 170 171 174 176 177 179 182 183 184 188 191 192 193 194 199 200 203
51 134 135 138 139 142 144 146 147 148 149 150 151 152 154 155 157 159 160 163 164 165 167 168 169 170 171 174 175 176 177 178 179 180 181 182 183 184 186 187 188 189 190 191 195 196 197 200 201 202 204 206
25 135 136 137 140 144 146 151 154 157 160 165 166 174 177 178 182 184 186 189 193 195 197 201 203 204
33 136 137 139 143 149 151 152 153 155 156 157 159 160 161 162 164 166 170 173 175 176 177 179 181 185 188 191 192 200 201 202 204 206
33 135 138 139 140 143 147 150 152 158 159 162 164 165 166 168 169 170 173 176 178 179 180 181 183 184 195 196 197 198 199 200 205 206
51 134 135 137 138 141 143 145 147 148 149 150 151 153 154 155 157 158 159 161 163 164 165 167 168 170 171 172 173 174 175 177 179 181 182 183 184 186 187 188 189 191 195 196 197 198 200 202 204 205 206 207
33 136 137 138 139 140 144 146 148 151 152 153 155 156 157 159 162 163 167 168 170 172 177 181 182 190 191 194 195 199 201 202 206 207
32 134 135 136 142 143 144 145 148 154 164 168 169 172 173 174 178 182 184 185 186 187 188 190 191 192 193 194 199 203 204 205 206
49 134 135 138 139 140 142 144 146 149 151 152 154 155 156 158 159 160 161 162 166 167 168 169 170 171 173 174 175 177 178 179 180 182 183 184 186 188 190 191 193 195 196 197 198 199 200 204 205 206
31 136 143 144 145 146 148 149 150 152 153 155 158 159 160 163 164 166 170 172 177 182 185 188 189 193 198 200 201 202 204 205
36 135 136 137 138 142 145 146 147 148 149 150 151 152 153 154 157 159 162 165 170 173 175 177 178 179 188 191 194 195 196 199 201 202 204 205 207
46 134 135 136 137 138 140 143 146 147 149 151 153 154 156 159 160 161 162 164 165 167 168 169 171 172 173 174 175 177 181 182 183 184 187 188 189 190 191 192 193 198 200 201 204 206 207
30 137 141 143 144 147 150 153 158 159 160 164 168 171 172 173 174 176 177 179 180 181 182 183 186 189 191 192 195 198 201
42 134 135 138 139 141 146 147 148 149 150 151 152 153 159 160 161 164 166 167 169 171 172 177 180 181 182 184 185 186 187 188 189 190 192 193 194 195 197 199 202 205 207
31 135 140 141 142 145 147 153 155 156 158 160 169 170 171 173 174 176 177 178 179 180 182 185 189 192 195 198 199 200 202 207
45 134 135 136 137 138 140 142 144 148 149 150 151 152 153 155 156 159 160 161 162 163 166 168 169 170 171 172 174 175 177 178 180 181 183 185 186 189 192 193 198 200 201 204 206 207
40 134 135 137 138 145 147 148 149 152 154 155 161 168 169 170 171 172 173 174 175 176 177 179 182 183 184 185 188 189 190 191 194 195 196 197 201 204 205 206 207
40 134 136 137 138 139 141 142 144 145 147 148 149 150 151 152 153 154 155 156 160 161 163 164 166 167 174 176 177 179 180 182 187 189 190 191 192 194 195 204 207
43 134 135 137 143 144 148 149 150 151 155 156 157 159 162 163 165 167 168 169 172 173 177 178 179 181 182 183 184 185 186 187 188 189 194 195 196 197 198 201 202 203 205 207
24 135 143 146 147 150 152 153 154 159 161 167 168 174 176 177 182 183 186 197 199 200 201 202 205
32 134 135 137 139 140 142 143 144 145 146 149 150 154 155 157 158 161 162 167 171 172 174 176 180 186 188 189 192 199 203 206 207
27 135 136 138 139 140 144 149 153 154 157 158 165 167 168 169 171 172 174 178 190 191 192 196 201 203 204 205
36 134 135 136 137 138 141 144 146 147 148 153 156 157 160 162 165 166 167 169 170 171 173 178 180 181 184 187 188 189 191 192 196 198 199 201 204
37 134 136 137 140 141 144 145 146 148 150 153 154 158 159 161 164 167 168 169 170 172 173 174 176 177 188 189 190 191 192 196 197 200 202 203 204 207
25 135 138 140 144 146 155 157 161 163 164 165 172 176 177 179 180 182 186 189 193 194 197 199 201 202
26 135 137 139 140 144 149 150 151 156 159 161 163 170 175 177 179 182 185 190 194 198 200 202 205 206 207
31 134 137 146 149 151 154 155 158 159 164 165 166 170 175 176 177 178 179 180 183 184 185 186 189 192 194 195 197 198 201 202
38 134 136 139 146 147 148 149 150 151 152 153 154 155 156 158 159 162 165 169 171 172 176 180 181 182 185 186 187 188 191 194 198 199 200 201 202 204 206
35 134 135 136 139 140 141 142 143 144 145 148 153 154 155 156 157 158 159 162 164 165 166 170 171 174 177 178 180 181 187 193 194 198 201 206
45 134 135 137 138 140 142 143 145 146 147 149 150 152 153 154 155 157 159 163 165 166 167 169 170 171 173 175 178 180 181 182 183 184 185 186 188 190 193 194 195 197 198 201 205 207
34 135 136 139 140 141 143 144 145 147 149 152 153 163 164 165 171 172 174 175 178 179 181 186 187 190 191 193 196 202 203 204 205 206 207
49 134 136 137 138 140 141 142 143 144 147 148 149 150 152 154 155 156 157 159 161 164 165 166 167 168 169 171 174 176 178 179 180 181 182 183 184 185 188 189 192 193 195 196 199 203 204 205 206 207
40 135 136 138 140 141 144 146 149 150 151 154 155 156 158 161 162 164 166 168 169 173 174 176 177 178 180 182 184 187 188 190 191 192 194 196 197 199 201 202 203
36 135 136 138 139 140 141 145 146 147 149 151 153 155 156 160 161 163 165 166 167 171 173 174 176 180 181 182 184 186 189 191 194 197 203 204 207
24 145 147 150 158 160 163 165 167 169 170 172 181 183 186 187 191 193 196 198 200 201 202 203 207
49 134 136 138 141 143 144 146 149 150 154 155 156 157 159 160 161 162 163 165 166 167 168 169 170 171 172 173 174 179 181 182 184 185 186 189 190 191 192 194 195 197 198 199 200 201 202 203 205 207
26 137 138 140 143 150 154 155 156 157 159 163 164 166 169 171 172 174 178 179 182 183 188 189 191 202 203
29 141 142 143 145 148 149 151 152 155 160 161 167 168 169 173 174 177 179 180 181 182 183 187 193 194 197 202 206 207
29 135 139 142 144 146 147 150 151 152 153 156 157 160 161 162 164 168 171 175 176 187 189 191 193 194 199 201 204 206
23 137 138 141 142 144 145 147 152 154 160 164 173 175 177 180 185 189 191 192 193 200 201 204
35 134 135 136 137 138 141 142 144 145 148 149 150 155 158 159 160 161 163 165 166 167 169 177 180 182 186 190 194 196 198 199 201 202 204 205
47 134 136 137 138 139 141 143 144 146 148 149 151 152 153 154 158 159 162 165 166 167 168 169 170 171 172 173 177 178 179 180 181 182 184 186 187 189 190 194 196 197 198 200 202 203 204 205
49 137 138 139 140 141 142 143 145 147 149 150 154 157 158 159 161 163 164 165 166 167 169 171 172 174 178 179 180 181 182 185 187 188 189 190 191 192 194 195 196 197 199 200 201 202 203 204 205 206
31 136 137 138 139 141 143 144 145 147 152 153 154 157 163 164 166 167 168 170 171 175 182 189 192 194 195 199 200 201 202 203
30 135 136 137 138 141 145 146 149 150 151 154 156 160 162 163 164 165 168 169 171 173 174 176 177 181 184 186 191 201 207
31 135 142 144 146 147 150 151 154 155 159 160 162 163 164 166 167 168 173 175 177 178 180 182 184 185 187 189 201 203 204 207
45 134 135 136 137 138 139 140 143 146 147 148 149 150 153 155 158 159 160 161 163 166 167 168 169 171 172 180 181 182 185 187 190 191 192 193 195 197 198 199 200 203 204 205 206 207
41 136 137 140 141 142 144 145 146 147 149 150 151 152 153 156 159 163 165 166 167 169 174 175 176 178 180 181 184 185 186 187 188 190 192 195 197 199 202 203 204 205
43 136 137 139 140 141 143 144 146 149 150 151 153 155 157 158 160 162 164 167 169 170 171 172 173 177 179 180 181 183 184 185 186 189 190 191 192 194 196 198 200 202 206 207
47 135 136 137 138 140 141 142 143 146 147 148 149 151 152 153 154 155 156 158 159 161 163 164 168 170 172 173 175 176 177 178 179 180 182 183 188 192 194 198 199 200 201 203 204 205 206 207
42 134 136 138 140 141 142 145 147 149 150 155 156 157 158 159 161 163 164 165 167 168 169 170 171 173 174 177 182 183 184 185 186 190 194 195 198 200 201 202 203 205 206
28 139 144 145 146 147 148 151 152 155 159 160 163 165 166 171 173 177 181 183 186 188 193 194 196 202 203 204 206
39 134 136 137 141 142 143 144 151 154 155 156 157 158 160 162 165 166 168 169 172 173 175 176 177 178 180 182 183 186 187 189 193 196 197 198 200 201 205 207
33 134 135 136 137 141 142 143 144 145 146 148 155 159 164 165 166 168 170 172 174 176 179 180 192 194 195 196 197 199 200 201 204 205
23 134 135 139 144 147 150 153 160 162 165 170 172 173 177 179 181 184 186 189 193 197 202 205
35 135 137 140 142 144 147 149 155 158 159 162 165 166 169 170 172 173 175 178 179 183 185 187 189 190 191 192 194 195 198 200 201 202 204 205
44 134 135 136 137 138 139 140 142 144 145 146 147 152 154 155 157 158 159 160 161 162 165 166 169 173 175 176 177 179 181 182 183 184 185 189 190 195 197 198 200 202 203 204 206
31 137 140 141 144 146 147 148 153 156 157 160 162 163 165 166 167 168 171 173 174 176 177 178 191 193 194 196 198 201 204 205
25 135 136 140 143 145 148 149 152 155 163 164 166 168 172 175 176 180 189 193 194 201 202 203 205 207
27 134 139 142 146 150 151 157 158 159 162 163 165 166 169 170 172 174 176 177 181 182 184 196 201 204 206 207
30 134 137 139 141 142 143 144 145 147 155 156 160 161 162 166 170 171 175 179 184 185 187 188 189 190 197 199 200 204 206
27 136 138 140 141 147 148 149 151 154 155 158 162 163 168 176 178 180 182 185 188 193 195 198 200 202 204 205
31 134 135 136 137 142 145 146 147 149 153 154 155 160 163 166 170 174 178 183 186 187 189 192 196 197 198 200 201 204 205 206
27 137 139 141 143 147 148 149 151 152 161 164 166 169 170 173 175 177 183 188 189 192 197 199 200 203 204 206
48 134 135 137 139 140 144 145 146 147 148 151 154 156 158 160 161 162 163 164 165 166 167 168 170 171 172 173 175 177 182 183 184 185 187 190 192 193 194 195 196 197 198 200 201 202 204 205 207
31 134 135 138 140 144 148 150 158 159 161 164 165 168 170 173 174 175 176 177 179 180 181 182 186 187 195 196 198 200 202 205
50 134 135 137 138 139 142 143 144 146 147 149 150 151 152 155 157 158 159 160 161 163 164 165 166 167 169 170 171 173 177 178 179 181 182 185 186 188 189 191 195 196 197 198 200 201 202 203 204 205 207
42 136 138 139 141 145 146 147 149 152 154 156 157 158 159 160 161 164 166 169 171 172 173 175 176 177 178 180 184 186 187 188 190 191 192 194 196 197 200 202 204 206 207
44 135 136 137 138 139 140 141 142 143 144 145 149 154 158 161 162 163 164 166 167 170 171 172 173 174 175 176 177 178 179 180 182 183 184 186 188 190 193 194 197 198 201 203 206
41 134 136 138 145 146 147 150 153 154 155 156 161 162 163 164 166 167 168 169 170 172 176 177 180 181 182 183 184 188 190 192 193 196 197 198 199 200 202 203 204 207
31 134 139 143 144 147 148 149 150 151 157 158 159 164 166 168 169 171 173 176 178 180 185 187 190 194 197 198 201 202 203 205
37 135 136 142 144 147 148 154 155 160 163 164 167 168 169 172 176 178 179 181 182 184 185 186 187 188 189 190 191 193 194 195 196 200 201 205 206 207
35 134 137 141 142 146 147 148 149 150 151 153 156 157 161 164 166 167 168 169 174 175 176 181 182 183 186 187 188 189 193 195 197 200 202 206
25 137 140 144 151 155 157 158 159 160 161 162 166 170 172 173 174 177 182 184 190 191 192 195 202 204
37 134 135 136 138 140 141 143 144 146 147 150 154 159 164 168 169 171 172 173 175 176 177 178 181 183 184 185 186 187 191 192 193 195 198 201 206 207
28 141 142 144 148 149 152 155 156 158 159 160 167 168 171 173 176 182 185 186 187 189 194 195 198 199 200 202 204
42 134 136 137 138 140 142 143 144 146 148 150 151 153 154 155 158 162 164 167 169 170 171 173 174 175 177 178 179 181 185 186 187 190 191 192 195 196 199 201 202 205 206
29 138 144 146 148 149 150 152 156 159 164 168 169 171 174 175 176 178 182 185 189 190 191 192 195 199 200 201 203 207
27 135 136 139 142 144 145 147 148 158 159 163 164 170 172 173 175 177 179 185 192 193 194 195 199 201 204 206
49 134 136 137 138 139 141 144 145 147 148 149 150 151 152 153 154 155 156 157 158 159 161 162 164 166 167 171 173 174 175 176 177 179 181 183 184 185 186 189 192 193 195 197 198 199 200 201 203 204
28 138 139 143 145 147 148 149 151 152 153 155 156 160 161 162 165 169 172 175 177 180 186 188 196 199 204 205 207
35 134 138 141 142 143 145 147 148 153 154 157 158 159 160 162 164 165 167 170 171 173 174 178 179 181 185 187 194 195 196 197 199 203 204 206
49 135 136 139 140 141 142 143 144 145 147 149 151 152 153 154 155 156 157 160 162 163 164 165 167 169 172 173 174 175 176 179 180 185 187 189 190 191 192 194 196 198 199 200 201 202 204 205 206 207
36 135 138 139 142 143 145 147 148 149 152 153 154 155 156 157 158 159 160 161 163 166 171 172 176 178 179 180 182 186 190 191 194 195 200 202 206
46 135 137 140 141 143 147 148 149 150 151 152 153 154 155 158 159 160 163 165 166 167 170 171 172 173 175 179 181 184 185 188 189 190 192 193 194 195 196 197 198 199 201 202 203 204 206
27 137 141 142 145 146 147 151 153 158 161 165 167 171 173 175 177 179 184 185 186 192 195 198 202 203 205 206
48 135 136 139 141 142 145 146 149 150 153 154 157 158 160 161 163 164 165 166 168 169 170 171 172 174 175 178 179 180 182 183 184 185 186 187 188 189 190 191 194 195 196 197 200 202 203 204 207
41 135 136 137 139 140 141 145 146 147 148 149 150 151 152 153 157 159 160 164 170 173 175 176 177 179 180 182 185 188 189 191 192 196 197 198 200 201 202 204 205 206
50 135 136 137 138 139 140 143 144 147 148 149 150 151 152 155 156 157 159 164 166 169 170 171 172 174 175 177 178 179 180 186 187 188 189 190 191 192 193 194 195 197 198 199 200 202 203 204 205 206 207
33 136 140 141 143 145 147 149 150 151 154 159 160 162 163 164 165 171 173 174 175 178 180 182 183 184 185 191 195 196 197 204 205 206
32 135 136 137 139 140 142 150 151 155 156 158 159 160 164 167 169 174 176 177 178 180 183 184 186 188 189 191 194 195 196 200 202
24 136 137 139 143 144 154 155 156 158 160 166 167 168 170 175 185 186 187 190 199 201 202 205 207
23 134 136 144 148 149 151 156 162 169 171 174 175 179 180 181 182 184 185 191 199 200 201 207
37 136 137 138 139 141 145 146 148 150 151 152 153 155 156 157 158 162 163 164 168 171 176 179 182 183 186 187 188 190 192 195 196 198 200 202 205 207
50 134 135 137 140 141 144 145 146 147 148 149 150 151 152 153 155 157 159 160 161 162 164 165 167 168 169 170 171 173 174 176 177 180 182 183 184 186 187 189 190 191 192 195 197 198 199 200 203 205 206
29 134 136 137 139 142 147 149 152 154 155 157 161 163 168 169 170 176 177 179 180 181 182 183 192 194 195 197 198 207
45 134 138 139 140 142 143 144 147 149 151 153 155 156 157 158 160 162 164 166 167 168 169 170 174 176 177 178 179 180 182 185 186 187 188 192 193 195 196 197 198 200 202 203 206 207
50 134 135 137 139 140 141 143 145 147 150 151 153 154 155 156 157 159 160 161 162 164 166 167 169 170 172 173 175 176 180 181 184 185 186 187 188 191 192 193 194 195 196 197 199 200 202 203 204 206 207
36 136 137 138 140 145 147 148 150 153 156 157 158 161 165 167 170 174 175 177 178 179 183 185 186 189 190 193 194 195 198 199 201 202 203 204 205
46 135 137 140 141 143 144 145 147 150 151 153 156 157 158 160 161 163 164 165 167 168 169 170 173 174 175 177 178 180 182 184 185 186 187 188 189 190 192 193 195 197 200 202 204 205 206
36 135 137 138 140 142 145 146 147 149 151 152 155 158 159 160 161 164 166 168 169 172 173 178 180 181 182 186 187 192 194 196 198 200 202 205 206
30 135 137 140 142 143 145 147 148 150 154 155 161 163 167 169 170 172 173 177 178 179 182 184 185 193 197 198 199 203 204
43 134 139 140 141 144 147 149 151 155 157 159 160 161 165 168 170 171 174 175 176 177 178 179 180 181 182 183 185 186 187 188 190 191 192 196 197 198 199 200 201 202 203 205
29 139 141 147 148 149 150 153 155 156 158 163 164 170 171 174 177 185 186 187 190 193 195 197 198 199 200 203 205 206
43 134 135 136 137 138 139 140 141 142 146 148 150 151 152 155 156 158 161 163 164 165 167 169 170 172 176 177 179 185 186 187 188 191 192 196 197 199 200 202 204 205 206 207
35 135 139 141 142 144 145 148 150 155 156 157 158 162 166 167 170 171 174 176 177 180 183 184 186 187 188 191 192 193 194 197 199 202 203 206
33 134 136 138 140 145 149 150 151 152 155 156 157 158 159 161 163 164 165 167 169 171 172 180 189 191 192 193 196 198 199 200 201 203
27 135 136 137 138 141 144 148 153 157 160 167 168 169 170 172 178 180 184 186 187 188 189 190 192 195 197 203
27 134 141 143 144 149 154 162 163 165 169 171 172 174 175 176 178 183 187 191 192 193 195 198 200 202 204 205
36 135 136 138 140 141 143 144 151 152 154 156 159 160 161 162 164 171 172 173 179 181 183 184 185 186 188 190 191 192 193 196 198 199 200 202 207
25 135 141 142 143 146 148 150 152 153 154 161 165 167 171 172 175 176 179 182 185 196 198 199 201 204
34 136 137 138 139 140 141 143 146 149 151 154 157 158 159 160 161 162 163 165 168 172 173 175 177 180 182 187 191 196 198 200 201 202 207
25 137 143 144 153 157 158 165 172 173 178 180 181 185 186 191 192 194 196 199 200 201 203 204 205 206
45 136 138 139 140 142 144 145 146 147 148 149 150 151 152 154 156 157 159 161 162 164 165 167 169 171 172 173 175 176 180 183 184 187 188 191 192 195 196 198 199 201 202 203 204 207
44 135 136 140 142 143 144 146 148 150 155 156 158 160 161 162 165 167 169 171 172 173 174 175 176 178 180 181 182 183 184 188 189 190 192 193 195 196 197 199 200 202 204 205 207
35 136 139 140 141 142 144 147 148 150 154 162 163 166 167 177 178 179 180 182 183 185 186 187 188 190 193 194 197 199 200 202 203 204 205 206
24 141 142 145 151 152 153 158 160 161 163 166 167 169 170 172 173 176 181 183 190 191 194 205 206
37 136 139 142 143 145 147 148 149 150 152 153 155 156 157 159 160 163 165 166 167 171 172 179 180 182 183 184 192 193 194 195 199 203 204 205 206 207
27 136 137 140 141 143 149 150 151 152 153 158 163 164 165 166 169 171 185 189 191 192 193 194 196 200 203 204
26 135 136 144 147 149 150 151 155 161 167 177 178 179 180 186 189 190 191 193 194 195 196 197 201 204 205
22 134 135 138 144 145 151 153 155 157 159 161 171 172 173 177 181 187 188 192 194 198 205
42 134 135 138 141 145 148 149 151 152 153 157 159 160 161 163 164 165 166 167 168 170 171 172 173 174 175 177 178 179 180 183 184 187 191 193 194 198 199 202 203 205 206
37 135 138 140 143 144 147 149 150 151 152 153 158 160 161 163 166 167 169 170 171 172 175 181 182 183 185 188 191 192 193 194 195 198 199 204 205 207
33 135 136 137 142 147 151 157 158 159 160 161 162 163 166 169 170 172 173 175 176 178 183 184 186 190 191 193 195 197 200 202 206 207
33 135 136 143 145 150 152 155 157 158 166 167 168 170 173 175 176 177 178 179 180 184 185 187 188 191 192 193 195 198 200 202 204 207
25 137 141 142 144 147 152 156 157 158 160 164 170 172 173 174 176 177 182 186 189 194 199 201 203 207
43 136 139 140 143 145 149 150 152 153 156 157 158 159 160 162 165 166 167 170 171 172 173 174 175 176 177 179 180 183 184 188 189 191 192 194 196 197 198 200 201 203 204 206
38 134 135 136 141 142 146 147 148 150 151 153 156 158 161 162 163 164 168 169 170 171 174 176 177 178 179 181 183 184 186 188 194 198 201 202 204 205 207
34 135 136 137 140 143 147 148 149 151 152 153 158 159 160 162 167 168 169 170 173 174 176 177 180 182 183 186 189 194 196 202 203 205 207
36 137 139 142 145 149 151 153 154 159 160 161 163 164 165 167 169 170 172 174 175 176 178 184 185 186 187 188 189 192 193 194 197 201 204 205 206
42 134 135 137 139 143 144 145 146 148 149 150 152 155 156 159 161 162 166 167 170 173 175 177 178 179 182 184 185 187 188 189 191 192 193 194 195 196 199 200 202 203 206
41 136 137 139 140 144 145 146 148 149 150 152 153 156 158 159 160 167 171 172 173 174 176 177 179 180 182 183 185 186 187 188 190 191 192 198 199 201 203 204 205 207
41 134 135 136 137 140 142 144 146 148 151 153 156 157 159 162 164 165 167 168 169 171 173 177 180 181 182 184 187 189 191 192 193 195 196 197 198 200 203 204 206 207
23 137 138 139 140 148 151 152 153 162 163 167 175 176 177 180 182 183 185 189 190 193 196 202
5 208 219 220 222 224
13 208 212 213 214 215 216 217 218 222 223 225 226 227
7 210 212 217 218 219 222 225
1 212
6 211 215 217 220 222 225
9 208 209 214 215 219 221 222 224 226
7 212 215 218 219 221 224 225
6 213 221 222 223 226 227
4 209 217 218 224
3 214 224 226
6 210 216 218 220 223 227
5 208 212 216 219 226
13 208 209 210 211 215 216 217 220 221 223 224 226 227
2 209 211
3 218 221 223
8 215 216 218 219 222 223 224 227
7 212 213 214 218 219 222 225
3 211 212 227
3 212 218 227
7 208 211 217 219 221 222 225
7 208 209 210 220 224 225 227
3 209 213 225
9 209 210 211 212 216 217 219 221 226
2 210 211
7 208 212 215 216 223 224 227
7 209 210 216 217 218 221 222
4 213 215 218 226
9 211 215 216 217 219 220 221 223 224
5 208 210 211 215 218
4 209 210 221 227
17 208 209 213 214 215 216 217 218 219 220 221 222 223 224 225 226 227
3 214 217 220
3 213 223 227
7 215 216 218 220 223 225 227
6 210 212 213 216 219 226
12 208 209 210 211 212 213 215 217 218 222 223 226
12 211 215 216 217 218 219 220 222 223 224 226 227
16 208 209 211 213 214 215 216 217 218 220 221 222 223 224 225 226
5 208 210 218 222 227
12 208 209 210 211 212 213 214 217 220 221 225 226
7 209 210 211 219 220 221 224
5 209 213 216 217 218
5 214 216 217 222 223
4 210 212 219 227
6 209 210 212 213 216 220
5 210 215 223 225 226
3 210 213 214
6 211 214 216 219 221 223
5 210 212 214 217 227
4 214 220 225 226
5 216 218 220 222 225
3 214 215 224
10 208 209 211 213 215 219 221 223 224 226
3 209 214 216
8 214 216 219 220 221 224 225 227
4 211 212 219 221
5 211 212 213 217 225
5 208 209 212 221 225
6 208 209 210 212 213 221
6 208 213 215 219 223 224
4 210 211 220 227
5 212 213 219 223 226
9 208 209 213 215 220 222 224 225 226
3 212 214 226
6 209 212 216 219 224 225
7 213 214 215 221 222 223 225
2 210 217
5 208 214 216 218 224
12 210 211 212 214 215 216 217 218 219 223 224 226
4 210 218 220 225
5 208 218 220 222 225
7 214 215 218 223 224 226 227
5 209 213 214 217 219
10 208 211 213 215 220 221 223 224 226 227
4 211 217 219 222
9 208 214 215 217 220 222 224 225 227
4 211 221 222 226
5 211 212 214 221 227
13 208 209 210 211 213 214 216 217 220 222 223 226 227
8 208 209 213 220 221 222 225 227
5 215 218 222 223 227
8 208 209 210 220 221 223 226 227
3 212 216 226
5 212 216 219 224 225
2 216 218
6 211 212 214 220 221 225
4 210 213 216 219
4 215 219 221 225
3 221 222 225
2 212 227
4 209 210 217 222
2 210 219
9 208 209 210 211 212 217 221 225 226
2 214 221
3 212 214 221
1 209
3 212 219 226
2 211 222
3 213 219 223
4 208 209 210 221
8 216 217 218 219 222 224 226 227
6 215 216 218 219 223 224
6 211 212 216 217 219 221
5 219 220 221 224 225
3 213 214 222
4 212 213 219 223
5 212 215 223 224 227
4 216 218 220 225
4 210 215 223 226
3 210 217 227
3 218 220 227
1 214
3 208 215 218
9 208 211 212 213 214 217 220 225 226
2 216 220
3 210 220 227
5 210 212 219 221 226
2 212 218
2 212 214
3 210 212 227
1 221
8 208 209 211 215 217 220 221 223
6 215 216 220 223 225 227
4 209 210 216 217
5 209 216 219 224 225
4 218 220 222 225
2 209 213
8 211 215 216 218 220 221 223 224
2 218 226
1 217
7 208 214 217 222 224 225 227
3 209 213 219
4 213 221 226 227
6 210 212 216 218 219 223
7 208 209 214 215 219 224 226
4 214 223 226 227
7 212 215 216 217 218 219 223
3 208 218 227
1 226
1 209
5 210 212 217 218 222
1 220
1 224
2 224 226
3 210 218 222
3 223 225 226
5 210 212 216 219 226
7 214 216 217 220 222 223 227
3 211 217 222
5 211 216 219 221 223
4 210 212 214 227
3 211 214 221
3 212 213 220
2 211 217
4 208 214 216 218
4 208 210 218 222
4 209 210 211 220
1 215
3 208 209 221
4 211 212 217 225
3 216 219 223
5 208 209 214 215 219
2 214 220
4 216 218 220 222
5 212 215 216 223 224
1 209
2 218 225
9 209 214 215 216 220 221 223 224 225
1 209
1 213
5 212 215 216 224 227
3 210 222 227
6 213 214 215 217 222 227
9 211 215 219 220 222 223 224 226 227
9 208 210 212 213 215 218 222 223 226
7 209 210 211 216 217 221 223
2 220 225
3 215 218 224
5 212 215 216 223 227
4 214 219 222 225
2 221 226
3 208 210 218
7 213 215 216 217 223 225 227
5 208 213 221 223 224
5 214 215 223 224 226
3 215 218 226
2 213 223
1 227
2 214 224
10 208 209 210 212 213 215 217 222 223 226
3 213 217 225
5 208 209 210 212 221
6 208 209 211 213 217 223
3 209 217 222
2 211 212
4 209 211 212 217
1 210
6 209 211 221 223 226 227
4 216 220 222 225
5 208 210 220 225 227
2 214 224
5 211 214 216 219 223
1 210
2 217 222
2 214 226
5 212 213 218 222 225
5 214 215 221 222 223
4 215 218 223 227
2 210 212
2 210 227
4 208 210 211 218
2 211 219
3 213 219 226
2 210 214
3 213 216 226
5 216 220 223 225 227
2 219 224
2 225 226
3 212 216 219
13 208 211 213 214 215 217 218 220 221 223 224 225 226
1 209
7 209 210 211 212 216 217 221
4 209 210 220 224
5 208 209 213 220 227
3 219 222 224
1 210
4 209 213 214 217
3 212 214 221
5 216 222 223 224 227
4 209 210 221 226
2 214 226
3 216 217 223
4 214 216 221 224
7 211 216 217 220 221 223 224
3 215 225 226
3 210 218 227
4 212 215 223 224
3 212 213 226
3 209 218 224
4 209 220 221 225
6 211 217 219 221 222 225
2 214 220
12 208 209 213 215 216 218 220 222 223 224 225 227
5 213 215 222 224 226
6 216 218 219 222 223 227
5 213 215 221 222 223
2 217 218
11 209 210 211 213 214 216 220 222 223 226 227
2 212 216
1 214
7 208 210 215 220 223 224 226
1 213
2 220 227
4 210 212 213 216
3 209 212 220
1 213
5 215 219 222 223 224
3 210 212 226
2 219 226
4 208 212 221 225
1 214
1 210
2 213 227
4 208 218 220 222
3 210 211 218
3 212 219 227
2 208 211
4 215 216 219 224
2 209 210
3 208 214 216
9 209 210 211 212 213 217 218 222 226
4 212 216 224 225
4 212 213 216 220
2 221 223
10 211 215 216 218 219 220 222 224 226 227
6 213 214 215 221 222 223
1 210
4 208 210 215 218
4 215 222 224 227
5 211 217 220 222 225
3 208 210 215
4 218 220 222 225
4 215 216 219 224
1 210
1 216
3 209 214 219
4 218 220 225 227
2 210 227
7 208 211 221 223 224 226 227
7 208 213 216 220 223 226 227
2 218 221
5 212 218 219 222 225
6 209 213 220 222 225 227
5 213 214 218 219 225
9 208 209 211 213 215 216 221 225 226
2 209 225
5 209 220 222 225 227
2 219 224
3 221 226 227
1 217
3 210 211 220
3 210 213 216
5 208 211 221 222 225
3 210 216 220
2 213 214
1 211
2 220 227
4 213 214 215 222
4 210 212 213 226
2 213 227
2 212 227
8 208 209 210 211 212 213 214 220
2 221 227
1 227
2 209 213
3 208 220 225
3 211 219 221
4 209 210 221 224
5 208 210 220 224 227
3 219 222 224
7 210 211 212 214 215 224 226
4 213 214 215 221
2 215 224
3 213 217 218
4 208 209 224 227
2 212 227
5 209 213 219 224 226
2 214 225
2 218 223
7 209 212 216 217 219 221 226
2 214 217
3 219 220 221
5 215 216 218 223 225
9 215 216 217 218 219 222 223 226 227
3 208 218 225
4 215 216 218 225
3 209 213 214
6 208 214 215 220 222 227
4 214 215 218 224
6 208 211 215 221 224 226
2 211 212
11 208 209 210 215 216 217 220 223 224 226 227
9 208 214 215 216 217 218 220 225 226
7 208 215 220 222 224 225 226
2 209 227
2 212 226
4 210 218 220 223
2 213 214
6 208 209 213 221 222 227
2 212 214
8 210 212 215 216 218 219 223 226
3 210 217 227
3 212 216 219
4 209 212 221 225
2 225 226
3 213 226 227
1 210
3 208 215 224
6 208 209 210 211 218 222
5 218 219 222 224 227
2 214 224
2 215 224
1 227
7 211 215 217 219 220 221 224
4 212 216 219 226
3 221 222 226
7 208 214 215 219 221 224 226
4 208 212 221 225
10 208 210 211 213 215 217 218 222 223 226
3 213 215 218
2 208 222
4 212 216 223 227
3 209 216 217
9 208 210 212 214 217 219 225 226 227
13 208 209 210 211 212 213 214 215 218 219 222 224 225
11 208 211 212 214 216 217 219 221 222 223 225
13 209 210 211 212 213 214 216 217 222 223 224 225 227
11 209 210 211 212 215 217 218 219 223 225 227
8 211 213 216 218 221 223 224 225
8 212 214 215 217 219 220 222 224
13 208 210 211 212 214 215 216 217 218 221 222 225 226
11 209 210 212 214 217 218 219 220 221 223 226
13 208 209 210 211 214 215 216 220 221 222 223 224 227
8 209 210 211 212 213 220 224 227
11 208 210 211 212 214 215 218 221 222 225 227
7 213 215 216 221 223 225 226
13 208 209 213 214 217 218 219 221 222 223 225 226 227
8 208 210 213 215 219 222 224 225
9 209 212 217 218 219 221 222 223 224
10 209 211 212 213 217 218 219 221 224 227
6 210 216 218 220 223 227
13 208 209 210 211 213 214 216 219 220 221 223 225 226
8 209 211 214 215 216 218 226 227
11 209 211 212 213 214 216 217 221 222 224 227
7 210 216 217 220 225 226 227
13 208 211 212 215 216 217 218 219 220 221 222 225 227
9 208 211 212 213 214 219 220 221 226
7 212 214 217 221 223 224 225
7 213 214 216 219 221 226 227
12 210 211 212 213 216 217 218 220 223 224 226 227
12 208 209 212 215 216 218 219 220 221 222 223 225
12 210 211 212 213 215 217 218 222 224 225 226 227
6 208 213 215 217 219 225
13 209 211 215 216 218 219 220 221 222 223 225 226 227
10 208 212 215 217 218 219 220 222 223 226
11 210 213 214 215 216 217 219 221 222 223 224
7 209 211 212 216 221 226 227
6 208 213 214 218 225 227
6 210 213 219 224 225 226
13 210 212 213 215 216 217 218 219 220 224 225 226 227
10 209 211 213 215 216 218 220 222 223 226
8 208 213 214 219 221 222 226 227
9 210 211 212 216 218 220 222 226 227
13 209 210 213 214 216 217 218 219 220 221 222 225 227
12 211 212 214 215 216 217 219 220 221 222 223 225
9 208 210 215 218 220 221 223 225 227
13 209 210 212 213 215 216 217 218 219 220 221 226 227
9 208 210 212 213 216 218 221 224 227
12 208 210 212 214 219 220 221 222 223 224 226 227
13 208 210 211 213 214 216 217 218 219 220 221 222 224
8 209 210 213 216 222 223 226 227
6 214 217 221 222 223 224
6 211 213 214 215 216 226
7 210 212 215 217 221 222 226
13 209 212 213 214 216 218 219 220 221 222 223 225 226
8 212 214 217 219 221 222 223 226
8 210 211 213 214 217 219 221 225
7 213 217 218 221 222 224 227
10 213 215 217 218 219 220 221 223 224 225
13 210 211 212 213 214 215 216 217 218 220 222 225 227
10 211 213 216 218 219 220 223 224 225 227
11 208 209 210 212 215 219 221 222 223 224 227
9 208 210 211 212 214 215 216 223 226
9 209 210 211 212 213 218 219 225 227
8 213 215 217 219 220 223 224 225
8 209 212 214 218 219 220 223 225
10 208 210 213 214 215 217 218 219 222 223
12 209 210 211 213 214 218 220 222 223 225 226 227
13 209 211 212 214 216 218 221 222 223 224 225 226 227
9 209 210 211 214 216 218 222 223 224
6 210 215 221 222 225 227
11 208 209 211 215 216 217 218 220 222 223 226
6 208 211 213 218 220 221
9 209 211 212 216 217 220 222 225 227
12 211 212 214 216 218 219 221 222 223 224 226 227
10 208 209 210 211 213 218 220 221 226 227
8 210 217 219 221 222 224 225 227
9 208 209 210 214 215 220 223 225 226
12 208 209 211 212 214 216 218 220 221 222 225 226
13 208 210 213 216 217 218 219 220 222 223 224 225 227
7 208 210 216 217 222 224 226
8 208 209 211 216 221 222 223 226
13 210 211 212 214 215 217 219 220 221 223 224 225 227
10 211 213 214 215 216 217 219 220 223 226
8 208 210 212 214 222 223 224 226
9 208 209 211 215 216 217 220 222 224
6 208 211 212 221 223 227
11 208 209 211 212 214 217 218 219 220 224 226
10 210 213 214 218 221 222 223 224 225 227
10 208 209 211 212 213 217 220 223 225 227
7 210 213 214 217 218 226 227
10 209 212 213 215 216 220 221 223 226 227
10 208 212 213 214 215 216 218 221 223 225
12 209 210 211 212 214 216 217 219 221 222 224 225
7 210 212 215 217 219 220 227
11 208 213 214 215 218 219 220 223 224 226 227
9 208 209 210 214 216 217 218 225 226
11 208 209 210 215 216 218 221 224 225 226 227
10 209 210 211 212 216 217 218 222 226 227
12 208 209 210 212 214 217 218 219 220 221 223 224
11 211 212 216 217 218 219 220 222 223 225 227
6 208 209 215 217 220 227
12 208 211 212 213 214 216 217 218 219 222 224 227
9 210 212 214 217 219 222 223 225 227
9 209 210 215 216 217 219 222 223 226
8 209 211 213 215 219 223 224 227
13 208 209 210 211 212 213 217 218 219 220 225 226 227
11 209 210 211 213 215 217 219 222 224 226 227
10 208 212 213 216 217 220 221 223 224 225
7 211 212 214 216 219 222 224
12 208 210 212 213 215 217 218 219 221 222 224 227
13 209 211 212 214 215 216 218 221 222 223 224 226 227
7 208 211 214 215 216 224 226
13 208 211 212 214 215 216 217 218 219 220 222 224 225
10 208 214 215 217 218 219 222 225 226 227
10 209 210 213 216 217 218 220 222 225 226
11 210 211 214 215 217 218 219 223 225 226 227
12 209 211 213 216 217 218 219 222 223 224 225 226
12 208 212 215 216 217 219 220 222 223 224 226 227
11 209 211 214 215 216 219 221 222 223 224 227
7 210 211 213 217 220 222 226
13 209 210 213 215 216 217 219 220 221 224 225 226 227
9 208 214 215 216 218 220 222 223 227
11 208 210 213 215 216 219 220 223 224 226 227
13 208 210 211 213 214 215 217 218 220 221 224 225 226
13 208 209 211 214 216 217 218 219 220 221 222 225 226
6 215 216 217 222 224 226
7 208 210 211 215 223 226 227
9 211 212 213 215 216 221 222 225 227
10 208 212 213 214 215 217 218 222 223 226
8 209 213 217 218 221 222 223 226
10 208 209 211 213 214 216 218 219 220 225
9 208 210 211 217 218 219 221 225 227
6 209 219 220 222 225 227
10 210 212 217 219 220 223 224 225 226 227
10 208 210 211 213 215 217 218 219 223 224
11 208 212 213 214 215 216 218 219 222 225 227
13 209 211 212 213 214 215 217 219 220 221 222 224 227
11 208 209 211 213 215 216 217 219 221 225 227
10 208 210 212 213 215 221 222 225 226 227
13 208 209 210 212 213 217 219 220 222 223 224 225 227
13 208 209 212 213 215 216 217 220 221 222 223 224 227
11 208 210 211 212 214 215 221 222 223 225 226
6 212 216 219 220 224 225
9 209 212 219 222 223 224 225 226 227
8 209 210 211 213 215 216 220 224
7 208 213 216 217 223 226 227
13 208 212 213 215 216 217 218 219 222 223 224 226 227
11 208 209 212 213 215 216 218 220 221 223 227
8 209 213 216 220 221 222 224 226
9 208 209 210 212 215 218 219 220 223
11 208 209 210 211 213 214 217 218 220 222 225
6 212 217 218 222 223 227
6 210 213 215 221 223 224
11 209 210 211 212 213 218 219 220 221 222 224
7 208 213 214 218 219 223 225
6 209 214 219 221 224 225
11 211 212 213 214 216 217 218 219 221 222 223
10 208 211 213 215 219 220 223 224 226 227
13 208 209 210 211 212 213 215 216 217 220 221 225 226
12 208 210 212 216 217 218 219 220 222 223 224 227
9 209 211 212 216 220 222 223 224 227
7 211 214 215 216 217 219 223
8 208 212 215 217 218 223 225 226
9 209 213 214 215 217 219 223 226 227
11 209 211 212 213 214 215 216 217 222 223 227
9 209 210 211 212 214 216 220 221 222
7 209 211 214 217 218 220 227
11 208 215 217 218 219 221 222 224 225 226 227
11 208 209 210 212 218 220 221 222 223 225 226
9 208 210 211 213 215 217 218 221 227
9 210 214 217 218 219 220 221 223 224
7 208 209 213 216 220 224 225
12 209 210 212 213 214 216 218 221 222 224 225 226
8 210 211 212 214 215 216 224 227
11 208 210 211 212 213 217 220 221 223 225 226
7 213 216 221 223 225 226 227
8 211 215 217 219 220 222 225 226
12 209 210 211 212 213 214 215 216 218 219 223 227
8 209 211 213 217 218 219 222 223
10 208 211 212 213 216 219 221 225 226 227
10 209 212 213 214 217 221 222 223 226 227
8 208 213 214 217 221 222 226 227
12 209 210 211 212 213 216 217 220 221 222 225 226
9 210 211 212 218 219 220 223 224 227
11 208 210 211 213 214 216 217 218 223 225 226
8 208 210 213 214 220 221 222 225
6 212 216 220 221 222 223
10 208 210 212 214 217 218 222 223 224 225
7 210 215 217 219 222 223 224
7 208 209 211 212 216 221 224
10 208 209 212 213 215 218 219 220 222 226
6 215 216 217 224 225 226
13 208 211 214 215 216 218 219 220 221 222 223 226 227
9 209 212 214 215 216 220 222 224 225
8 208 210 211 212 214 223 225 226
13 209 210 211 213 214 215 216 217 219 222 223 226 227
9 208 210 213 214 216 221 222 223 224
10 208 212 213 214 215 217 219 220 222 224
12 209 210 212 214 215 216 217 218 219 223 226 227
13 208 209 212 215 216 217 218 219 221 223 224 226 227
10 209 210 214 216 217 218 220 224 225 227
10 209 211 212 218 220 221 222 225 226 227
9 210 212 216 219 220 223 224 225 226
13 210 215 216 217 218 219 220 221 222 224 225 226 227
6 208 210 215 216 221 227
10 210 211 213 217 219 222 223 224 226 227
9 208 211 212 214 220 221 222 226 227
10 208 209 210 213 215 217 218 219 220 223
9 208 210 211 214 218 219 222 224 225
13 209 211 212 214 215 217 218 221 222 223 224 226 227
12 210 211 213 215 216 217 221 223 224 225 226 227
8 208 210 212 214 215 216 217 224
7 209 210 211 213 217 219 221
7 211 212 213 214 217 225 227
8 208 212 213 215 217 218 219 220
8 212 216 217 218 223 225 226 227
13 208 212 213 216 217 218 219 220 221 222 223 224 225
7 211 214 217 221 222 224 227
8 209 210 213 216 222 223 225 226
10 210 213 214 215 216 218 219 220 221 227
8 209 211 213 215 216 218 220 223
7 211 212 215 216 225 226 227
13 208 209 210 211 213 215 216 219 221 224 225 226 227
9 213 214 217 218 219 222 224 225 226
11 210 211 212 215 216 217 218 220 222 223 225
13 208 209 210 211 215 216 217 221 222 223 225 226 227
10 208 209 210 211 213 215 219 223 224 226
10 209 210 211 212 213 216 220 221 224 227
7 208 212 213 216 218 220 222
6 210 211 213 215 224 225
7 210 212 214 222 223 226 227
9 208 213 214 215 218 219 223 224 225
11 211 212 213 215 217 219 220 221 223 224 225
12 208 210 211 212 213 216 217 219 220 221 225 226
10 208 210 212 214 215 216 219 221 226 227
6 208 210 215 216 222 225
12 209 210 211 214 215 216 219 220 221 222 224 225
8 212 213 216 218 219 221 222 223
12 210 211 215 216 219 220 221 222 223 224 225 226
9 208 211 212 214 217 219 220 221 223
9 208 209 210 212 213 214 215 217 226
9 208 209 210 212 216 217 218 224 225
7 211 214 215 216 217 219 221
11 208 211 212 213 214 215 216 217 219 220 221
12 208 210 211 213 214 215 218 221 222 224 225 226
9 208 215 216 217 218 219 220 224 225
8 209 213 215 217 220 221 226 227
9 208 209 211 212 215 217 220 223 226
10 208 209 211 213 215 216 217 223 224 226
8 209 216 217 218 222 223 225 226
8 212 213 215 217 220 223 226 227
7 208 209 213 217 221 223 225
6 208 215 217 218 224 227
13 208 209 211 215 216 217 218 219 220 221 223 224 226
8 215 217 218 219 220 221 223 226
12 210 212 214 215 216 218 219 220 223 224 226 227
9 208 209 210 211 215 218 221 223 227
12 209 212 213 214 216 217 218 219 222 224 225 226
13 209 211 212 213 214 216 219 221 222 223 225 226 227
7 209 210 213 216 223 225 227
10 208 209 213 214 220 221 222 223 224 225
12 210 211 212 213 214 215 217 220 221 222 226 227
11 208 210 212 213 214 215 217 218 223 224 227
8 211 215 220 221 222 223 224 226
13 209 210 211 212 213 214 215 218 219 221 222 223 225
13 210 211 213 216 217 219 220 222 223 224 225 226 227
10 208 210 211 212 213 215 220 221 223 226
12 211 212 213 214 216 218 219 220 223 224 225 227
8 210 212 218 220 222 224 225 226
9 208 211 214 215 216 217 218 220 225
9 210 213 215 216 219 221 223 224 225
13 208 209 212 215 216 217 218 219 221 222 224 226 227
10 211 212 214 215 216 217 218 221 222 224
6 216 218 220 221 222 225
12 208 211 213 214 215 217 218 219 220 221 222 223
10 208 215 216 218 219 220 221 223 226 227
6 208 212 217 220 222 226
11 208 212 213 215 216 217 218 221 225 226 227
7 213 214 216 219 221 225 226
11 208 209 212 215 216 217 218 219 223 224 227
12 208 210 213 215 216 220 222 223 224 225 226 227
7 211 214 217 218 220 226 227
12 208 209 212 213 214 216 217 222 223 225 226 227
6 211 216 218 219 224 227
10 208 211 212 213 216 220 223 224 225 226
7 208 209 210 211 219 221 227
6 210 213 219 223 225 227
12 208 211 213 214 215 216 217 220 221 225 226 227
10 211 212 213 214 215 216 220 221 223 227
7 212 216 217 219 223 224 226
7 210 215 221 222 225 226 227
9 208 211 213 214 215 216 218 225 226
12 209 210 211 212 214 217 220 221 223 224 225 227
6 211 214 215 216 217 220
11 208 212 213 214 218 219 222 223 224 225 226
13 208 209 211 212 213 214 215 218 223 224 225 226 227
8 209 210 211 214 217 220 225 226
8 208 209 210 211 215 217 218 220
12 208 209 210 211 212 213 218 220 221 223 224 225
13 208 209 210 211 212 213 214 216 217 219 221 224 227
