246 1759
49 1 2 3 4 5 6 7 8 9 10 11 12 13 14 15 16 17 18 19 20 21 22 23 24 25 26 27 28 29 30 31 32 33 34 35 36 37 38 39 40 41 42 43 44 45 46 47 48 49
21 1 4 5 6 12 13 14 16 19 20 23 26 27 28 32 36 37 38 40 41 47
26 1 2 3 4 6 9 10 12 14 15 20 22 24 25 31 32 34 36 38 39 40 41 42 43 47 49
15 1 6 8 9 10 13 14 20 22 25 30 31 33 47 48
35 1 2 3 5 6 8 9 10 11 13 14 15 18 19 20 21 22 24 25 27 28 29 30 31 32 34 35 36 38 39 42 43 47 48 49
15 9 10 12 14 18 23 25 27 32 35 40 42 46 47 49
24 5 6 7 10 12 13 16 18 20 24 27 28 29 31 33 34 36 38 39 41 44 45 47 48
37 1 2 3 4 6 7 8 9 10 11 12 14 15 17 18 19 20 22 23 24 25 26 27 28 30 31 32 33 35 36 40 41 42 45 46 47 48
25 1 3 4 8 13 15 16 18 21 22 23 24 26 29 32 34 35 36 38 39 43 44 46 47 48
27 1 4 5 6 7 9 11 13 14 15 16 18 20 23 25 27 29 30 31 32 34 35 40 42 43 46 49
38 1 5 6 7 8 10 11 13 14 15 16 17 18 19 20 21 22 23 24 25 26 27 28 29 30 31 32 35 36 38 39 41 42 44 45 46 47 49
28 50 51 52 53 54 55 56 57 58 59 60 61 62 63 64 65 66 67 68 69 70 71 72 73 74 75 76 77
10 50 52 56 63 65 66 67 75 76 77
20 50 51 53 54 55 58 59 61 62 63 64 65 67 69 70 71 72 73 74 75
20 50 51 52 53 54 56 57 58 59 63 64 66 67 68 69 70 73 74 75 77
20 50 51 53 55 56 57 61 62 63 64 65 66 67 68 69 70 71 72 74 76
16 50 54 55 58 60 61 64 65 66 69 70 71 72 73 75 77
9 51 54 57 60 64 68 69 75 76
18 50 51 52 53 54 57 58 59 60 62 63 65 66 69 70 73 75 76
21 50 51 52 54 55 56 58 59 61 62 63 64 67 68 69 70 71 74 75 76 77
18 51 52 55 56 57 58 60 61 62 64 65 67 69 70 74 75 76 77
10 50 52 53 58 62 63 66 68 69 77
21 50 52 53 54 55 57 58 59 60 61 62 63 65 66 68 70 72 74 75 76 77
19 50 51 52 55 56 57 59 60 62 63 64 68 69 70 71 73 74 76 77
11 53 54 59 64 68 70 71 72 73 74 75
13 51 53 57 58 61 62 63 65 70 71 72 74 76
15 50 53 55 56 60 61 63 65 70 71 72 73 75 76 77
17 50 51 52 55 56 57 59 61 63 65 68 69 71 73 74 75 76
11 53 54 56 58 63 64 71 74 75 76 77
20 50 51 52 54 55 56 58 59 60 61 63 64 65 66 67 68 69 72 75 76
12 51 54 55 56 57 58 66 67 72 75 76 77
21 52 53 54 56 57 58 60 61 62 63 64 66 68 69 70 72 73 74 75 76 77
20 51 54 55 57 58 59 60 61 62 64 65 67 68 69 71 72 73 74 75 77
11 51 53 54 56 59 60 62 63 72 73 76
13 51 53 54 55 56 59 62 63 64 66 68 69 75
17 50 51 52 56 59 60 61 62 64 65 67 68 69 71 73 74 76
17 51 53 54 55 57 58 59 60 62 63 64 66 67 68 69 72 73
14 50 56 57 58 59 60 61 64 66 68 69 71 72 73
12 53 55 59 60 63 64 65 66 68 69 70 76
13 51 52 53 56 57 58 59 60 63 67 70 72 77
16 50 51 52 54 56 57 59 60 61 63 64 65 67 70 71 72
12 52 53 54 56 57 59 61 62 72 73 74 76
11 51 53 55 56 60 64 66 69 73 74 75
17 50 52 57 58 60 61 62 63 66 67 68 69 70 71 73 74 77
17 50 51 53 54 55 56 58 62 63 65 67 68 69 70 72 73 74
13 50 53 54 55 56 59 60 68 69 70 71 74 77
11 50 52 53 55 56 57 64 66 70 71 76
16 52 53 54 57 58 59 60 61 63 64 67 68 69 71 72 74
20 50 54 55 56 57 60 61 62 63 66 67 68 69 70 71 72 73 74 75 76
16 51 52 54 57 59 60 61 63 65 67 68 70 72 73 75 76
9 50 53 55 62 63 65 69 75 76
15 50 51 55 56 59 60 61 62 67 68 69 71 72 73 75
10 51 54 55 56 58 67 69 71 75 76
13 54 55 57 58 60 61 62 64 65 68 70 72 73
18 50 52 53 58 59 60 61 62 63 64 66 68 69 71 73 74 75 76
14 50 52 53 55 56 59 62 66 68 69 71 74 75 76
21 50 51 53 54 56 57 58 61 62 63 65 66 67 68 69 70 71 72 74 76 77
20 50 52 54 55 56 58 59 60 61 62 63 64 65 66 68 71 73 75 76 77
11 51 54 57 59 60 61 66 69 71 74 77
8 52 57 59 61 64 67 68 74
17 50 53 54 56 57 62 63 64 66 68 70 71 72 73 74 76 77
15 50 52 53 57 58 61 63 67 69 70 72 73 74 76 77
11 50 52 54 55 63 64 66 67 69 70 74
17 50 54 55 58 60 61 66 67 68 69 70 71 72 74 75 76 77
9 52 56 60 62 64 67 69 73 74
20 52 54 55 57 58 59 60 63 64 65 66 67 68 69 71 72 73 74 75 77
19 51 53 54 55 56 57 58 60 61 62 65 66 67 68 69 72 73 74 75
17 50 51 54 55 56 57 60 62 63 65 66 67 68 73 75 76 77
14 50 52 54 55 59 62 63 64 66 67 68 72 74 77
13 53 55 57 60 61 63 64 65 68 69 72 74 75
11 50 51 53 61 63 64 66 69 70 74 76
9 53 54 55 58 66 74 75 76 77
10 50 53 54 56 68 69 72 74 76 77
16 51 52 54 55 56 60 61 64 65 66 70 71 73 74 75 77
21 50 51 52 54 55 56 57 58 61 63 65 66 67 68 70 71 73 74 75 76 77
11 54 55 59 63 66 68 70 72 73 76 77
13 50 52 53 55 56 63 64 66 68 69 70 74 77
56 78 79 80 81 82 83 84 85 86 87 88 89 90 91 92 93 94 95 96 97 98 99 100 101 102 103 104 105 106 107 108 109 110 111 112 113 114 115 116 117 118 119 120 121 122 123 124 125 126 127 128 129 130 131 132 133
39 78 79 81 82 83 84 85 86 88 89 94 95 96 97 98 99 100 104 106 107 111 112 113 114 115 116 119 120 121 122 123 124 125 126 128 129 130 131 133
36 78 79 81 82 83 85 86 88 90 91 93 95 96 98 101 104 107 108 109 110 113 114 115 119 121 122 123 124 125 126 127 129 130 131 132 133
29 79 80 82 83 84 85 86 90 91 92 95 96 97 98 99 100 101 102 103 108 115 116 118 120 125 126 129 130 133
30 78 79 81 82 83 86 88 89 90 91 92 96 100 103 104 105 107 108 109 111 112 114 115 117 119 122 129 130 131 132
20 79 83 85 86 88 97 98 100 103 106 114 115 117 119 122 124 127 129 130 131
44 78 79 80 81 82 83 84 86 88 89 90 91 92 93 94 96 97 100 101 102 103 104 105 106 107 108 109 110 112 114 115 116 117 118 119 120 121 123 124 125 129 130 131 133
24 78 79 83 85 89 92 93 94 98 99 102 103 105 106 110 114 116 117 121 125 127 128 129 132
43 78 80 81 82 83 84 89 90 91 92 93 94 95 97 98 100 101 102 103 104 105 106 107 108 109 111 114 115 116 117 118 119 121 122 124 126 127 128 129 130 131 132 133
20 78 83 86 87 90 91 94 96 101 103 114 115 119 122 124 126 128 131 132 133
18 79 82 84 87 92 94 99 103 109 112 113 118 121 122 123 128 129 130
25 79 80 81 82 85 89 90 91 92 99 102 103 105 108 109 110 112 119 120 122 124 128 129 132 133
18 79 82 91 92 97 98 102 104 114 116 119 121 127 128 129 131 132 133
44 78 80 81 82 83 85 86 88 89 90 91 93 94 95 96 97 98 99 100 101 104 105 106 110 111 112 113 114 115 116 117 119 120 121 122 123 126 127 128 129 130 131 132 133
40 78 79 80 81 82 83 84 85 86 87 88 89 90 92 93 94 96 97 98 100 101 102 103 105 106 109 110 111 112 118 119 120 121 122 123 125 127 129 130 131
30 80 81 82 83 84 86 89 91 93 94 96 97 100 103 105 107 108 109 113 114 116 118 119 121 123 125 128 130 131 132
25 78 83 86 89 90 92 93 95 97 99 100 102 103 104 109 112 113 115 116 117 122 123 126 130 132
44 78 79 80 81 82 83 84 85 86 87 88 89 90 94 95 96 97 98 99 100 103 104 105 106 107 108 109 110 111 113 114 115 117 119 120 122 123 124 125 126 129 131 132 133
25 78 80 83 85 88 89 93 94 96 99 100 106 107 110 111 112 115 116 123 124 127 130 131 132 133
23 80 82 84 87 89 91 92 93 95 97 101 103 105 108 111 112 115 118 120 122 125 128 132
33 79 80 82 83 87 88 89 90 91 92 94 95 97 98 99 100 104 107 109 110 111 113 114 116 117 118 119 121 125 126 127 130 133
18 88 89 92 99 101 103 104 107 108 110 113 114 122 125 126 127 129 133
32 79 81 82 83 84 85 86 87 88 89 90 92 93 94 95 96 97 102 104 106 110 111 112 113 117 118 119 120 121 125 129 133
38 78 79 80 81 82 84 86 93 94 95 96 98 100 101 103 104 105 109 110 111 113 115 116 117 118 119 120 122 123 124 125 126 127 128 129 131 132 133
20 79 81 87 89 91 92 96 100 101 107 112 113 115 116 117 120 123 130 132 133
25 84 85 86 91 93 94 96 97 98 101 102 107 109 111 113 114 116 117 118 119 120 123 125 126 130
39 78 80 81 82 84 85 87 88 89 90 93 97 98 99 100 103 104 105 106 110 111 112 113 114 115 116 117 118 119 120 121 122 125 126 127 128 130 131 133
17 79 81 82 83 85 87 88 89 98 109 112 113 121 124 126 128 130
20 81 82 83 84 86 87 96 98 100 105 110 117 119 121 122 127 129 130 131 133
29 78 84 87 91 93 94 96 98 99 101 103 104 107 108 110 111 113 114 115 118 119 120 121 124 127 130 131 132 133
42 78 81 83 84 85 86 87 88 89 90 91 92 93 94 95 96 98 99 100 101 102 104 107 108 109 111 113 114 115 116 117 118 120 121 122 123 124 125 127 130 132 133
23 80 81 84 85 88 89 91 92 94 98 100 101 109 111 112 114 115 116 117 120 121 125 131
6 137 144 151 155 160 166
13 136 138 140 141 143 144 145 147 155 163 165 167 168
7 136 142 147 149 157 163 164
12 134 138 144 149 150 151 152 153 157 163 167 168
12 134 137 139 143 147 152 154 155 161 162 164 167
8 137 140 142 145 147 155 162 167
7 136 141 143 145 146 151 153
9 136 142 144 145 148 149 151 165 168
7 146 147 157 159 162 163 167
7 136 137 146 149 154 158 166
12 136 140 141 142 144 145 149 150 151 152 163 168
13 135 137 138 139 146 148 155 156 157 161 162 164 165
7 136 143 146 161 162 165 166
16 134 135 137 138 139 145 146 147 154 155 157 160 161 162 163 167
4 143 153 154 167
12 134 135 139 142 149 150 156 158 162 163 167 168
4 138 142 150 165
10 136 144 146 147 148 152 154 164 165 166
8 143 146 150 151 154 161 162 163
8 135 139 140 141 147 151 156 164
14 135 140 141 142 145 148 154 155 156 158 162 164 165 166
13 134 135 137 140 142 148 149 156 157 161 164 166 168
13 139 144 146 148 151 152 156 159 160 161 163 165 168
11 135 138 142 144 147 149 152 154 158 164 165
6 135 138 145 150 156 164
6 136 144 147 152 154 165
14 140 141 142 146 149 153 155 157 158 159 162 163 164 168
5 144 148 152 156 159
13 134 137 143 145 149 151 154 155 156 158 160 161 168
17 137 138 139 140 142 143 144 152 153 156 158 161 162 164 165 166 167
11 136 140 141 149 150 151 153 158 165 166 168
4 136 146 147 159
3 142 143 164
14 134 135 136 138 141 143 149 150 153 154 157 158 164 166
11 139 140 141 142 147 152 158 161 162 165 166
11 136 138 139 142 147 148 153 157 166 167 168
16 134 135 140 141 143 145 146 149 150 152 154 155 156 160 161 163
7 138 142 146 160 161 165 168
12 134 142 144 145 152 153 155 157 159 160 167 168
9 134 136 148 150 151 154 155 157 168
12 134 136 139 143 144 145 150 151 154 160 166 167
8 138 143 148 150 161 162 163 165
23 135 136 137 139 140 141 143 144 145 147 149 150 152 153 157 158 159 160 161 162 163 165 167
4 135 138 145 147
18 134 136 137 139 140 141 143 145 150 153 156 157 159 160 161 162 163 166
22 134 135 137 139 142 146 148 149 150 151 152 153 154 156 157 158 159 160 161 162 164 166
12 134 138 142 146 148 151 154 155 156 164 166 168
16 134 135 140 141 143 145 148 151 152 153 155 156 159 163 164 167
11 134 136 137 139 144 145 148 153 157 159 164
19 134 138 139 141 143 145 146 147 149 153 154 155 156 159 160 164 165 167 168
11 135 136 140 141 142 145 149 152 159 162 163
12 134 139 141 147 148 151 152 153 158 159 160 167
9 136 137 138 144 145 148 157 164 168
6 135 137 139 151 154 167
8 137 144 151 158 159 162 164 165
10 134 138 143 147 148 150 154 156 158 168
10 134 137 140 145 150 151 153 159 161 167
11 135 138 142 145 148 151 158 160 164 167 168
14 140 141 142 144 145 147 148 149 152 158 163 164 165 166
10 138 141 142 147 152 156 165 166 167 168
8 139 144 150 158 159 160 162 167
11 135 136 139 140 141 144 148 152 153 164 166
6 136 144 147 154 157 158
10 134 138 143 150 153 155 156 157 159 160
18 134 137 139 140 141 143 146 149 150 153 155 156 157 159 161 162 163 166
6 146 148 151 155 167 168
5 136 146 161 162 168
6 134 147 158 159 160 166
16 135 136 137 140 142 144 148 150 151 152 157 158 161 162 163 166
13 137 138 140 141 143 145 151 153 155 157 159 160 161
14 140 143 144 146 150 152 156 159 160 161 162 163 164 167
9 135 141 145 146 147 149 159 160 163
7 134 136 141 149 154 158 168
10 137 139 142 148 151 153 155 157 165 166
9 135 137 138 147 148 152 156 161 165
6 137 139 149 150 162 166
10 139 143 144 146 148 154 155 156 160 168
5 137 139 143 160 161
7 138 147 152 154 155 163 165
11 134 143 149 150 151 153 155 156 159 163 167
4 135 146 154 160
8 139 146 153 157 161 164 165 167
8 135 138 141 152 158 162 165 166
14 135 138 140 141 146 150 153 156 157 158 159 160 163 166
6 135 140 149 155 158 160
10 137 140 142 144 149 154 155 157 163 168
6 134 142 152 153 155 157
8 137 139 142 153 155 157 165 166
4 137 145 147 162
20 136 137 139 140 141 143 144 145 147 149 150 152 153 157 159 161 162 163 165 167
11 134 140 143 145 148 151 152 155 159 163 164
4 144 148 152 156
8 138 141 142 156 165 166 167 168
5 136 137 154 158 166
1 164
9 136 138 140 141 144 145 163 167 168
9 134 138 149 151 153 157 163 167 168
5 136 137 146 149 166
5 141 152 158 162 166
3 137 155 160
8 136 146 147 148 154 164 165 166
10 134 140 141 152 153 155 156 159 164 167
11 134 135 138 139 146 154 160 161 162 163 167
4 146 155 167 168
4 143 146 154 162
7 140 143 145 147 155 163 168
8 135 145 146 147 154 157 162 163
10 134 139 141 148 151 153 158 159 160 167
10 143 150 152 156 160 161 162 163 164 167
9 134 138 149 151 152 153 157 163 167
12 134 137 140 141 149 150 153 155 156 157 162 163
9 136 138 141 149 150 153 154 157 158
6 143 147 150 154 156 158
4 136 141 158 168
5 136 146 149 154 166
7 139 143 146 148 155 160 168
3 135 154 160
8 143 145 149 151 154 155 158 168
4 144 154 157 158
3 138 161 165
6 134 139 141 147 148 153
8 138 143 150 153 156 157 159 160
11 137 143 145 149 151 155 156 158 160 161 168
7 138 140 151 153 157 160 161
4 136 146 162 168
8 135 136 140 141 142 152 162 163
6 143 152 154 162 164 167
7 134 137 152 154 161 162 164
2 135 154
6 134 137 143 154 161 164
7 139 144 146 160 163 165 168
10 140 142 144 145 148 152 158 163 165 166
3 138 150 164
11 139 140 142 143 144 152 161 162 164 165 166
3 140 149 160
8 134 137 140 148 157 164 166 168
5 138 160 161 165 168
8 134 138 143 150 153 155 157 159
8 139 142 151 153 155 157 165 166
6 140 142 149 157 163 168
5 137 138 147 148 161
5 143 148 150 156 168
2 136 146
7 136 140 141 150 151 153 158
6 138 147 152 154 155 165
11 135 140 141 142 145 148 154 155 158 164 166
6 134 135 148 149 166 168
9 135 138 142 145 148 158 160 167 168
9 135 142 145 148 158 160 164 167 168
3 137 139 160
5 150 155 156 157 159
2 142 165
5 134 150 151 154 155
9 134 137 143 145 151 154 155 158 161
7 142 150 156 158 162 163 168
6 137 151 156 158 161 168
5 137 144 151 155 160
10 138 144 149 150 151 152 153 157 163 168
4 158 159 160 162
3 146 157 162
2 138 147
7 135 142 145 148 151 167 168
5 139 149 150 162 166
5 140 142 145 155 167
9 134 140 143 152 156 159 163 164 167
8 134 137 144 145 148 153 159 164
7 134 140 150 151 159 161 167
7 136 144 148 149 151 165 168
9 135 136 139 140 141 144 148 152 153
9 137 138 140 143 151 153 159 160 161
8 134 137 140 150 151 153 161 167
5 144 158 159 160 162
10 138 141 143 145 151 153 155 157 159 161
9 141 147 148 151 152 153 158 160 167
4 136 137 149 154
5 144 151 158 164 165
5 138 154 155 163 165
5 138 152 162 165 166
4 148 162 163 165
9 134 143 150 151 153 155 159 163 167
11 134 135 138 139 146 154 155 157 160 161 163
3 138 147 152
4 134 147 158 166
2 143 164
5 136 143 161 162 165
7 134 137 140 145 151 159 167
7 142 144 149 155 157 163 168
3 153 154 167
9 137 140 141 143 149 150 159 163 166
8 143 147 148 150 154 156 158 168
3 134 158 159
3 146 151 168
8 134 138 144 151 152 153 167 168
2 153 167
3 135 149 160
7 140 141 142 150 151 163 168
5 144 145 148 157 168
7 137 144 151 159 162 164 165
8 136 139 143 145 150 154 160 167
5 135 140 149 155 160
7 135 139 140 141 147 156 164
15 138 139 143 145 146 147 153 154 155 156 159 160 164 165 167
5 148 151 155 167 168
7 138 141 147 152 166 167 168
3 144 148 159
6 135 139 141 152 164 166
8 135 136 140 141 142 149 159 162
6 136 140 141 142 145 162
4 135 139 154 167
7 135 138 142 148 151 167 168
3 147 158 166
7 138 142 149 152 154 164 165
4 138 154 155 165
11 135 137 146 147 154 155 157 160 161 163 167
11 134 136 138 141 143 149 154 157 158 164 166
4 144 158 164 165
2 147 159
2 143 164
6 140 141 142 147 162 166
6 136 143 144 151 160 166
13 134 135 141 145 146 149 150 152 155 156 160 161 163
14 134 139 140 141 149 150 153 156 157 159 161 162 163 166
6 134 147 152 154 161 162
3 134 136 154
9 134 135 141 146 150 152 154 155 160
8 140 141 145 147 149 152 158 163
6 134 151 158 159 160 167
3 134 141 158
2 143 153
13 134 135 137 138 145 146 147 155 157 160 161 162 163
17 135 139 141 142 144 145 148 149 150 151 153 155 157 160 162 163 168
19 135 136 138 139 143 146 148 149 150 151 152 153 155 156 160 163 165 167 168
16 134 136 137 139 140 142 144 146 148 149 150 154 161 163 166 167
23 134 135 137 138 140 141 143 145 146 147 148 149 151 154 156 158 160 161 162 163 164 165 168
22 134 136 138 139 140 142 143 145 146 148 150 154 156 159 160 162 163 164 165 166 167 168
23 134 135 136 137 140 141 142 144 146 151 152 153 154 155 156 158 161 162 163 164 166 167 168
16 134 137 138 142 144 146 147 149 150 153 159 160 163 165 166 167
11 136 137 146 149 150 152 155 156 158 163 166
24 134 135 136 137 138 141 142 143 145 146 147 148 151 152 153 154 157 158 160 162 164 165 166 168
17 135 136 138 140 141 148 149 150 152 153 155 158 159 160 164 166 167
12 134 138 140 144 149 150 153 157 158 161 164 167
20 136 138 141 142 143 145 146 147 148 149 153 154 155 157 159 163 164 165 166 167
13 136 137 139 142 143 145 149 150 155 156 160 163 166
23 134 135 136 137 138 139 143 145 146 148 150 151 152 153 154 156 158 159 160 162 165 166 167
17 134 135 136 137 138 139 140 142 143 144 149 153 154 156 162 163 167
12 139 142 149 150 151 153 154 155 160 163 164 165
21 134 135 136 137 139 140 143 145 146 147 148 149 152 153 155 161 162 165 166 167 168
24 134 135 136 137 138 139 140 141 143 144 148 149 151 152 153 156 157 159 161 163 164 165 166 168
16 135 141 142 143 145 147 149 150 153 154 157 158 160 162 165 168
18 134 137 138 145 146 148 149 150 152 153 155 156 157 158 160 164 166 167
14 134 140 141 143 146 155 156 159 162 163 164 165 166 167
16 136 139 140 141 142 145 146 148 152 155 156 158 162 163 164 168
12 137 138 143 150 151 153 156 157 160 162 163 168
11 134 136 138 145 146 152 155 156 158 159 164
18 135 138 140 142 143 145 148 150 151 152 153 155 157 158 160 162 163 164
11 135 137 138 139 146 154 156 160 162 163 168
24 134 135 136 137 139 141 142 143 146 148 150 151 152 154 155 156 159 160 161 162 163 164 167 168
11 136 139 140 144 145 146 149 153 161 162 163
12 141 142 143 145 146 147 150 154 157 160 162 163
18 135 137 141 143 148 149 152 156 157 158 159 160 161 162 164 166 167 168
16 135 137 138 140 143 144 145 149 150 153 154 155 158 165 167 168
11 137 138 140 147 148 151 157 162 163 165 168
14 134 135 137 139 140 144 145 147 148 149 160 164 165 166
17 136 137 142 143 144 145 147 148 149 150 154 155 158 159 162 166 168
12 134 136 137 143 145 146 147 149 150 163 164 166
12 134 137 141 142 148 151 153 154 158 159 161 167
17 135 137 138 139 144 146 147 148 149 150 152 154 156 158 163 166 168
18 134 136 137 138 139 143 148 149 150 153 154 155 157 158 161 163 165 166
22 134 140 141 142 143 145 148 149 150 152 154 155 156 157 158 159 161 162 163 165 166 168
11 137 142 145 146 152 156 159 162 164 165 167
17 135 136 138 139 140 142 144 150 154 155 157 158 160 162 163 165 168
12 137 139 140 144 149 150 152 153 155 159 162 168
13 137 138 139 140 141 143 146 153 155 156 158 159 162
14 134 136 137 139 140 141 144 146 149 151 154 157 160 165
19 134 136 137 138 140 143 144 146 148 149 150 151 154 155 156 159 160 165 166
14 137 138 140 142 143 144 145 146 150 152 153 154 159 160
11 137 138 146 147 149 150 158 162 163 165 167
21 135 136 138 139 141 142 144 145 147 148 152 155 156 157 158 161 163 164 165 166 167
19 134 135 137 138 139 140 144 146 148 149 150 151 155 158 159 160 166 167 168
14 134 139 142 147 148 149 150 152 154 159 160 161 165 168
16 134 137 138 139 140 143 144 146 153 154 155 157 158 162 165 167
24 134 135 136 137 139 140 141 142 143 144 145 147 148 150 151 154 155 159 160 161 163 165 167 168
18 134 138 139 141 142 145 147 148 149 155 156 158 161 163 164 165 167 168
24 134 135 137 138 139 140 142 143 146 147 148 149 151 152 153 154 156 159 160 161 163 164 165 167
23 135 136 138 141 143 144 145 146 147 148 149 152 153 154 155 157 158 160 162 163 164 165 166
16 135 136 137 138 140 141 151 152 153 154 156 159 161 163 164 165
23 134 136 137 138 139 141 142 145 146 148 149 150 152 155 157 158 159 162 163 164 165 166 168
22 134 136 137 138 139 140 141 142 145 147 148 149 151 153 155 156 158 160 161 164 165 168
11 134 140 142 145 146 148 149 155 156 162 165
22 135 140 142 143 144 145 147 149 150 151 153 154 155 156 157 158 162 163 165 166 167 168
23 135 136 137 139 140 141 142 143 147 148 150 151 152 153 154 156 157 158 159 162 163 164 165
14 134 135 137 141 142 143 145 147 150 152 155 156 160 162
12 135 137 142 146 148 149 150 152 160 161 165 167
13 137 138 139 141 143 145 148 149 153 155 162 163 164
11 135 142 147 149 151 152 154 161 163 165 166
15 134 138 140 143 144 145 148 149 151 152 158 161 162 163 167
16 134 135 140 141 143 144 146 149 151 154 158 159 161 162 164 166
17 135 136 138 139 140 145 147 149 151 153 154 157 160 161 163 167 168
12 144 145 148 152 155 156 157 158 160 161 165 166
16 134 135 136 137 140 143 146 149 150 151 156 157 161 163 164 165
22 135 137 138 140 142 144 145 147 149 150 152 153 156 158 159 160 161 162 163 164 165 167
22 137 138 139 140 141 142 143 144 145 147 148 150 151 155 158 159 161 162 163 164 166 168
14 134 135 136 138 140 151 152 154 157 160 161 162 166 168
12 134 136 142 150 152 155 156 159 162 163 165 166
19 137 138 139 140 141 143 145 147 148 149 152 154 156 157 158 160 161 163 165
13 134 138 139 140 147 148 150 156 160 161 162 167 168
13 137 141 145 146 148 149 152 153 154 165 166 167 168
13 134 135 138 141 143 145 147 149 154 155 158 159 163
16 134 135 138 139 140 141 142 147 148 150 154 156 157 160 165 168
17 134 135 137 140 142 143 144 145 146 148 154 156 159 161 162 163 168
16 134 135 138 140 141 144 146 148 149 150 152 154 158 159 160 161
14 135 136 137 147 150 151 152 153 156 160 162 163 167 168
16 134 136 138 142 144 145 147 150 151 152 153 159 162 163 166 168
15 134 135 138 140 148 150 151 155 157 158 159 160 162 165 168
18 136 137 139 141 142 145 146 147 148 150 152 155 159 160 161 164 165 166
10 135 136 142 143 147 148 155 159 164 168
22 134 135 136 137 141 145 146 147 148 149 150 152 153 155 156 161 162 163 165 166 167 168
11 135 136 138 142 144 153 154 156 162 166 168
12 135 139 141 147 152 154 155 156 158 160 163 167
22 134 135 138 139 140 141 143 145 146 152 155 156 157 158 160 161 162 163 165 166 167 168
17 134 135 136 137 141 144 146 147 150 151 153 155 157 158 162 166 168
23 135 136 138 139 143 145 146 147 149 150 151 152 153 154 157 158 159 160 161 163 166 167 168
14 137 138 141 143 144 147 148 149 150 153 154 156 157 164
21 134 135 136 138 139 144 145 146 148 149 153 154 155 156 157 158 160 163 165 167 168
23 136 137 138 139 141 143 144 146 147 150 152 154 155 156 157 158 159 160 161 164 165 166 167
20 134 135 136 137 140 141 142 146 147 148 149 154 155 157 158 160 161 162 164 166
24 135 137 138 139 140 142 143 144 145 146 148 149 150 151 154 155 157 159 162 163 164 165 166 167
17 136 137 138 139 140 142 143 144 145 150 154 156 159 161 162 165 168
15 134 136 137 147 149 150 154 155 156 157 159 160 162 163 167
19 135 136 137 138 139 140 142 143 145 146 148 149 150 154 156 158 161 164 167
13 143 146 147 149 150 151 154 155 157 158 160 162 167
10 137 138 140 145 146 149 154 165 167 168
11 137 142 145 146 148 154 155 156 162 165 166
17 135 136 137 138 139 140 142 143 153 154 155 156 157 160 162 166 167
15 135 136 139 140 144 146 149 152 155 156 157 160 161 165 168
14 134 136 138 139 142 146 148 151 152 154 155 157 158 166
22 134 136 137 138 139 140 141 145 146 147 148 151 153 156 157 160 161 163 164 165 166 167
20 136 138 141 142 143 144 145 147 148 151 152 153 154 159 160 161 162 163 165 167
10 137 138 144 145 147 148 152 153 157 167
22 135 136 138 140 141 142 144 145 146 149 150 151 152 153 156 158 160 162 163 164 165 167
17 134 136 137 138 139 140 142 146 150 151 152 155 157 158 159 166 167
14 141 144 146 149 150 151 152 155 156 160 161 163 166 167
20 134 138 139 140 141 143 144 145 146 147 149 150 156 158 159 162 163 165 167 168
17 135 138 139 140 143 144 147 150 152 155 156 160 162 164 166 167 168
12 139 141 145 146 147 150 153 158 160 164 166 168
11 134 138 141 142 143 144 149 150 155 162 165
16 136 137 138 139 140 145 149 150 151 152 154 157 161 163 165 166
20 135 136 138 139 141 142 143 144 145 146 150 151 152 155 157 160 161 164 165 168
15 134 137 138 139 140 144 146 150 152 157 158 162 163 164 168
13 135 137 138 139 147 151 153 159 160 161 162 165 166
16 134 136 139 140 141 143 145 148 153 157 158 161 162 163 164 166
22 134 135 138 139 140 141 142 143 144 150 151 152 156 157 158 159 160 161 163 165 167 168
22 134 135 139 140 141 142 143 144 145 146 150 151 154 156 157 158 159 160 163 164 166 168
16 135 136 137 142 143 147 148 150 151 152 155 158 161 162 166 168
18 134 135 136 141 142 144 145 147 148 149 153 155 157 158 161 162 163 167
18 134 135 136 140 143 146 150 151 152 153 154 155 157 159 160 163 164 168
16 135 136 142 146 147 148 149 151 152 153 155 160 162 163 164 165
21 136 138 139 142 144 145 146 147 148 149 152 153 155 156 158 160 161 162 163 165 168
18 138 139 140 141 143 145 147 149 151 155 156 157 158 161 162 163 165 167
22 135 136 137 139 140 143 146 147 148 149 150 151 152 153 158 159 160 161 163 164 166 168
21 134 136 138 141 142 145 147 149 150 151 152 153 154 155 156 158 159 162 164 165 167
20 134 135 136 137 138 139 141 142 145 149 152 153 155 157 158 159 161 164 167 168
16 134 135 136 138 140 143 146 147 150 152 160 162 165 166 167 168
13 135 138 142 144 146 147 148 150 152 153 156 159 165
15 134 136 140 142 143 144 146 147 155 158 159 160 164 165 167
11 136 137 139 140 142 145 152 153 156 159 164
13 137 138 139 143 144 147 148 149 150 159 160 163 167
17 139 141 142 144 147 148 149 150 151 153 158 159 160 161 164 166 167
18 135 138 139 140 141 143 144 147 148 149 150 152 153 159 161 163 166 167
13 134 137 138 141 143 144 148 149 152 154 156 157 160
17 135 137 139 140 141 142 145 147 149 150 153 155 163 164 165 166 168
13 134 135 138 141 147 148 151 152 155 159 161 162 168
23 134 136 137 143 145 146 147 148 149 150 153 154 155 156 157 158 159 160 163 164 165 167 168
16 138 140 141 142 143 145 148 150 151 154 158 159 160 163 165 167
24 134 136 139 140 141 142 143 144 146 147 148 149 150 151 153 156 157 158 159 161 162 163 167 168
5 170 173 175 180 187
7 171 172 176 179 182 183 184
4 174 176 178 186
7 171 176 178 181 183 184 185
7 174 175 176 179 180 181 185
8 171 172 173 174 180 182 186 190
4 169 174 179 190
12 170 172 173 174 176 177 179 184 185 187 188 189
4 180 181 184 188
11 170 172 174 175 176 177 178 179 183 186 190
8 169 170 178 180 184 185 187 189
12 169 170 172 173 174 175 182 184 186 188 189 190
6 169 170 171 178 181 185
5 171 178 181 186 190
11 172 176 177 179 182 184 185 186 187 188 189
5 170 173 181 186 190
4 169 170 178 189
10 171 177 178 180 181 183 184 186 187 188
5 169 175 180 182 183
4 173 175 182 187
4 174 177 179 189
11 171 172 174 175 177 183 184 185 186 187 190
5 170 173 186 187 189
7 170 171 172 179 184 185 189
3 179 181 187
4 181 186 188 190
6 169 173 175 177 185 187
10 171 176 177 178 179 180 181 183 185 187
9 171 172 174 176 178 181 182 183 189
2 174 182
10 171 174 175 176 180 182 184 185 188 189
7 173 175 180 183 184 185 190
7 171 176 178 181 187 188 189
9 171 172 174 178 179 184 186 188 190
11 169 171 173 180 181 182 184 185 187 188 189
6 171 175 176 177 179 188
10 169 172 174 180 182 183 184 186 187 190
4 173 177 189 190
8 170 171 177 179 182 187 188 189
3 169 172 181
7 176 179 185 186 187 188 189
7 172 173 174 175 180 183 184
4 171 179 185 187
10 169 171 172 177 178 182 183 184 188 190
5 176 182 186 189 190
7 170 173 175 177 179 188 189
3 170 172 180
11 169 170 173 176 178 179 180 181 182 188 189
9 169 171 177 179 183 184 187 188 189
5 170 172 173 186 190
8 170 172 176 178 182 183 185 186
8 172 174 175 176 178 180 182 185
4 177 179 187 188
7 173 175 178 179 180 182 183
5 175 179 183 186 188
3 172 176 180
5 171 176 178 181 185
15 169 173 174 175 176 177 178 180 181 182 183 186 187 188 190
3 169 183 185
4 177 179 181 184
9 170 174 175 177 178 181 184 186 190
6 169 171 174 175 179 187
8 169 176 180 182 184 187 189 190
6 175 176 183 185 187 188
7 172 173 174 179 183 184 186
8 172 173 174 181 182 183 186 190
9 170 171 172 173 174 177 178 181 185
13 169 170 173 175 177 179 180 184 185 186 187 188 190
15 169 170 171 172 174 176 177 181 184 185 186 187 188 189 190
10 169 171 173 175 177 178 181 183 184 190
5 170 175 180 182 190
6 169 172 182 186 188 190
6 170 176 177 180 181 189
3 169 177 185
8 170 172 173 175 176 182 185 189
6 169 173 182 183 188 189
4 169 177 178 183
5 170 174 178 180 189
11 169 170 171 173 174 175 178 180 181 183 190
3 182 186 188
5 172 176 179 182 183
4 169 180 182 184
1 180
4 173 175 182 183
1 179
6 170 172 178 183 185 186
2 180 184
4 172 182 186 190
5 176 183 185 187 188
7 172 174 176 179 183 186 190
7 169 174 182 183 186 187 190
3 184 185 189
3 181 186 188
2 169 178
1 180
9 169 170 173 176 178 179 181 188 189
1 172
6 171 176 178 187 188 189
9 169 173 175 180 184 185 186 187 190
4 175 183 184 185
3 177 189 190
5 174 177 184 185 190
6 171 177 183 184 187 189
5 169 176 179 180 182
4 170 171 172 184
5 172 173 174 175 183
6 169 171 177 179 188 189
8 171 174 175 180 182 184 185 188
2 172 180
6 171 172 174 178 188 190
3 174 178 189
7 171 176 184 186 187 188 190
3 169 177 183
2 181 187
1 176
8 169 170 179 180 184 187 188 190
5 170 173 175 179 188
6 170 171 174 177 181 185
3 171 172 176
5 171 178 181 183 184
5 171 172 178 184 190
3 171 177 179
4 171 176 177 179
10 169 173 176 177 178 180 182 186 188 190
3 174 178 180
2 176 189
3 169 174 190
3 173 186 189
4 173 175 179 189
2 174 177
2 174 179
4 169 180 184 187
2 170 180
3 176 182 190
2 185 187
7 176 180 182 184 187 189 190
2 176 186
2 177 179
1 176
2 174 177
3 170 178 189
3 171 178 181
2 173 189
4 171 179 184 189
4 171 178 181 185
5 172 173 175 183 184
3 173 186 190
3 170 173 186
6 169 171 180 181 184 189
3 177 179 184
1 182
5 171 178 181 187 188
4 169 171 178 181
2 175 187
3 171 181 185
4 170 180 185 189
5 172 173 175 182 185
2 170 180
3 180 182 183
9 169 170 176 178 179 180 181 188 189
5 170 178 185 187 189
6 172 173 175 176 185 189
1 180
6 172 173 181 182 183 186
2 181 186
3 177 179 189
9 169 171 173 180 181 184 185 187 189
7 170 175 177 178 181 184 190
2 177 184
10 169 173 176 177 178 181 182 183 186 190
10 174 176 177 178 180 181 182 183 186 188
6 172 174 178 184 186 190
2 177 181
3 173 181 186
7 174 175 177 181 184 186 190
3 177 178 183
4 170 175 180 187
3 176 177 181
4 169 173 182 183
6 171 173 174 182 186 190
3 169 171 185
5 169 180 182 187 189
2 169 180
2 169 182
3 179 181 184
1 183
8 169 171 173 180 181 182 184 187
3 174 178 180
1 180
3 174 178 189
4 170 171 181 185
7 171 177 178 180 181 183 186
4 170 173 186 187
3 169 173 177
6 173 175 178 179 182 183
4 176 179 182 184
3 173 175 187
3 175 176 179
3 169 174 179
4 171 178 181 185
2 186 190
2 171 187
2 179 181
4 169 175 182 183
3 179 187 189
5 175 176 178 186 190
6 169 170 176 179 181 182
6 169 170 178 180 184 185
3 181 186 188
2 179 187
3 169 170 178
2 172 180
2 177 187
4 176 183 185 188
6 169 170 178 180 187 189
2 173 190
5 171 176 177 179 185
5 171 172 173 174 182
2 178 189
8 171 176 178 180 181 183 185 187
2 179 187
4 172 175 180 184
7 173 180 181 182 184 187 188
4 179 180 181 185
5 171 174 175 184 186
6 173 175 180 183 185 190
6 169 180 181 184 187 188
5 176 178 181 183 185
6 171 174 180 182 186 190
7 169 176 182 184 187 189 190
5 171 181 187 188 189
6 171 174 184 185 186 187
6 170 173 174 179 185 189
1 174
4 169 173 182 189
6 170 176 178 182 183 186
3 169 172 188
5 181 183 186 187 188
3 170 181 186
2 175 182
7 171 172 178 182 183 184 188
7 174 177 178 181 184 186 190
4 170 172 184 185
3 169 175 180
2 177 184
12 169 173 174 175 176 178 181 183 186 187 188 190
5 171 178 187 188 189
4 169 170 178 180
2 170 172
4 172 176 179 182
3 182 186 189
5 174 181 182 183 186
9 170 172 173 176 179 185 187 188 189
3 173 186 190
2 174 179
6 171 176 181 187 188 189
6 171 177 178 181 183 188
1 185
4 171 178 183 184
8 170 173 175 177 179 185 186 188
10 169 170 172 173 174 175 182 186 188 190
5 171 178 181 187 188
5 171 176 181 184 185
3 170 173 186
2 181 190
1 187
6 176 179 182 184 185 189
3 174 179 189
8 171 172 177 182 183 184 188 190
3 175 177 188
4 172 179 182 183
4 170 178 180 185
6 174 176 177 179 186 190
1 176
12 169 173 175 176 177 178 180 182 183 186 187 190
11 169 173 174 175 176 177 178 180 181 183 188
5 173 174 181 183 190
8 169 172 174 180 182 184 187 190
2 172 176
6 173 177 184 185 187 190
4 169 178 181 185
4 175 180 182 183
3 170 173 187
6 170 172 176 178 183 186
3 175 179 188
3 170 173 186
3 183 185 188
4 169 175 179 187
3 171 176 185
9 169 170 175 177 179 180 184 185 186
3 170 173 181
5 173 174 182 183 186
6 169 170 177 179 185 186
2 176 189
2 179 185
6 172 179 182 184 188 189
2 175 182
5 180 181 184 188 189
5 169 172 186 188 190
2 179 187
1 180
6 171 172 174 176 182 189
5 171 176 181 187 188
2 171 185
2 174 180
2 173 189
4 170 175 177 188
2 175 190
3 169 170 181
3 170 173 180
1 169
2 169 177
4 182 183 188 189
4 170 171 177 188
7 169 171 173 175 178 181 183
2 174 176
5 169 172 182 188 190
6 178 179 184 186 188 190
5 169 180 182 187 189
3 169 174 179
2 179 187
8 169 170 173 176 178 180 188 189
4 170 176 180 181
5 179 186 187 188 189
5 169 182 186 188 190
8 173 180 181 182 185 187 188 189
3 174 175 179
2 176 178
6 169 170 171 173 174 181
2 186 188
4 175 180 182 183
2 177 179
3 177 179 184
7 170 172 175 182 186 188 189
6 171 172 184 186 188 190
2 170 190
1 172
5 172 178 182 183 186
1 169
6 170 175 177 178 181 184
1 172
9 173 174 175 176 178 180 182 188 190
5 169 174 184 186 190
3 175 183 186
2 179 187
2 169 185
3 169 172 188
4 169 176 182 190
2 169 185
6 170 177 179 187 188 189
8 171 172 173 174 177 178 181 185
3 177 187 188
5 171 183 184 187 190
5 169 180 184 189 190
3 185 186 187
8 170 172 174 176 177 178 186 190
3 175 182 183
1 169
1 172
3 179 186 188
9 169 170 173 176 179 180 182 188 189
3 179 187 188
6 171 177 179 187 188 189
2 179 185
4 172 174 181 189
2 176 190
4 174 175 180 182
1 180
3 172 173 190
6 172 174 178 180 182 185
2 177 179
4 173 181 186 190
2 179 189
6 170 175 176 178 179 190
7 169 170 177 181 188 189 190
3 169 175 182
2 175 182
4 182 186 189 190
4 176 182 189 190
4 169 173 182 183
1 183
2 174 180
5 172 176 178 183 185
5 172 174 183 186 190
4 169 170 187 189
3 173 175 184
8 169 173 174 175 181 186 187 190
10 169 170 173 180 184 185 186 187 188 190
2 169 178
4 176 178 181 188
2 173 177
4 175 177 181 186
3 177 179 189
2 173 182
4 170 173 175 187
7 170 174 175 178 181 184 186
1 180
8 169 171 173 177 178 181 183 184
2 177 187
5 173 174 179 183 184
3 174 178 186
1 170
7 172 176 177 179 185 187 189
3 173 180 183
5 172 173 182 185 189
7 171 175 176 182 184 185 189
7 170 171 177 179 182 188 189
7 169 173 180 184 186 187 188
7 172 174 175 176 178 180 185
2 179 188
5 173 180 183 185 190
10 173 174 176 178 181 183 186 187 188 190
6 173 179 180 181 182 189
4 169 173 177 185
12 169 170 171 174 175 176 178 184 185 186 187 188
13 169 171 172 174 175 176 178 183 184 185 186 187 189
14 169 170 172 173 178 179 180 181 183 186 187 188 189 190
13 169 171 173 177 178 179 180 181 183 185 186 188 189
14 169 172 173 175 176 177 179 180 181 182 184 186 187 190
7 170 171 173 177 179 182 186
6 171 172 173 174 175 183
9 169 170 172 173 174 175 182 186 189
8 169 172 178 181 184 186 187 188
7 173 178 182 183 184 187 190
12 170 173 175 176 178 179 180 181 184 186 188 190
6 171 172 177 186 187 190
12 169 171 173 177 180 182 185 186 187 188 189 190
13 169 170 173 174 176 177 178 179 180 182 183 188 190
7 173 177 178 181 182 187 188
14 169 170 171 172 173 175 177 181 182 183 184 187 188 190
8 169 177 178 181 182 185 186 187
14 170 171 172 173 174 175 177 178 179 180 186 187 189 190
8 169 171 174 175 176 178 179 182
15 170 172 173 174 175 176 177 179 182 183 184 187 188 189 190
14 169 170 171 172 173 174 175 176 178 179 184 187 189 190
8 173 175 177 178 180 183 184 189
12 170 171 175 176 177 178 180 181 182 183 184 186
10 170 172 173 174 178 183 184 188 189 190
7 171 173 178 183 184 185 187
14 170 172 173 174 175 179 180 181 182 183 186 187 188 190
9 170 172 175 176 177 179 181 183 188
7 169 171 181 183 184 187 188
11 169 171 174 175 176 177 178 179 184 188 190
12 169 170 171 172 173 175 177 180 182 184 187 188
14 169 171 172 174 176 178 180 181 183 186 187 188 189 190
9 170 173 175 181 183 184 186 189 190
9 170 171 172 175 177 182 184 185 189
7 170 173 180 182 185 186 189
8 173 178 179 180 183 184 185 187
9 170 175 177 180 181 184 185 188 190
13 169 170 171 172 174 180 182 183 186 187 188 189 190
10 171 172 173 174 178 181 182 183 185 188
12 169 170 171 174 177 178 179 180 182 185 187 190
10 169 175 176 178 179 180 181 182 187 190
14 169 171 173 175 176 177 178 179 180 182 183 184 186 188
12 170 171 172 176 178 179 181 183 184 185 187 188
11 169 175 177 178 180 182 184 185 187 188 189
9 169 171 176 177 178 179 181 188 189
8 169 172 178 180 183 185 186 188
10 169 175 176 179 181 182 184 186 187 189
12 170 171 172 173 174 177 179 180 181 187 189 190
7 172 173 176 179 181 185 190
11 170 172 174 176 177 180 182 184 185 188 190
15 171 172 173 174 175 176 178 179 184 185 186 187 188 189 190
13 169 171 172 173 174 176 180 182 183 184 188 189 190
8 169 172 175 179 182 183 186 190
7 178 179 182 183 186 189 190
8 169 171 173 175 179 182 185 190
10 169 172 173 174 175 178 180 183 184 185
11 171 173 174 178 179 181 182 183 185 188 189
11 172 174 175 176 178 182 183 184 186 188 189
9 170 171 174 175 176 180 181 185 190
10 172 173 175 177 179 180 181 182 188 189
13 169 171 172 173 174 175 178 180 181 183 184 188 189
13 171 172 174 175 176 177 181 182 184 186 187 188 190
14 169 171 173 174 175 176 177 178 180 182 186 188 189 190
9 170 173 175 176 178 179 181 185 187
8 169 174 175 177 181 184 186 187
8 172 173 175 176 180 186 187 188
14 170 171 172 175 177 181 183 184 185 186 187 188 189 190
9 169 170 178 180 181 183 184 185 186
11 172 173 174 177 178 182 185 186 187 188 189
8 169 170 173 174 180 182 183 186
13 169 170 172 175 176 178 179 181 184 186 187 189 190
7 169 173 181 183 184 186 190
10 169 172 174 175 177 179 180 184 185 190
7 169 170 173 175 176 187 190
14 170 174 175 176 177 178 179 180 181 184 185 187 188 189
8 170 171 173 180 182 183 187 188
7 169 176 177 184 186 188 190
12 170 171 174 175 176 177 178 180 184 185 186 187
7 173 183 184 185 187 188 190
12 169 171 172 175 176 177 178 179 181 182 185 190
9 174 176 178 179 181 185 187 188 189
13 170 171 172 173 176 177 181 182 183 184 185 188 189
13 170 172 174 176 177 179 181 182 183 185 186 187 188
15 171 172 173 174 175 176 178 181 182 184 185 186 187 189 190
13 169 170 172 173 175 177 179 182 183 185 186 187 188
10 171 173 175 176 179 183 184 185 188 190
8 170 171 174 176 178 180 185 187
11 169 172 173 175 177 180 181 182 183 184 187
9 173 179 181 182 183 186 187 188 189
10 169 170 172 178 182 183 184 186 188 189
14 169 170 172 173 175 176 179 180 181 182 184 185 187 190
11 170 171 173 174 175 177 182 183 185 187 188
13 169 170 172 173 178 179 181 183 184 186 187 188 189
7 170 171 172 177 181 184 185
8 169 174 179 180 182 186 189 190
14 169 170 171 174 175 178 181 182 183 186 187 188 189 190
13 172 173 174 175 177 178 179 180 183 184 186 187 190
15 169 170 172 174 175 176 177 178 181 182 183 184 186 188 189
7 175 176 177 184 186 188 189
10 169 170 172 174 175 176 179 180 181 187
12 170 172 174 175 176 177 178 182 185 186 187 190
9 170 171 174 179 181 182 183 184 188
6 171 172 176 180 182 188
12 171 172 174 175 178 181 182 183 184 185 186 188
10 170 171 172 177 178 181 183 185 188 189
12 169 170 172 174 177 178 179 180 181 182 184 185
12 170 171 173 176 177 178 181 182 184 185 188 190
11 169 170 171 172 173 174 175 179 183 184 187
8 171 178 179 181 182 183 189 190
14 169 171 173 176 177 178 179 180 181 183 184 186 188 189
11 171 174 175 177 179 180 182 186 188 189 190
8 175 176 177 180 182 183 187 188
7 169 172 180 181 188 189 190
11 171 172 174 179 180 182 185 186 187 188 190
8 170 171 172 174 176 178 181 187
6 177 178 183 184 186 187
10 174 176 177 180 181 183 184 188 189 190
10 171 172 175 176 177 179 182 183 185 189
12 171 172 173 175 177 178 180 181 184 185 187 188
6 176 177 184 186 188 190
8 170 171 172 173 174 180 188 190
14 169 171 173 175 176 178 179 181 182 184 186 187 188 190
15 169 170 172 173 174 175 176 177 178 179 185 186 187 188 190
12 169 171 172 175 177 179 181 182 185 186 189 190
9 169 171 172 173 176 179 180 181 188
14 173 175 176 177 179 180 181 183 184 185 186 187 188 189
7 169 170 171 172 180 184 186
9 170 172 174 176 179 181 186 189 190
11 171 172 175 176 177 179 181 182 185 186 190
12 171 173 174 175 176 179 181 184 185 186 187 188
13 169 170 171 173 175 177 179 181 183 184 186 187 189
10 169 176 178 179 180 181 184 185 189 190
12 170 171 172 174 177 178 179 180 181 187 189 190
10 169 171 178 180 181 182 185 186 189 190
9 169 174 175 177 180 182 184 186 187
9 170 171 172 173 177 178 182 186 190
11 169 170 171 172 174 176 181 183 185 186 189
13 170 172 173 175 177 181 182 184 185 187 188 189 190
12 170 173 174 176 177 179 180 183 184 185 187 188
8 169 173 179 183 187 188 189 190
8 171 177 180 182 183 184 185 189
7 171 173 174 175 179 183 185
8 170 174 176 179 180 181 182 186
15 169 170 172 173 174 175 177 179 181 182 183 184 185 186 190
15 169 170 171 172 173 175 176 177 178 179 181 183 184 185 186
8 171 173 175 179 181 183 187 189
12 172 174 175 176 177 178 179 181 183 184 188 190
14 170 171 172 174 175 178 179 180 181 182 183 185 188 190
13 170 173 174 176 178 179 182 183 184 185 187 189 190
7 171 176 177 184 187 189 190
7 170 175 177 180 184 187 188
10 169 170 176 178 180 182 183 187 189 190
13 172 173 176 178 179 180 181 182 183 185 188 189 190
6 171 173 178 179 181 188
12 171 173 174 176 179 181 182 184 185 187 188 190
9 170 171 173 175 176 177 184 185 186
14 169 171 173 175 176 177 179 181 182 184 185 187 188 190
12 169 170 175 176 177 179 180 183 185 186 187 189
14 169 170 171 172 173 175 176 178 179 180 182 184 185 189
13 169 173 176 177 178 181 183 184 185 186 187 188 189
7 171 174 176 182 186 187 190
7 169 172 179 181 183 186 190
10 169 170 172 176 180 181 182 186 187 188
15 169 170 171 173 175 176 177 178 179 180 181 183 184 185 186
14 169 170 173 174 175 177 178 179 180 182 184 185 187 188
10 169 171 172 174 175 178 181 182 183 190
9 169 174 175 176 179 185 186 187 190
11 169 170 173 174 176 177 178 179 181 185 186
9 170 171 174 175 179 183 185 186 189
7 175 179 181 184 185 187 189
12 172 173 174 177 179 181 182 183 184 185 188 189
14 169 172 173 174 175 177 179 180 182 183 184 186 189 190
6 169 172 184 187 189 190
6 169 170 174 176 180 184
12 169 171 172 175 176 177 179 181 183 184 185 188
13 169 170 171 172 173 176 177 178 181 184 185 187 188
13 170 171 172 173 179 180 181 184 185 187 188 189 190
14 170 173 174 175 176 177 181 182 183 184 185 186 189 190
7 169 170 174 180 183 189 190
10 169 171 176 177 178 179 181 182 183 190
14 169 170 172 175 176 177 179 180 182 183 185 187 188 189
12 169 172 173 175 179 180 181 182 183 185 187 188
15 169 171 172 173 174 178 179 181 182 183 184 185 186 187 190
9 169 170 173 175 178 180 184 186 188
12 170 171 172 173 179 183 184 185 187 188 189 190
7 172 176 177 178 181 185 187
14 169 173 174 175 176 177 180 184 185 186 187 188 189 190
14 169 172 174 176 177 178 180 181 182 183 185 186 188 189
12 174 175 176 177 178 179 180 183 187 188 189 190
10 170 171 172 176 182 183 184 188 189 190
8 171 173 176 178 180 181 185 189
14 169 170 171 172 173 174 176 177 179 181 182 183 184 188
10 169 170 172 177 178 180 181 182 186 187
10 169 170 172 173 174 175 177 178 185 188
7 176 177 180 181 182 183 188
13 171 172 174 175 176 177 179 180 182 185 186 187 189
9 169 170 172 175 176 183 186 189 190
13 170 172 174 176 178 179 180 181 184 185 186 187 190
9 172 174 175 178 179 184 186 187 188
8 171 173 174 180 181 182 183 189
15 169 170 171 174 175 176 180 183 184 185 186 187 188 189 190
10 169 170 175 177 178 182 183 187 189 190
12 171 173 174 176 177 178 179 181 182 187 188 190
12 169 170 171 172 175 177 178 181 182 185 188 190
14 170 171 173 176 178 179 180 183 184 186 187 188 189 190
12 170 171 172 176 179 180 181 184 185 187 189 190
6 170 172 177 178 181 190
11 169 173 175 180 181 183 184 186 187 188 189
8 169 171 173 178 181 182 189 190
14 169 173 175 176 177 178 181 182 183 184 186 187 188 189
8 171 172 177 178 183 184 185 189
9 169 170 171 172 174 179 182 185 190
8 169 170 171 172 181 183 185 190
14 169 170 172 175 176 177 178 180 182 183 184 185 188 190
12 169 170 172 174 176 177 181 182 184 186 188 189
13 169 170 173 175 177 178 180 182 183 184 185 187 189
14 171 172 173 174 175 176 177 180 181 184 186 187 188 189
9 169 175 176 177 180 182 185 186 190
12 170 171 172 174 175 176 177 179 182 183 186 189
14 169 170 171 172 173 176 179 182 184 185 186 187 189 190
10 171 175 176 180 185 186 187 188 189 190
8 169 171 172 173 175 177 182 185
11 172 174 178 180 183 184 185 187 188 189 190
14 169 170 171 176 177 179 180 181 182 184 185 186 188 189
13 170 171 174 175 176 178 179 182 183 186 187 188 190
15 169 170 171 172 174 175 176 177 180 184 185 186 187 189 190
12 169 174 175 178 179 182 184 186 187 188 189 190
12 170 171 174 175 177 178 179 180 181 183 185 186
7 173 180 181 183 184 186 187
9 169 173 175 179 182 183 186 187 188
7 169 170 173 174 175 185 187
14 169 170 171 173 174 175 177 179 180 181 185 186 188 190
9 169 170 175 177 182 183 185 188 189
6 172 173 182 183 185 189
15 169 170 171 176 177 178 179 180 181 182 183 184 186 187 189
10 171 175 176 180 183 184 186 188 189 190
14 170 172 173 175 177 178 180 181 182 183 184 185 187 189
8 170 172 175 176 183 184 188 189
13 171 172 173 176 177 179 183 184 185 186 187 188 189
7 170 171 175 179 180 183 184
14 169 170 172 173 175 176 177 178 179 182 183 186 188 190
9 169 170 171 176 179 184 185 187 190
13 171 172 175 176 177 178 183 184 185 186 187 189 190
8 170 172 174 175 177 182 185 186
10 169 170 171 174 175 176 178 186 188 190
10 169 172 173 177 180 181 184 185 189 190
9 169 176 177 178 179 183 184 186 188
13 172 175 177 178 179 180 181 182 184 186 187 188 190
11 169 173 174 175 176 177 178 182 184 185 186
11 169 170 174 175 176 177 182 183 186 187 188
8 169 174 178 179 180 183 188 189
9 169 171 173 177 178 181 184 187 190
10 170 171 172 173 178 179 185 186 189 190
7 171 172 173 177 178 179 190
12 169 172 173 174 176 177 178 179 183 185 189 190
13 169 172 173 174 175 180 181 183 184 185 186 189 190
8 169 171 176 179 181 184 186 189
11 169 170 172 173 175 179 180 181 184 189 190
7 177 182 185 186 187 188 189
6 170 172 173 177 178 186
9 170 172 177 179 180 182 185 188 190
14 170 172 173 174 176 177 178 179 181 184 185 186 187 190
9 169 170 171 175 180 184 185 186 190
9 171 173 175 176 177 178 180 182 190
12 172 175 178 179 180 181 182 183 184 185 186 190
7 169 172 177 180 184 187 190
12 169 171 173 176 178 179 181 182 183 186 187 189
7 171 173 174 176 183 186 189
14 169 170 172 173 174 175 176 177 178 181 184 186 187 188
9 169 175 177 179 181 183 184 188 189
7 170 178 180 181 182 183 184
9 169 174 176 177 178 185 187 188 190
14 170 174 175 177 178 179 180 181 182 183 185 187 188 189
8 169 170 171 172 177 178 185 190
13 169 170 171 173 175 176 181 182 184 185 186 189 190
10 172 173 174 176 178 181 182 186 187 188
9 171 174 179 180 181 182 183 184 189
13 170 172 173 174 176 178 179 180 184 185 187 188 190
15 169 171 172 173 175 176 177 179 180 182 184 185 186 188 190
13 169 170 172 175 176 177 178 181 184 186 187 188 190
7 170 174 175 177 178 185 188
13 172 173 174 175 176 177 178 179 180 181 185 188 190
11 169 170 171 173 174 176 179 183 184 188 189
9 170 171 172 174 180 181 184 185 188
14 169 172 173 174 177 178 180 181 182 183 185 186 187 188
15 169 170 171 172 174 176 177 178 180 183 184 185 188 189 190
9 170 173 174 179 181 182 185 186 189
11 169 171 172 174 175 177 182 184 185 186 187
7 169 177 179 181 183 184 185
7 176 178 179 181 183 185 187
7 169 176 180 185 186 187 190
10 170 173 174 176 180 181 183 185 186 189
8 170 171 173 177 180 184 187 190
12 169 171 174 175 180 181 182 183 184 185 187 190
7 175 176 177 183 184 185 188
7 172 174 175 176 182 184 188
8 169 170 171 177 181 187 189 190
13 171 172 173 177 180 182 184 185 186 187 188 189 190
7 170 175 179 181 186 188 189
7 169 170 172 180 181 188 189
13 169 170 171 172 175 176 179 183 185 187 188 189 190
8 175 176 178 179 180 181 183 188
9 172 177 178 180 181 183 185 188 189
7 175 176 178 179 184 187 189
15 169 170 171 172 173 175 176 177 179 182 183 185 187 188 189
7 169 172 174 176 181 183 190
13 169 171 172 173 177 178 179 180 183 184 185 186 187
12 169 171 174 175 176 178 181 182 184 186 188 190
9 171 172 174 176 177 179 182 183 188
6 170 178 179 183 185 186
13 169 171 172 174 176 179 180 181 182 186 188 189 190
14 169 170 172 173 174 175 177 180 182 183 186 187 188 189
13 169 171 173 174 176 178 179 183 185 186 187 188 189
12 169 171 172 173 175 177 178 184 185 188 189 190
8 169 171 174 181 184 186 187 188
6 169 172 174 179 181 185
7 171 176 177 180 181 184 186
11 170 177 178 181 183 184 185 186 187 188 189
9 169 172 176 180 181 184 185 188 190
13 170 172 173 174 175 176 178 180 182 183 184 186 189
8 170 171 172 174 178 181 184 185
11 172 174 175 176 177 178 179 182 185 186 189
15 170 171 173 174 175 176 177 179 180 182 183 185 186 188 189
11 172 173 175 176 177 180 181 185 186 188 189
14 169 172 173 179 180 182 183 184 185 186 187 188 189 190
12 170 171 172 173 174 176 178 180 182 183 184 190
8 169 170 178 179 180 183 188 190
10 169 172 173 175 182 183 184 186 188 190
13 169 173 175 177 178 179 182 183 185 186 187 188 190
14 169 170 171 172 174 176 178 179 181 185 186 187 188 189
9 169 170 173 176 179 182 183 189 190
14 169 171 172 173 174 175 176 177 178 181 182 187 188 189
11 169 172 173 176 179 183 184 185 186 187 188
9 169 170 176 181 182 183 185 188 190
8 170 172 173 178 179 182 183 190
14 169 170 172 173 174 175 177 178 183 185 186 188 189 190
14 169 172 173 175 179 180 181 182 183 184 185 186 187 190
18 196 198 203 205 207 210 219 222 223 225 228 233 234 235 239 241 242 243
10 201 216 220 226 228 232 236 237 241 243
18 191 194 203 207 212 215 216 218 220 221 225 226 229 230 231 233 235 239
23 193 195 196 197 198 199 202 212 215 216 217 221 225 226 228 230 233 235 239 240 241 243 244
21 191 192 205 206 208 209 210 213 214 222 223 229 231 232 234 236 237 238 242 245 246
12 191 197 203 206 207 214 219 220 223 229 235 238
18 192 193 204 218 219 222 229 230 231 232 234 235 237 240 241 242 245 246
9 209 211 217 223 229 233 237 238 240
7 204 205 206 212 225 234 245
22 191 192 194 196 202 207 211 213 216 218 221 222 223 224 225 226 227 228 229 234 240 244
24 191 194 195 196 198 204 207 209 211 216 217 223 225 227 228 230 231 232 234 240 241 242 244 245
8 195 200 222 226 231 232 244 245
28 193 195 197 200 201 202 203 204 205 206 207 208 210 212 213 216 220 221 222 224 225 227 228 230 231 236 243 245
20 194 195 200 206 210 215 217 218 219 222 224 225 226 227 229 231 239 242 245 246
18 191 192 193 194 196 201 206 209 212 214 216 219 225 227 228 231 243 244
12 201 206 208 210 212 214 217 231 233 237 243 246
9 202 206 209 213 215 216 220 231 240
14 193 195 203 204 217 224 229 233 234 235 236 238 240 242
15 191 194 199 200 201 211 212 214 224 226 232 236 237 238 244
23 197 199 200 202 203 208 210 211 213 215 217 218 220 221 222 224 230 232 233 235 236 237 246
18 195 197 203 204 206 207 209 212 215 216 220 222 223 230 232 234 242 246
9 191 192 201 205 207 216 226 232 239
15 193 195 200 203 204 209 210 214 218 219 230 235 242 243 244
17 191 199 207 208 209 210 211 214 215 217 219 220 226 230 231 237 240
21 192 194 195 197 198 199 200 202 206 209 210 211 213 216 217 218 219 221 226 241 242
19 192 201 207 208 209 210 212 214 215 217 222 224 227 229 231 236 237 238 243
6 202 218 219 222 230 244
11 191 203 207 219 222 223 227 228 235 236 246
29 191 193 194 195 196 197 198 199 201 204 206 208 210 211 212 213 214 215 217 220 222 228 230 232 233 235 242 245 246
18 191 194 200 208 213 214 218 219 224 225 227 228 229 236 237 240 243 244
26 191 192 195 196 203 206 207 208 211 212 214 215 220 221 223 226 227 228 229 232 233 234 237 239 240 241
12 203 204 207 214 220 224 226 228 234 243 244 245
27 192 200 202 203 205 207 209 216 218 219 221 223 224 225 226 227 229 231 234 236 237 238 239 240 241 243 244
11 191 196 201 203 205 220 229 232 234 235 237
21 191 196 197 198 205 206 207 208 212 215 220 221 224 225 227 231 234 237 238 240 245
13 207 208 212 222 223 224 230 231 236 240 243 244 245
13 195 200 202 214 217 223 224 227 234 238 243 244 245
15 193 198 204 206 213 216 217 218 222 229 230 237 239 240 246
38 191 194 195 196 197 198 199 200 201 202 203 205 206 207 208 209 210 211 212 213 214 215 216 217 220 221 223 224 225 226 227 228 233 236 238 239 243 244
18 193 199 201 202 203 204 207 209 212 213 220 223 233 234 236 238 241 244
27 192 194 195 196 197 198 199 200 203 204 205 206 207 208 210 211 212 213 215 221 223 224 233 234 235 238 245
30 193 194 197 198 199 200 201 202 204 205 209 210 213 216 217 218 219 222 224 225 230 231 235 236 238 242 243 244 245 246
22 193 195 197 198 199 200 203 204 205 209 215 219 220 230 232 235 236 238 239 241 242 245
20 191 197 200 201 205 208 211 212 214 215 219 220 223 225 231 234 235 236 241 244
17 192 198 199 201 202 204 205 208 210 216 218 221 224 225 233 234 240
26 191 192 193 197 200 201 203 209 210 211 214 216 219 220 221 226 229 230 231 232 236 237 241 242 243 245
19 191 192 194 196 198 199 214 215 218 219 226 232 234 235 239 241 242 244 246
18 192 195 198 200 205 209 219 221 222 223 230 231 233 236 237 238 240 242
21 192 194 195 196 199 202 203 207 209 210 221 224 226 227 228 232 233 238 242 243 245
13 192 193 197 210 213 218 220 221 224 233 235 236 237
19 193 194 196 209 211 212 213 215 217 227 228 230 236 237 239 241 242 243 246
19 199 200 201 202 203 205 206 208 212 214 215 219 222 226 229 238 239 243 246
26 193 194 195 196 197 198 200 201 202 205 206 212 213 218 221 223 224 227 228 232 233 239 242 243 244 246
12 194 200 201 203 204 207 211 218 219 220 224 227
12 193 194 210 212 215 217 225 227 229 232 235 241
15 193 195 197 198 204 207 208 217 219 231 232 233 238 242 246
20 194 195 197 198 199 202 203 213 216 218 219 221 223 228 233 235 239 240 242 244
15 195 198 204 205 207 223 226 229 234 238 239 240 241 242 245
17 192 193 196 197 201 204 205 206 209 210 213 219 222 228 236 237 240
20 192 194 199 201 202 211 213 216 217 222 223 226 228 229 232 233 236 239 241 246
13 191 193 209 214 217 225 227 229 231 239 240 242 246
14 192 193 195 197 204 208 217 218 221 227 229 230 245 246
19 192 194 197 200 201 202 211 213 214 220 224 229 232 237 240 241 242 243 244
18 191 192 196 197 198 205 208 211 214 216 221 228 230 232 235 237 240 243
11 193 204 214 215 225 227 228 233 238 239 246
8 198 199 208 211 232 241 242 246
20 192 193 196 198 199 201 202 205 210 211 217 221 226 231 233 235 238 239 241 245
14 191 196 197 199 201 202 206 208 211 213 216 218 239 246
31 191 192 194 197 199 202 203 209 210 211 213 214 215 216 219 220 223 226 227 228 229 230 231 233 234 236 237 238 239 242 244
16 196 200 205 209 212 213 221 226 228 229 230 234 236 237 241 244
19 193 195 196 198 199 208 209 210 215 216 217 218 221 226 230 231 233 238 239
30 194 195 196 198 199 202 204 205 206 207 208 212 213 215 217 218 222 223 224 225 227 228 233 234 235 238 239 240 244 246
17 194 196 197 199 206 208 209 210 211 214 220 222 227 228 231 245 246
13 191 192 194 202 211 214 218 222 223 225 235 239 245
25 193 195 196 198 200 201 204 205 206 207 208 212 217 218 221 222 224 225 232 235 240 241 243 245 246
17 191 193 196 200 204 205 206 211 220 225 226 230 232 234 241 245 246
16 198 200 202 212 213 215 218 219 221 223 225 230 237 241 243 244
12 199 201 203 206 210 215 216 220 224 227 240 243
13 192 203 204 216 222 225 229 234 235 236 238 241 245
10 191 197 203 207 214 219 223 229 235 238
13 195 197 198 199 203 213 216 228 233 235 239 240 242
11 194 195 197 199 203 216 218 219 233 242 244
19 192 200 202 203 205 207 209 218 225 226 231 234 236 238 239 240 241 243 244
9 191 194 203 207 215 218 220 225 229
4 202 218 219 222
16 195 201 203 207 210 213 216 220 224 225 227 228 230 236 243 245
8 191 194 211 214 232 236 237 244
12 191 192 194 196 214 218 219 232 234 241 244 246
8 208 222 223 230 231 236 243 244
21 193 195 200 201 202 203 204 205 208 210 213 220 221 224 225 227 228 230 236 243 245
10 194 203 207 215 218 220 221 226 229 233
12 193 195 196 199 202 216 221 225 228 230 235 240
17 199 201 202 211 213 216 217 222 223 226 228 229 232 233 236 241 246
11 192 197 210 213 218 220 221 224 233 235 236
24 194 197 198 200 201 202 204 205 209 213 218 219 222 224 225 230 231 235 236 238 242 243 244 246
13 191 192 197 198 208 214 221 228 230 232 235 240 243
14 198 199 203 205 208 210 211 212 213 215 221 223 233 235
14 195 197 204 206 207 209 212 216 220 222 223 234 242 246
15 192 195 198 205 209 219 221 223 231 233 236 237 238 240 242
14 193 196 204 205 206 211 220 225 226 230 232 234 245 246
16 193 194 196 209 211 213 217 227 228 230 236 237 239 242 243 246
12 193 204 206 213 216 217 218 229 230 239 240 246
8 193 198 204 213 217 218 230 237
9 203 207 214 220 224 228 243 244 245
21 191 192 193 197 200 201 203 209 211 214 216 219 220 221 230 231 232 236 237 241 243
14 192 193 196 199 201 202 210 211 217 221 231 233 238 239
14 194 196 198 207 209 216 225 227 228 232 234 240 242 244
16 194 195 200 206 210 215 218 219 222 224 226 227 229 231 242 245
16 193 196 208 209 210 215 216 217 218 221 226 230 231 233 238 239
5 206 209 215 216 240
20 194 195 196 199 202 204 205 206 207 208 212 213 215 217 233 235 239 240 244 246
15 194 195 197 198 199 202 203 213 216 219 221 223 235 239 242
11 191 199 208 211 214 215 219 220 226 231 237
9 195 200 204 209 218 219 235 243 244
12 193 199 201 202 203 204 209 212 234 236 238 241
7 191 192 201 207 216 226 239
7 202 206 209 215 216 220 240
6 191 192 205 207 226 239
12 192 195 198 200 205 222 223 230 231 236 237 240
19 191 194 197 199 203 210 214 216 219 227 229 230 233 234 236 237 238 239 242
21 192 200 202 203 205 207 209 218 219 221 223 224 225 227 231 234 236 237 238 239 243
5 201 220 226 228 236
14 191 194 203 207 212 215 218 220 221 225 226 233 235 239
12 192 193 195 197 204 208 217 218 221 229 230 245
4 195 200 222 232
10 191 200 208 213 214 224 225 229 236 244
11 191 193 196 200 204 205 206 211 225 226 234
11 194 202 211 213 214 220 229 237 240 241 243
6 209 217 223 233 237 238
8 207 214 219 220 223 229 235 238
9 193 196 204 205 206 209 213 222 228
12 193 195 203 204 209 210 214 219 230 235 242 244
7 202 209 213 215 216 220 231
10 191 194 196 198 199 214 218 234 242 246
9 201 206 208 212 214 217 231 233 237
15 192 202 205 207 209 218 221 224 226 227 229 236 238 239 241
23 194 195 196 199 200 201 202 205 206 208 209 212 213 214 215 216 217 227 228 233 236 239 243
17 194 195 198 199 200 202 209 210 211 213 217 218 219 221 226 241 242
8 200 209 212 213 226 228 229 236
10 193 195 204 217 224 233 234 235 238 240
6 193 194 215 227 232 241
12 194 203 207 215 218 221 225 226 229 230 233 239
9 191 203 207 219 223 227 235 236 246
13 195 203 204 206 207 212 215 216 223 230 234 242 246
17 191 192 205 206 208 209 210 222 223 229 231 232 234 236 237 242 246
20 191 192 202 203 209 210 213 214 215 220 226 229 231 233 234 236 238 239 242 244
12 197 203 206 209 212 220 222 223 230 232 242 246
8 191 194 202 222 225 235 239 245
24 191 192 194 197 199 202 203 209 210 211 214 215 216 220 223 227 229 230 233 234 236 238 242 244
6 202 209 213 215 216 240
9 193 195 197 207 208 217 231 232 242
18 192 194 195 198 199 202 206 210 211 213 216 217 218 219 221 226 241 242
11 191 196 197 208 212 215 221 225 227 231 238
4 195 226 231 232
6 203 207 219 222 236 246
14 194 195 197 199 202 203 218 219 221 228 233 235 240 242
14 193 195 198 199 202 212 217 225 228 233 235 240 241 243
12 194 200 213 214 218 219 224 225 229 236 240 244
12 194 196 209 211 212 213 217 227 237 239 242 246
12 193 195 203 204 209 214 218 219 230 235 242 243
18 192 195 196 197 203 204 205 206 207 210 211 213 215 221 224 234 238 245
8 197 203 206 207 219 223 229 235
15 194 195 206 215 217 218 222 224 225 226 227 229 231 239 242
12 192 193 196 201 206 209 216 225 227 231 243 244
11 193 195 204 224 229 233 234 235 236 238 240
3 222 230 244
16 191 192 194 202 207 213 216 218 222 223 226 227 229 234 240 244
5 202 219 222 230 244
9 195 198 204 205 207 226 239 241 245
22 192 200 202 203 207 216 218 221 223 224 225 226 229 231 234 236 237 238 239 240 241 244
6 201 216 226 228 236 237
11 191 193 196 205 206 211 226 230 232 245 246
11 207 208 210 212 215 217 227 231 236 237 243
10 192 198 209 219 221 230 231 236 237 238
14 193 195 197 198 199 200 203 204 205 209 219 220 232 238
5 211 223 237 238 240
12 191 192 196 208 214 221 228 230 232 235 237 240
18 192 194 195 197 198 200 202 206 209 210 211 213 216 217 219 221 226 241
4 208 211 232 246
10 196 197 199 209 210 214 220 227 228 245
22 192 195 196 197 199 200 204 205 206 207 208 210 212 213 215 221 223 224 233 234 238 245
13 193 195 197 198 199 204 205 220 232 236 239 242 245
11 194 199 201 202 222 223 226 228 229 232 239
9 201 206 208 210 212 214 217 233 246
20 192 200 202 207 209 216 219 221 223 224 226 227 229 231 234 236 237 239 240 243
7 203 207 219 222 227 235 236
8 205 213 221 226 228 230 241 244
17 191 196 202 211 213 216 218 221 223 224 225 226 227 228 229 234 244
12 196 198 205 210 211 217 221 231 233 235 238 239
15 199 200 201 202 205 206 208 212 215 219 229 238 239 243 246
21 191 193 195 196 197 199 201 206 208 210 211 212 213 215 217 220 230 232 235 242 245
16 191 194 196 198 199 214 215 219 226 232 234 235 239 241 244 246
10 192 201 207 209 212 222 224 227 229 231
10 191 207 211 214 215 219 220 226 237 240
8 200 202 214 217 224 227 243 245
7 202 206 209 213 216 220 231
11 193 209 214 217 225 227 229 239 240 242 246
13 192 193 197 201 204 205 209 210 213 228 236 237 240
13 191 192 205 208 214 216 228 230 232 235 237 240 243
10 192 198 199 201 204 205 216 218 224 233
21 192 194 195 196 197 198 203 204 205 206 207 208 210 211 212 221 224 234 235 238 245
7 201 216 220 232 236 237 241
7 201 203 215 224 227 240 243
24 193 194 197 198 199 200 202 204 205 209 213 217 219 222 224 225 230 231 235 236 242 244 245 246
9 203 207 220 226 228 234 243 244 245
12 195 217 218 219 224 225 226 227 229 231 239 246
18 193 195 197 202 203 204 205 207 208 216 220 221 222 225 227 231 243 245
10 201 202 203 204 207 223 233 234 236 238
5 202 218 219 222 230
10 193 198 204 207 208 219 231 238 242 246
9 191 196 201 203 220 229 232 234 235
8 191 192 201 207 216 226 232 239
7 192 203 204 216 222 225 238
12 195 198 204 205 207 223 234 238 239 240 242 245
17 194 195 206 210 215 217 218 222 224 225 226 227 229 231 239 242 246
29 194 195 197 198 200 202 203 205 206 207 208 209 210 211 212 213 215 216 220 223 224 226 227 228 233 236 238 243 244
9 193 204 215 225 227 228 233 239 246
9 200 211 220 226 230 232 234 241 246
14 193 199 201 202 203 204 207 209 212 213 223 233 236 244
10 195 198 205 207 226 234 238 239 240 245
3 205 206 245
10 199 200 201 203 206 208 212 214 215 239
9 193 195 217 224 229 233 235 238 242
12 195 198 204 207 226 229 234 238 239 240 241 245
8 193 204 214 215 225 227 228 246
10 191 197 203 207 214 219 220 229 235 238
25 191 194 195 198 199 201 202 203 205 206 208 211 212 214 215 216 217 220 223 225 226 233 236 238 243
13 195 203 206 207 212 216 220 222 223 230 232 234 242
11 191 205 208 211 219 220 231 235 236 241 244
17 192 194 199 201 211 216 217 222 223 226 228 229 232 233 236 239 246
29 194 195 196 198 199 200 201 202 207 209 210 211 212 213 214 215 216 217 220 221 223 224 226 227 233 236 239 243 244
23 192 194 195 196 197 198 200 203 206 208 210 211 212 213 215 221 223 224 233 234 235 238 245
24 193 197 200 202 203 204 205 207 208 210 212 216 220 221 222 224 225 227 228 230 231 236 243 245
15 192 195 198 199 200 202 206 211 213 217 218 219 226 241 242
6 192 201 207 216 226 239
21 191 194 195 196 198 207 209 211 216 217 223 225 227 230 231 232 234 241 242 244 245
15 191 194 200 208 213 214 218 224 225 228 229 236 237 240 244
11 194 195 200 206 210 219 222 224 226 229 239
10 203 204 207 214 220 224 226 228 244 245
7 191 192 205 207 216 232 239
7 199 203 206 210 216 220 227
13 194 195 197 198 199 203 213 219 221 223 235 240 244
6 219 222 223 227 228 236
9 191 193 209 214 217 225 239 240 242
23 194 197 199 202 203 209 210 211 213 214 215 216 219 220 226 227 229 230 231 234 237 239 244
12 194 197 198 213 218 221 228 233 235 240 242 244
16 191 192 194 198 199 214 219 226 232 234 235 239 241 242 244 246
9 193 195 203 217 233 235 236 238 240
20 193 197 198 199 201 202 213 216 217 219 222 225 230 231 236 238 242 243 245 246
10 206 213 217 222 229 230 237 239 240 246
14 195 198 199 203 205 209 215 220 230 232 236 238 239 242
15 193 197 198 199 200 204 205 215 219 220 232 236 239 242 245
8 198 204 223 229 234 238 239 245
10 196 203 205 210 219 223 233 235 242 243
19 191 194 195 196 197 198 199 201 204 211 212 214 215 217 230 232 233 242 245
12 198 205 223 226 229 234 238 239 240 241 242 245
22 191 193 194 195 196 197 199 204 208 210 212 213 214 215 220 222 230 232 233 235 242 245
8 191 197 206 214 220 223 235 238
11 198 200 209 219 221 222 231 233 236 240 242
10 194 200 208 214 219 224 225 228 240 244
7 192 193 210 213 220 235 237
11 193 209 214 217 225 227 229 231 239 242 246
19 193 195 197 198 199 203 209 215 219 220 230 232 235 236 238 239 241 242 245
8 201 216 220 226 228 232 236 243
5 201 216 228 232 237
13 194 196 197 199 206 208 210 211 222 227 228 231 245
10 199 206 210 215 216 220 224 227 240 243
20 192 193 197 200 201 209 210 211 214 216 219 220 226 229 230 231 236 237 242 245
10 191 193 214 225 227 231 239 240 242 246
21 192 194 195 196 200 204 206 207 208 210 211 212 213 215 221 223 224 233 234 235 238
6 200 201 211 219 220 227
12 193 195 203 204 217 229 233 234 235 236 238 240
16 195 196 198 199 208 210 215 216 217 221 226 230 231 233 238 239
6 209 213 216 220 231 240
10 200 215 217 222 224 225 229 239 242 246
18 192 202 209 210 213 214 215 220 223 226 227 228 230 233 237 238 242 244
10 193 214 217 225 227 229 231 240 242 246
3 218 219 222
13 192 198 204 205 208 210 216 218 221 225 233 234 240
15 193 197 200 204 205 209 215 219 220 230 235 236 238 241 242
15 191 192 206 209 210 213 214 223 231 236 237 238 242 245 246
14 192 195 198 200 205 209 219 222 223 230 231 236 237 240
21 191 194 196 198 200 201 203 205 208 210 212 213 214 216 217 223 224 226 238 239 244
11 193 195 199 208 209 218 230 231 233 238 239
7 191 197 203 206 220 223 235
19 191 192 193 201 203 209 214 216 219 226 229 230 231 232 236 237 241 242 243
19 197 199 202 208 210 211 213 215 217 220 221 222 224 230 232 233 235 236 237
14 192 194 196 199 214 215 218 219 232 235 239 241 244 246
9 193 194 196 211 213 215 228 242 243
8 193 216 217 218 229 230 237 246
15 191 196 197 205 207 215 220 224 225 227 231 234 237 240 245
12 193 195 203 204 217 229 233 235 236 238 240 242
11 191 194 202 211 218 222 223 225 235 239 245
11 193 194 211 212 215 217 227 228 230 237 241
10 191 192 193 194 196 201 209 216 219 228
18 197 199 200 202 203 208 211 213 215 217 218 220 222 232 233 235 237 246
11 192 193 195 208 217 221 227 229 230 245 246
18 192 202 203 207 209 218 219 221 223 225 226 231 237 238 239 241 243 244
14 202 203 208 211 215 218 220 222 224 230 233 235 236 237
11 191 194 200 201 211 214 224 226 232 236 244
7 192 194 214 218 222 223 235
24 191 194 195 196 197 198 201 206 208 210 211 212 213 214 215 217 220 222 230 232 233 235 242 246
34 191 192 196 197 198 200 201 203 205 206 207 208 211 212 214 215 216 217 218 219 220 221 222 223 224 227 228 230 231 233 239 240 241 245
29 191 193 197 198 199 202 203 205 206 207 208 209 210 214 217 218 219 220 222 228 230 232 233 234 237 241 242 244 245
21 193 198 200 201 206 207 209 213 214 216 217 218 220 226 227 229 230 231 237 239 241
21 193 194 196 198 200 203 210 214 220 221 223 225 226 228 232 233 239 240 241 243 244
27 193 195 199 201 203 208 209 212 217 218 219 221 222 223 224 227 229 232 234 235 236 240 241 242 243 245 246
38 191 193 195 197 198 199 200 201 202 204 205 206 212 214 216 218 219 220 221 222 223 225 226 227 228 229 230 234 235 238 239 240 241 242 243 244 245 246
31 191 192 193 194 196 199 201 202 206 207 209 210 213 214 215 222 223 224 225 227 230 231 233 235 238 240 241 242 243 245 246
26 191 192 193 196 200 201 203 204 205 206 208 210 215 221 224 225 226 227 229 235 237 238 241 243 245 246
36 191 193 194 196 197 199 200 201 202 203 207 208 212 213 214 217 218 219 220 221 222 223 226 227 228 230 231 235 236 237 238 239 241 244 245 246
22 192 197 198 199 200 203 205 208 211 212 213 214 215 219 223 224 226 227 229 232 236 245
23 193 194 196 199 204 205 206 207 215 216 218 221 226 228 230 231 232 235 236 237 238 241 242
18 193 196 197 202 204 206 210 213 216 219 223 224 227 231 232 233 237 243
21 195 196 199 200 201 202 213 217 219 221 226 227 229 231 233 237 238 241 242 243 244
22 192 194 197 198 199 200 202 203 209 211 215 217 222 225 227 228 229 234 235 236 244 245
38 191 193 194 195 196 197 198 199 200 201 204 205 206 208 210 213 214 218 219 220 221 222 225 226 227 228 230 231 232 234 235 236 239 242 243 244 245 246
37 191 192 193 195 197 198 202 203 204 205 207 208 209 210 211 212 213 214 215 217 219 220 221 225 226 227 229 230 231 232 233 236 239 241 243 245 246
25 191 192 193 196 198 201 202 204 206 209 213 215 219 223 225 227 229 231 233 234 235 238 239 243 246
16 198 201 203 204 208 210 218 222 225 230 232 236 237 240 243 244
39 191 193 194 195 196 197 198 199 202 204 207 210 211 212 214 217 218 219 221 222 223 225 228 229 231 232 233 234 236 237 238 239 240 241 242 243 244 245 246
30 191 192 193 194 195 198 200 201 203 204 205 208 210 212 216 217 222 224 227 228 229 231 232 234 236 238 239 240 243 245
32 194 195 196 197 198 199 201 203 205 206 207 212 217 218 219 220 221 225 226 227 228 230 231 232 237 238 239 241 243 244 245 246
21 192 193 198 201 203 206 209 212 213 215 220 221 225 227 230 233 237 238 241 245 246
21 194 198 199 205 206 207 208 209 211 213 217 220 221 225 229 231 238 242 243 244 245
28 192 193 194 196 198 201 202 205 207 208 209 211 213 214 216 217 218 222 223 224 225 226 227 236 237 240 244 245
27 192 193 198 202 203 205 207 209 210 215 216 218 219 220 221 225 226 229 230 232 237 238 239 241 242 244 245
33 191 196 197 200 201 205 207 213 214 215 216 217 218 220 221 222 223 224 225 226 227 229 231 232 234 235 237 238 239 240 241 245 246
17 192 196 198 201 205 209 214 220 223 225 236 237 238 240 241 245 246
28 191 194 197 199 200 202 205 206 210 211 214 217 220 221 223 226 227 228 229 230 233 234 235 238 240 244 245 246
27 191 193 202 205 206 208 213 214 215 216 217 219 220 221 223 225 226 228 229 230 232 236 238 240 242 244 245
36 191 196 197 198 199 202 203 204 205 206 207 209 211 213 215 216 217 218 219 220 221 224 226 227 228 231 232 234 235 236 238 239 240 242 243 246
20 191 198 199 206 208 212 214 217 219 220 222 223 225 232 233 234 236 241 242 246
23 197 199 200 201 203 204 208 212 214 217 218 220 223 224 226 227 234 235 239 240 241 243 246
25 194 196 199 200 203 204 209 210 212 213 216 218 219 220 222 223 224 225 228 231 235 238 239 243 244
39 191 193 195 197 198 200 201 204 205 206 207 208 209 210 212 213 214 215 218 219 220 221 222 224 225 226 227 229 230 232 233 234 235 236 237 239 241 243 244
33 193 194 195 196 198 199 201 202 205 206 208 210 212 214 216 218 219 220 223 225 226 227 229 230 235 237 238 239 240 242 243 244 245
36 192 197 198 199 202 203 204 206 207 208 209 211 212 213 214 215 216 217 218 220 221 223 224 226 227 229 231 233 235 236 237 239 242 243 245 246
22 191 194 195 196 198 204 205 208 216 220 223 224 229 230 231 232 233 234 235 236 237 241
22 194 197 198 199 202 203 204 205 206 208 213 216 218 219 224 225 227 230 231 233 235 241
30 191 192 193 195 196 197 198 199 201 202 208 209 210 211 213 215 217 219 221 226 228 231 232 233 236 237 240 241 242 245
33 191 193 194 196 198 199 200 201 202 203 204 205 206 208 209 210 212 215 217 220 221 222 223 224 225 226 228 236 237 240 243 244 246
34 193 194 197 198 199 204 206 207 210 212 214 215 216 218 219 220 221 223 224 225 226 227 229 230 231 232 233 234 236 237 242 243 245 246
23 192 194 195 196 200 203 205 208 209 210 214 215 225 228 230 231 232 234 235 237 240 241 244
20 191 192 193 194 195 197 198 205 206 213 217 218 219 221 225 231 232 235 239 240
32 192 193 194 195 196 202 205 206 207 208 209 210 211 215 217 218 222 223 224 225 227 230 235 236 237 239 240 241 242 243 245 246
36 192 193 198 199 202 203 204 205 206 207 208 209 210 211 212 216 218 219 221 222 224 227 228 229 230 231 233 234 235 237 239 241 243 244 245 246
17 199 200 201 202 203 210 212 215 216 223 227 228 234 240 241 244 246
22 193 195 197 199 202 208 209 211 213 214 217 220 221 222 226 227 229 230 231 236 244 246
19 199 200 201 205 208 209 211 212 215 217 218 219 221 223 224 226 231 232 239
31 192 193 194 196 197 198 202 205 206 208 209 211 212 213 215 216 217 220 223 225 226 227 228 231 232 233 236 238 240 244 246
38 191 192 193 194 195 198 199 201 202 205 207 208 209 210 213 214 215 216 218 219 220 221 222 223 224 227 228 230 231 233 236 237 238 239 241 244 245 246
26 191 193 194 200 202 205 207 210 211 213 215 217 218 219 221 223 230 233 234 237 239 240 241 242 243 246
32 192 193 195 196 199 200 202 206 208 211 213 216 218 219 220 222 223 224 226 227 228 229 230 235 237 238 240 242 243 244 245 246
39 191 192 193 196 197 198 200 201 203 204 205 208 209 210 211 215 217 218 219 220 221 223 226 228 229 230 231 234 235 236 237 238 239 240 241 242 244 245 246
19 194 200 206 207 208 209 211 212 213 215 218 222 224 225 228 229 232 240 245
17 191 197 198 202 213 220 221 223 226 229 231 234 237 240 242 243 245
30 193 200 202 203 204 205 206 207 208 210 213 215 216 217 218 220 222 223 225 226 227 230 232 234 235 239 240 241 244 245
18 191 192 193 195 199 200 203 207 208 210 212 214 218 230 233 236 238 246
33 193 194 195 197 198 199 200 201 202 204 206 211 213 214 217 219 220 221 223 224 225 226 227 231 232 234 235 238 239 241 242 243 246
25 196 198 199 201 206 207 210 211 212 213 216 217 218 219 220 221 222 229 232 235 236 237 239 240 241
32 192 194 196 197 199 200 201 203 204 205 206 210 211 212 213 214 218 219 221 223 226 228 230 231 234 235 236 237 240 241 242 245
23 191 192 193 195 198 199 200 201 207 208 212 214 215 216 217 219 222 229 233 239 241 242 246
26 191 193 194 195 196 199 200 201 204 206 208 211 215 216 222 228 230 232 233 234 235 238 239 240 243 244
36 191 192 193 195 196 197 200 201 204 205 206 207 208 210 212 214 217 219 221 222 223 224 225 226 229 230 232 234 236 237 238 239 242 243 244 245
32 191 195 196 197 199 201 202 204 208 213 214 215 216 217 220 221 222 224 225 226 227 228 229 230 232 233 234 238 240 241 242 243
27 192 193 194 195 196 197 199 200 202 203 206 208 210 211 212 213 216 218 220 222 226 228 230 233 238 241 242
18 198 200 201 207 212 215 217 220 221 227 230 234 236 240 241 242 243 246
38 191 192 193 194 195 197 198 199 200 202 203 204 205 207 210 214 215 217 219 220 221 222 223 225 226 228 229 230 231 232 233 235 237 239 240 242 243 245
38 194 196 197 198 199 200 202 204 205 206 207 208 209 210 212 214 215 218 219 220 221 224 226 227 228 229 231 232 234 235 238 239 240 241 243 244 245 246
30 191 197 198 199 200 201 202 203 206 207 209 210 211 214 215 217 219 220 223 224 226 227 228 229 232 235 238 240 245 246
22 193 195 199 212 215 216 217 218 219 220 221 229 230 231 233 234 236 240 241 242 245 246
17 194 196 198 200 204 205 206 209 211 214 215 216 218 223 234 239 246
36 191 194 195 196 199 200 203 204 205 207 208 209 210 211 215 216 217 220 221 222 223 225 228 230 232 233 234 235 236 237 239 240 242 244 245 246
22 191 192 195 196 197 201 202 207 211 212 213 214 218 219 225 228 229 231 234 236 238 243
36 191 193 194 195 198 199 200 201 202 203 206 208 209 210 214 215 217 218 219 220 221 222 223 224 225 226 228 232 233 234 235 236 237 238 240 245
33 191 193 194 195 196 199 203 204 205 208 209 210 212 213 214 216 220 221 222 223 224 226 229 230 233 234 237 239 240 241 243 244 246
22 194 204 206 207 212 214 220 221 224 225 226 227 229 230 231 232 234 235 238 240 244 245
29 193 197 198 200 202 203 204 205 206 207 208 211 213 214 217 219 222 223 226 229 231 232 234 236 237 238 239 242 243
24 192 193 194 195 203 204 207 211 213 215 216 220 222 227 229 233 234 235 236 238 239 244 245 246
24 193 194 196 197 203 205 207 208 211 212 214 216 220 221 223 227 231 236 237 238 241 243 245 246
33 191 192 194 195 197 198 199 200 201 204 205 207 213 218 219 221 223 224 226 227 229 231 233 234 236 237 239 240 241 242 243 244 246
18 192 193 197 198 200 203 209 210 212 213 221 227 233 234 237 239 242 245
29 198 199 200 204 205 206 208 209 213 214 216 218 219 220 222 223 224 230 232 234 235 236 238 239 240 241 242 244 246
26 192 194 198 199 200 201 202 204 205 207 208 211 212 213 214 220 221 222 224 225 230 231 235 236 245 246
38 192 193 194 195 200 201 202 203 204 205 206 208 209 210 213 214 215 216 217 219 220 224 225 227 228 229 230 231 232 233 234 236 237 238 239 240 243 244
37 191 192 194 195 197 198 199 200 201 202 204 205 206 207 208 209 211 213 214 217 219 221 222 223 225 226 229 230 231 232 233 235 236 237 240 241 242
31 194 195 196 198 201 204 205 206 207 208 209 211 213 214 216 219 220 221 222 223 226 227 228 230 234 236 238 241 244 245 246
35 193 194 195 196 197 198 200 201 202 203 205 207 208 209 210 213 215 216 222 223 225 226 229 231 233 234 235 236 237 238 239 240 241 242 243
27 193 194 195 196 197 199 200 201 203 204 205 207 208 209 212 216 218 227 229 230 232 235 237 238 239 240 241
25 191 192 196 197 198 201 203 205 209 210 211 212 214 223 225 227 228 230 233 234 236 240 241 243 244
19 191 193 194 195 198 200 201 205 216 225 226 227 229 230 233 240 241 242 244
21 193 196 197 201 202 204 210 213 216 219 223 227 229 230 234 236 237 238 243 244 246
20 191 192 193 194 205 206 207 214 220 221 225 226 227 230 239 240 242 243 244 246
17 192 196 197 200 204 206 207 208 214 219 220 227 229 232 238 239 246
19 191 193 194 195 197 207 208 211 213 214 215 218 220 222 228 233 235 238 246
36 191 192 193 194 195 196 197 198 199 200 201 202 206 207 208 209 211 213 214 215 217 219 221 223 225 226 229 230 234 236 238 239 240 241 244 246
28 191 192 194 195 196 197 199 202 203 204 205 209 210 212 213 215 217 218 220 221 228 229 231 234 236 237 240 242
33 192 194 195 196 197 200 201 204 206 207 208 209 210 212 214 216 217 221 223 224 225 228 231 232 234 235 236 237 238 240 241 242 243
27 191 196 198 200 201 203 206 207 213 215 216 217 219 220 221 222 224 226 227 229 230 231 234 237 240 242 243
36 192 193 194 195 196 197 199 200 201 203 204 206 212 213 214 217 219 223 224 225 226 227 228 229 230 231 232 233 235 236 237 238 239 240 241 242
23 194 195 196 199 201 202 203 205 206 217 219 220 225 226 229 238 239 240 241 242 243 244 245
34 191 194 195 196 197 202 203 205 206 208 210 211 212 213 215 216 217 218 220 222 224 225 226 227 231 232 233 237 239 240 241 242 244 245
26 193 198 200 204 205 206 207 209 210 211 212 213 214 215 217 218 220 221 222 224 230 236 242 243 245 246
29 191 192 196 197 199 203 204 205 207 208 215 216 217 218 219 222 225 227 229 230 231 233 234 235 236 240 241 245 246
28 191 194 195 202 203 204 205 206 208 209 211 213 215 217 218 220 221 222 228 229 230 232 234 237 240 242 243 245
26 191 194 195 196 198 199 200 201 202 203 206 209 219 221 222 223 225 227 228 230 231 234 238 241 243 246
18 192 193 195 199 204 205 206 207 209 211 219 220 227 229 231 234 235 240
36 191 193 195 196 201 203 205 207 209 210 211 212 213 215 216 218 219 220 221 223 224 226 227 228 231 233 234 235 236 239 240 241 243 244 245 246
30 191 193 194 195 196 197 200 201 202 207 211 214 215 216 217 218 220 222 223 224 225 228 229 230 231 233 236 240 241 246
17 191 192 195 197 199 201 210 212 217 222 224 225 234 235 236 244 246
26 191 195 199 200 201 202 207 210 211 212 213 215 218 219 221 223 224 229 233 234 235 236 237 242 244 245
19 193 194 202 204 206 212 217 218 224 227 228 229 230 234 236 237 238 240 245
30 191 192 193 194 197 198 199 200 203 205 208 209 210 212 213 215 217 219 221 223 229 230 232 233 234 235 236 237 242 245
27 195 196 198 199 200 202 203 204 205 210 212 214 217 218 221 224 225 226 229 230 231 236 237 240 241 242 245
17 193 194 197 198 202 204 209 210 219 227 228 229 231 236 243 244 245
30 193 197 202 203 207 208 211 212 213 214 215 216 218 219 220 221 224 225 228 230 231 234 235 237 239 240 241 242 245 246
34 191 192 194 195 196 198 199 203 204 205 208 210 212 213 214 215 219 220 223 224 225 226 227 228 229 230 231 233 235 237 242 243 244 245
38 192 193 194 196 198 199 200 201 202 203 204 206 207 211 212 213 214 217 218 219 221 223 225 226 227 228 229 230 231 232 233 237 238 240 241 242 243 245
18 191 194 203 206 209 210 214 217 219 221 226 233 234 235 237 240 241 244
18 191 197 199 202 205 209 211 215 218 219 220 221 223 226 227 230 241 242
30 194 195 196 197 198 200 201 206 207 210 212 214 215 216 220 223 224 226 227 229 230 233 237 238 239 240 241 242 244 245
31 191 196 197 199 201 202 204 205 208 209 211 212 214 217 219 221 222 223 224 225 226 228 230 232 233 234 235 239 241 242 244
21 195 196 201 202 203 208 210 211 215 216 217 219 222 224 226 229 232 238 241 243 245
29 193 198 199 201 202 204 205 207 210 213 214 215 216 217 219 220 221 223 225 227 230 231 234 236 237 242 244 245 246
19 192 196 199 202 203 208 214 219 222 223 226 227 228 234 237 239 240 242 246
25 192 195 196 197 201 205 207 212 213 216 218 221 222 225 226 230 233 234 235 237 238 241 243 245 246
38 192 193 194 195 196 199 200 201 202 203 204 206 207 209 211 213 214 216 217 218 222 223 226 228 230 231 232 234 235 236 238 239 240 241 242 243 244 245
29 191 192 194 197 198 200 202 203 204 205 206 210 212 213 214 218 219 220 221 222 224 227 228 233 236 237 239 240 242
22 191 193 195 197 198 200 202 209 215 219 220 221 227 229 230 231 233 235 241 242 243 244
33 191 192 194 195 198 199 200 201 202 204 205 206 207 208 209 210 212 213 216 219 220 221 222 230 231 234 235 236 237 238 240 241 244
29 193 194 195 196 204 208 210 212 214 217 220 221 222 223 224 225 226 227 228 229 230 233 234 236 237 239 240 241 242
36 191 193 194 195 198 199 203 204 205 207 208 209 210 212 213 214 215 216 218 219 220 221 222 223 224 225 228 229 230 234 237 238 239 240 243 245
37 191 194 196 197 198 199 201 202 204 206 207 208 211 212 213 217 218 219 220 222 224 225 226 227 228 229 232 233 234 235 236 237 238 241 242 245 246
24 192 193 197 198 200 204 206 207 214 217 219 220 221 222 223 225 229 231 233 234 239 240 241 243
23 191 193 194 196 199 203 209 210 212 213 219 220 221 227 231 233 234 236 237 240 241 243 245
23 194 195 197 200 202 209 210 211 212 213 215 219 223 224 225 227 228 229 230 231 233 234 237
34 194 195 196 198 200 205 206 207 208 209 210 214 216 218 220 221 223 225 226 228 229 230 231 233 235 236 238 240 241 242 243 244 245 246
31 192 193 196 199 201 203 204 205 206 207 208 209 211 214 218 220 221 222 228 229 230 232 233 235 237 238 239 241 242 243 246
31 194 195 196 197 202 203 204 205 207 208 210 211 213 214 215 222 223 224 225 226 230 234 235 236 238 239 240 241 242 243 244
35 193 194 195 196 197 198 199 202 204 205 206 208 209 210 214 216 217 219 221 222 223 224 225 226 228 229 230 231 233 235 238 240 241 242 246
22 192 194 195 197 209 210 211 212 214 216 217 219 221 227 232 234 235 237 238 242 244 246
34 191 193 194 195 198 199 200 202 204 206 207 208 209 210 212 216 217 218 219 221 227 228 229 230 231 233 234 235 236 237 238 239 241 245
17 192 197 199 201 203 204 206 207 209 210 212 214 216 217 235 238 246
16 191 193 195 196 197 198 200 202 204 209 215 218 223 236 245 246
19 193 196 197 199 203 207 208 212 218 221 222 223 224 228 234 236 238 240 246
26 192 194 195 197 200 201 207 209 210 212 214 215 217 221 222 225 228 233 234 236 237 238 239 241 242 246
37 191 192 193 195 196 197 199 200 201 203 205 206 207 208 213 214 215 216 219 220 221 224 226 227 228 229 230 232 233 234 235 236 237 239 241 243 245
28 191 194 196 197 200 205 206 208 210 212 215 216 218 219 220 221 223 226 228 229 230 231 232 233 238 241 244 246
23 191 194 196 200 202 207 208 209 216 217 219 223 228 229 230 232 237 241 242 243 244 245 246
33 191 193 194 196 200 202 203 204 205 206 209 211 212 213 214 216 218 221 223 224 227 229 232 233 234 235 237 238 239 241 242 245 246
26 191 192 193 194 196 199 205 207 213 215 216 217 218 222 223 227 228 229 232 237 238 239 240 242 244 246
20 191 192 199 200 202 204 207 210 214 215 218 219 230 232 234 235 236 237 239 240
28 191 193 194 195 196 197 199 202 207 210 212 214 216 217 219 223 225 227 229 230 232 234 236 237 241 242 243 245
20 191 192 194 199 204 210 212 217 218 219 220 221 224 225 226 228 231 237 242 243
18 195 199 200 201 206 207 208 210 214 221 222 228 231 233 236 239 242 245
29 191 192 195 199 200 202 205 206 208 210 211 212 213 217 221 222 223 225 226 230 232 234 235 238 239 241 243 244 245
29 193 194 198 199 201 205 206 207 208 212 215 218 219 220 221 223 224 225 226 227 230 233 235 236 239 240 242 245 246
27 192 196 197 198 199 201 206 210 211 215 216 217 219 221 223 225 226 227 229 230 231 235 236 237 241 243 245
23 195 196 197 201 203 204 205 210 211 216 217 219 220 223 225 229 231 232 237 240 242 243 244
30 191 192 195 198 199 200 201 205 211 212 215 216 217 219 221 222 223 227 229 233 234 235 236 237 238 239 240 243 244 246
24 191 192 193 200 213 215 216 218 219 221 222 225 227 228 229 230 231 232 233 234 235 240 241 245
28 194 197 198 200 201 202 203 205 206 207 208 210 215 216 219 224 225 226 227 228 230 231 232 233 235 237 239 242
29 195 196 199 201 202 204 205 206 207 208 211 212 214 215 216 217 220 222 225 226 228 231 234 236 237 238 239 241 246
30 191 192 193 195 196 199 201 204 206 207 209 211 213 217 218 220 221 222 224 227 229 230 231 233 234 236 237 240 244 245
22 193 194 195 200 201 202 205 208 213 217 219 220 222 223 226 230 235 236 237 238 241 245
31 191 193 194 195 197 199 201 202 206 208 211 212 214 215 216 217 218 219 220 222 223 225 228 230 231 235 240 241 242 245 246
37 191 192 193 196 197 199 200 201 202 206 210 212 213 214 216 218 219 220 222 223 224 225 226 227 228 229 230 232 233 234 237 238 239 240 241 244 245
23 191 194 195 198 204 212 216 218 220 223 224 228 231 233 234 235 236 238 239 240 241 242 245
19 192 194 195 199 200 202 204 206 211 215 218 219 225 227 229 234 236 237 241
27 194 198 200 201 202 203 204 206 207 208 209 211 212 215 216 217 226 227 232 233 234 235 240 241 244 245 246
36 193 194 195 197 198 199 200 201 202 205 206 207 208 210 211 213 214 215 217 218 220 221 222 223 224 225 226 228 231 232 233 237 239 240 244 245
28 191 194 195 198 199 201 204 205 206 209 212 216 218 221 223 224 225 226 228 230 232 233 235 238 242 244 245 246
33 192 194 196 197 198 199 201 202 204 205 206 207 209 211 213 216 218 221 222 223 224 227 230 231 232 233 234 235 238 239 241 243 244
33 191 193 194 195 202 203 205 207 209 211 212 214 215 216 217 218 219 220 222 223 224 226 228 229 231 233 235 237 239 240 241 242 246
25 191 192 193 195 196 199 202 203 204 205 208 209 214 215 221 223 224 226 228 229 230 239 240 241 244
28 192 197 200 201 204 207 210 212 215 216 217 218 219 220 221 223 224 225 229 230 231 233 234 237 238 241 244 246
25 192 196 197 199 200 201 204 208 209 211 213 214 219 220 221 224 227 230 232 234 237 239 241 243 245
37 192 194 195 196 198 201 205 207 208 209 211 212 213 214 215 216 218 220 221 222 223 225 226 227 229 230 231 235 236 237 239 240 242 243 244 245 246
32 191 192 194 196 198 199 200 201 202 203 204 207 208 209 210 215 216 218 219 223 225 226 230 233 234 235 237 238 239 241 245 246
34 192 193 194 195 196 197 199 201 203 204 205 206 208 210 211 212 213 214 215 217 218 219 222 224 229 230 232 233 235 237 238 239 241 242
35 191 193 195 196 197 199 202 204 205 206 207 208 209 210 213 214 215 216 217 221 222 223 224 226 227 228 231 232 236 239 241 243 244 245 246
31 191 194 196 198 199 200 201 203 204 205 206 209 210 212 214 220 222 224 227 228 229 233 234 236 237 238 239 240 241 243 246
36 192 193 194 195 196 197 199 201 202 203 204 205 206 207 209 210 211 215 216 218 219 220 221 227 228 229 230 231 232 234 237 238 239 244 245 246
23 191 192 195 197 198 204 211 213 214 217 223 225 228 229 230 233 235 236 237 238 240 243 244
36 192 194 195 196 198 200 201 202 203 204 205 207 208 209 213 214 215 216 217 219 221 222 223 224 226 228 229 231 233 236 239 240 242 243 244 246
27 194 195 196 203 207 208 210 211 212 213 214 215 217 218 220 225 227 229 231 233 234 236 237 240 241 242 244
31 191 193 196 197 198 199 200 201 202 203 206 207 208 209 211 213 214 218 220 223 225 226 227 229 230 236 237 240 242 243 245
31 195 196 197 198 201 204 205 206 208 211 212 213 214 215 216 217 220 222 223 226 228 231 232 233 234 238 239 240 241 242 244
23 193 194 195 196 197 200 202 205 206 209 212 218 219 221 222 223 225 226 230 235 236 237 239
18 192 195 197 202 204 208 209 211 220 222 223 226 232 233 236 238 240 241
25 191 192 193 196 199 200 205 207 210 212 213 216 219 220 223 224 225 226 228 231 232 234 238 240 246
26 193 194 196 197 198 201 203 204 205 209 212 213 214 217 218 220 222 223 225 230 231 232 235 238 244 246
18 192 193 194 197 203 204 205 207 208 209 212 218 222 224 227 228 238 243
24 197 199 200 201 206 207 208 209 214 216 217 218 220 222 223 226 229 233 235 238 240 242 243 244
21 193 195 197 198 199 203 204 206 207 214 218 221 228 234 235 236 237 239 240 241 244
25 194 198 200 201 205 206 209 211 212 216 219 220 221 222 224 225 226 231 232 233 236 238 239 244 245
30 191 193 194 195 199 200 201 202 204 205 206 208 213 214 216 219 222 223 227 229 231 233 234 235 237 238 240 241 242 244
36 192 194 195 197 198 202 203 206 207 208 209 210 211 212 214 216 217 218 220 221 222 223 224 226 228 229 230 232 234 235 236 237 239 240 241 243
24 191 192 200 201 204 208 213 214 215 217 218 219 221 223 224 225 227 229 231 239 242 243 245 246
34 191 192 193 195 197 198 199 200 201 203 204 208 210 211 212 215 218 219 220 221 222 223 224 225 227 229 230 232 233 236 237 243 244 246
35 191 193 194 195 196 197 198 200 202 204 205 206 207 212 213 214 217 218 220 224 226 227 228 229 230 232 233 234 236 237 238 239 242 244 246
34 192 193 194 195 197 200 201 202 204 206 208 210 211 212 213 215 216 217 218 220 222 223 224 226 229 230 231 232 236 237 239 240 242 243
21 198 200 202 203 205 207 210 217 218 219 221 222 231 234 236 238 240 241 242 244 246
20 192 195 196 200 203 205 206 209 210 212 217 218 219 220 226 227 230 239 243 244
23 191 192 196 205 206 210 211 212 213 217 221 223 227 231 233 234 235 236 238 239 242 243 245
32 193 194 197 198 199 200 201 202 204 205 206 207 208 209 211 212 214 215 217 218 221 222 226 227 230 231 232 233 235 236 238 244
19 193 195 196 199 202 209 210 212 217 219 224 225 227 228 233 234 235 242 243
30 192 196 197 200 201 202 204 205 206 207 210 211 212 214 216 217 218 219 220 224 227 228 230 232 233 237 238 242 243 245
22 193 195 197 203 204 206 208 211 213 214 215 216 218 220 221 223 224 229 237 243 245 246
38 191 192 194 195 196 198 200 202 205 207 209 210 211 212 213 215 216 217 218 220 221 222 225 228 229 231 233 234 236 237 238 239 240 241 242 243 245 246
31 191 193 199 201 203 204 206 207 208 209 210 212 213 215 216 217 220 221 223 225 226 228 229 235 238 240 241 243 244 245 246
34 194 196 198 199 201 202 204 205 206 209 212 213 215 216 217 219 221 223 224 225 230 233 234 236 237 238 239 240 241 242 243 244 245 246
35 191 192 193 195 196 197 198 199 200 204 205 206 207 208 212 214 217 218 219 220 221 222 223 225 228 230 232 233 235 236 237 238 240 242 246
20 192 194 196 199 200 201 203 207 209 211 214 218 220 221 224 226 234 235 240 245
20 197 204 208 210 212 213 214 215 216 218 220 225 226 228 230 234 236 238 240 241
32 191 192 193 197 198 200 201 204 205 206 213 214 216 218 219 222 223 225 226 227 228 229 230 232 234 238 239 240 241 243 244 245
23 193 197 198 201 202 203 204 208 212 213 215 216 222 225 227 229 230 231 234 237 240 244 246
33 191 192 194 195 196 198 199 200 201 205 206 207 209 210 211 212 213 216 217 220 221 222 224 226 227 229 232 234 239 241 243 244 245
21 192 201 202 206 208 212 213 215 216 217 219 222 224 225 232 233 237 238 242 243 244
27 191 195 198 199 200 201 202 203 204 206 207 209 210 213 214 216 217 220 221 224 229 230 234 235 240 242 246
32 195 196 197 199 200 202 203 204 205 207 208 210 211 212 216 217 218 219 220 222 225 226 230 232 234 236 238 239 240 242 243 245
37 192 193 194 195 196 197 198 199 200 202 205 207 208 209 211 212 214 217 218 219 220 223 225 226 229 231 232 233 234 235 236 237 239 241 242 243 244
39 192 193 195 196 197 198 199 200 202 203 204 206 207 208 209 210 211 213 214 216 217 219 221 222 223 225 226 227 228 231 232 233 234 235 236 238 243 244 246
33 192 193 195 196 197 198 199 200 202 203 206 209 211 212 215 217 218 219 220 221 222 223 226 227 232 234 235 237 238 239 241 243 246
