238 1100
47 1 2 3 4 5 6 7 8 9 10 11 12 13 14 15 16 17 18 19 20 21 22 23 24 25 26 27 28 29 30 31 32 33 34 35 36 37 38 39 40 41 42 43 44 45 46 47
17 4 5 9 12 20 21 22 26 28 29 31 33 38 39 43 46 47
31 1 2 3 5 7 8 9 10 11 12 13 14 17 18 21 22 23 24 25 26 31 32 34 35 37 38 40 41 42 44 47
34 1 4 5 6 7 8 9 10 11 12 13 14 15 17 19 20 21 22 23 24 26 27 28 29 30 32 33 35 38 40 41 42 44 45
34 1 2 3 4 5 7 8 10 11 12 13 14 16 20 21 22 24 25 27 28 31 33 34 35 36 37 38 39 40 42 43 44 45 46
36 1 3 5 6 7 8 9 11 12 13 16 19 20 21 22 23 24 25 26 27 28 29 30 32 34 35 36 37 38 39 41 42 44 45 46 47
25 4 10 12 13 14 15 18 20 21 23 24 25 31 33 35 36 37 38 39 40 41 42 43 45 46
30 3 5 6 8 10 11 12 13 16 18 19 21 22 25 27 28 30 31 33 35 36 37 38 39 40 41 42 43 44 47
19 1 2 3 4 5 6 10 19 20 22 25 34 35 38 40 41 44 45 46
20 2 5 6 7 10 14 18 19 24 25 26 27 28 30 32 34 35 39 40 41
29 2 3 4 7 8 9 10 16 18 20 21 22 24 25 26 27 28 29 31 32 33 35 37 40 41 42 44 45 46
33 1 2 4 5 6 8 9 10 11 13 15 18 19 20 21 22 23 25 26 27 28 29 31 34 35 36 39 40 41 42 44 45 46
67 48 49 50 51 52 53 54 55 56 57 58 59 60 61 62 63 64 65 66 67 68 69 70 71 72 73 74 75 76 77 78 79 80 81 82 83 84 85 86 87 88 89 90 91 92 93 94 95 96 97 98 99 100 101 102 103 104 105 106 107 108 109 110 111 112 113 114
33 49 50 55 56 60 61 62 63 65 68 71 72 76 78 80 82 84 85 87 88 90 92 93 94 97 99 101 102 104 105 107 108 112
42 48 49 50 51 52 53 54 55 56 57 58 59 61 63 64 70 71 72 73 79 80 81 82 83 85 89 91 92 94 95 96 97 98 100 101 102 103 106 107 110 111 112
43 48 49 50 51 53 55 56 57 58 59 61 64 66 68 69 71 73 74 75 76 79 82 83 84 86 88 91 92 94 95 97 98 101 103 104 105 106 108 109 110 112 113 114
29 49 54 56 57 58 61 62 66 67 69 71 72 76 77 80 82 85 92 95 96 98 99 101 106 107 108 110 111 112
30 49 50 51 56 58 59 62 63 67 74 75 76 83 84 85 86 88 89 92 94 100 101 104 106 107 108 109 110 112 114
53 48 49 50 51 52 55 56 57 58 60 61 62 63 64 66 67 68 69 70 71 72 73 74 75 76 77 78 80 81 83 84 85 86 88 91 92 94 96 97 98 99 100 101 102 103 106 107 108 110 111 112 113 114
25 48 49 50 56 59 63 66 67 69 71 73 87 88 89 92 94 95 96 100 102 104 106 107 109 111
47 49 50 52 53 54 56 59 60 61 62 63 66 67 69 71 74 76 79 80 81 83 85 87 90 91 93 94 95 96 97 98 99 100 101 102 103 104 105 106 107 108 109 110 111 112 113 114
34 49 50 51 52 54 56 58 59 61 63 65 66 68 69 73 77 79 80 82 83 84 85 87 89 93 97 98 99 100 101 102 103 108 113
24 48 49 52 53 55 57 59 62 70 71 73 76 77 79 80 85 89 90 94 102 103 107 110 112
47 48 49 50 51 52 54 55 56 57 58 59 60 61 62 64 66 67 70 71 72 74 76 77 78 79 80 83 84 85 86 89 93 94 96 98 101 102 103 104 105 106 107 108 109 110 113 114
44 50 51 52 53 54 57 58 59 60 61 62 63 64 65 66 69 71 72 74 75 77 78 79 80 82 85 86 87 90 91 92 93 94 95 96 102 103 104 105 106 107 108 110 111
33 49 51 52 55 62 65 66 68 69 72 73 75 78 79 80 81 85 86 88 89 90 92 96 97 98 102 103 104 107 108 110 111 112
38 50 51 52 53 54 56 57 59 60 61 62 63 68 69 70 71 74 78 79 80 81 82 83 86 89 90 92 93 94 97 99 100 102 103 106 110 111 113
29 49 52 55 57 60 61 64 65 66 67 72 73 74 76 84 86 89 92 94 95 96 97 104 105 106 108 109 110 114
48 48 49 50 51 52 53 54 55 56 57 58 60 61 63 64 65 66 67 68 70 73 75 76 77 78 80 82 85 87 88 89 92 93 94 95 96 97 99 100 102 104 105 106 107 109 110 112 114
38 48 49 50 51 54 55 57 58 59 62 65 66 67 68 69 71 73 74 75 76 77 79 83 88 89 91 96 97 98 102 103 105 106 108 109 110 113 114
49 48 49 50 52 53 56 59 60 61 62 63 64 65 67 69 70 71 72 73 74 75 77 78 80 83 84 87 88 89 90 91 92 93 94 95 96 97 100 101 102 103 104 105 106 107 109 110 111 113
26 48 53 54 56 57 60 65 69 71 72 75 80 82 83 86 87 88 91 95 97 101 102 104 106 108 112
21 48 49 50 54 58 59 63 65 66 69 70 72 73 77 82 90 91 95 110 113 114
33 48 51 52 54 57 58 61 63 65 67 69 71 72 74 75 78 84 86 88 89 91 93 96 97 101 102 103 105 107 108 109 113 114
30 48 49 52 55 59 64 67 69 70 71 72 73 74 75 77 79 81 83 87 98 100 101 102 103 107 109 110 112 113 114
22 49 50 51 60 66 67 68 69 72 73 76 78 82 84 86 88 89 95 102 104 108 113
39 48 50 52 55 56 57 58 60 61 63 65 69 70 71 72 73 75 76 78 79 80 84 88 89 90 91 92 93 94 95 97 98 101 102 104 105 109 113 114
22 48 50 54 57 60 61 62 63 64 69 70 72 75 82 85 89 95 96 98 100 105 107
44 49 50 53 54 55 56 58 59 63 64 66 67 68 69 72 73 74 77 78 79 80 82 83 86 87 88 89 91 93 94 95 96 97 98 100 103 105 106 107 109 110 112 113 114
30 50 54 61 62 64 69 70 71 73 77 78 81 84 85 86 88 90 91 92 93 95 96 97 98 99 105 108 109 111 112
21 48 52 53 54 56 57 62 63 66 69 71 76 77 83 91 98 101 105 107 111 112
32 48 55 61 67 69 74 78 79 80 81 82 83 84 85 86 87 88 90 92 95 96 97 98 100 102 103 104 105 106 107 109 114
25 48 53 55 56 58 61 63 64 65 68 69 78 84 85 91 92 96 100 105 106 107 108 110 111 112
23 51 57 65 67 69 74 75 79 84 86 88 89 90 93 94 100 102 103 104 105 110 112 113
35 48 51 52 55 56 57 59 63 64 65 67 68 70 71 77 79 81 84 85 87 90 92 95 96 97 98 99 100 103 104 107 108 110 113 114
38 48 49 51 53 56 57 58 59 61 62 63 64 68 69 70 71 72 73 76 77 78 79 82 83 84 88 89 95 97 100 101 105 106 108 110 111 112 113
29 48 52 54 57 59 60 61 63 66 67 72 76 77 78 80 81 85 87 90 91 96 99 101 103 105 107 110 111 114
47 48 50 51 52 54 55 57 61 62 63 64 65 66 68 69 70 72 73 74 75 78 79 80 81 82 83 85 87 89 90 94 95 96 97 98 99 100 101 102 103 105 106 107 109 111 112 113
22 48 51 58 62 63 66 73 74 75 76 78 83 84 91 93 100 107 108 109 112 113 114
30 48 49 51 53 56 57 58 61 62 64 65 66 69 72 73 76 77 80 81 83 87 89 91 92 94 97 99 101 106 107
42 49 50 51 53 54 55 56 57 58 60 61 62 63 65 66 67 69 70 71 72 73 74 77 78 80 81 83 85 88 89 92 93 96 99 100 104 105 108 109 112 113 114
42 48 49 50 51 54 55 56 59 60 62 64 65 66 67 68 69 74 76 77 78 79 83 84 86 87 88 89 91 92 94 97 99 100 101 103 104 105 108 110 111 113 114
38 49 50 51 54 57 58 59 60 61 66 67 71 73 74 75 76 81 84 85 88 91 92 93 94 95 96 98 99 100 101 102 103 104 106 109 110 111 112
26 50 55 56 58 59 61 62 64 66 67 68 71 72 73 85 86 89 92 93 96 99 102 106 107 111 113
22 48 53 54 62 65 67 68 70 71 72 73 80 81 86 87 94 98 99 102 108 109 114
25 48 50 54 55 58 61 64 66 69 76 77 78 79 81 83 84 85 96 97 105 106 109 110 112 113
52 48 49 50 51 52 53 54 55 57 58 59 60 61 62 63 64 65 66 67 70 71 73 75 76 77 78 79 81 83 84 85 86 88 89 90 91 94 95 97 98 99 102 103 105 106 107 109 110 111 112 113 114
26 48 49 50 51 52 55 57 59 60 68 69 76 77 78 81 82 86 88 99 100 101 102 107 108 110 114
22 57 58 62 63 65 68 71 73 74 77 78 87 91 95 96 97 98 100 104 105 109 110
24 49 51 55 56 61 63 65 68 69 73 75 76 77 78 92 96 98 100 101 102 103 107 108 112
44 51 53 54 55 57 59 60 63 65 67 69 70 72 73 74 75 77 79 81 82 84 85 86 87 88 92 93 94 95 96 97 98 99 101 103 104 105 106 108 109 110 111 112 113
27 48 49 51 53 61 63 65 66 68 72 73 76 81 82 85 87 88 89 90 91 92 94 95 96 102 104 106
38 48 52 53 56 57 58 59 60 62 63 64 66 67 71 73 77 78 79 80 82 83 89 91 95 98 99 100 102 104 105 106 107 108 109 110 111 112 113
36 48 49 50 52 53 55 56 57 59 60 61 63 64 65 68 69 72 73 76 77 79 81 82 83 84 89 90 91 93 98 100 102 105 107 111 112
42 48 49 50 52 53 57 59 62 64 65 66 68 69 72 74 75 77 78 80 81 82 83 84 85 89 90 91 92 93 95 96 97 98 101 103 105 106 107 109 110 112 114
47 48 50 52 53 54 55 56 57 58 59 60 62 63 64 65 66 68 69 70 73 75 76 78 81 82 83 84 85 87 88 92 94 95 96 97 101 102 103 104 105 106 107 109 110 111 113 114
52 48 51 52 53 54 55 56 57 58 59 60 61 63 64 66 67 68 69 70 71 72 73 74 75 77 78 79 80 81 82 83 84 86 87 88 89 91 94 95 97 98 100 101 103 104 105 106 108 110 111 113 114
21 50 52 54 55 59 60 61 62 65 67 69 72 74 80 83 84 96 104 107 108 111
27 49 52 53 56 58 59 60 64 67 68 70 73 79 80 85 92 93 94 95 102 103 104 106 107 111 112 114
48 48 49 50 51 52 54 56 57 60 62 65 67 68 69 70 71 72 74 75 78 79 80 81 82 85 87 89 90 91 92 94 95 96 97 98 99 101 102 103 104 106 107 108 109 110 111 112 114
38 48 50 52 54 58 59 61 64 66 67 68 70 71 72 73 74 75 77 84 87 88 91 92 93 94 95 96 97 98 100 101 102 103 108 109 110 111 114
42 48 49 50 53 54 56 58 63 64 66 67 69 70 71 74 75 76 78 79 80 81 82 83 85 87 88 89 90 91 94 95 96 98 99 100 103 104 105 106 108 109 111
38 48 52 53 54 55 56 57 58 59 60 61 65 67 70 71 72 74 77 79 80 81 84 85 86 87 89 90 91 95 96 99 100 104 106 107 109 112 113
42 48 49 52 53 54 56 57 62 63 65 67 70 71 75 77 78 80 81 82 83 84 85 86 90 91 92 93 94 95 96 97 100 101 102 103 105 106 108 110 112 113 114
51 48 49 50 52 53 54 55 56 57 58 59 61 62 64 65 66 69 71 73 76 77 78 82 83 84 85 87 88 89 91 92 93 94 95 96 97 98 99 100 101 102 104 105 106 107 108 109 110 112 113 114
32 48 49 50 53 54 55 57 58 61 62 63 64 65 73 76 78 80 81 83 86 87 90 91 92 96 100 101 102 104 105 109 113
22 48 49 50 52 53 56 60 61 67 68 71 74 81 83 85 86 95 102 106 110 111 113
24 49 56 58 62 68 69 70 71 75 76 79 82 85 88 94 96 97 100 101 103 104 106 108 111
21 48 59 61 63 65 66 67 73 74 77 78 83 86 93 95 96 98 107 109 110 113
38 48 49 50 51 52 53 54 55 57 58 59 61 62 63 65 66 69 70 74 75 76 77 78 80 83 85 87 89 90 91 97 98 102 106 108 110 112 113
23 48 52 57 60 61 62 63 65 69 70 78 79 80 81 83 84 93 99 101 103 110 112 114
53 48 51 52 54 55 56 57 58 59 60 62 63 64 65 66 67 68 69 70 71 72 73 75 76 77 78 79 81 82 83 84 86 87 88 91 92 94 95 96 97 98 99 101 102 103 104 105 106 107 108 110 111 114
21 49 50 59 60 61 62 65 66 68 77 78 83 86 91 93 95 101 105 107 109 112
21 48 51 52 55 61 63 70 76 79 84 89 90 93 96 97 98 99 100 102 105 109
49 48 49 52 53 54 56 57 58 59 60 61 63 64 66 68 69 71 72 73 76 77 78 79 82 83 84 86 87 89 90 91 92 94 95 96 97 98 100 101 103 104 105 106 107 108 110 111 112 113
26 49 52 53 54 55 58 63 66 69 70 78 84 86 87 88 89 91 92 94 95 96 98 100 101 102 106
50 48 49 50 51 52 53 54 56 57 58 59 60 61 62 64 65 67 69 71 72 74 75 76 77 78 82 83 86 87 88 89 91 93 94 95 98 99 100 101 102 103 104 105 106 108 109 110 111 112 113
45 48 50 51 53 54 55 56 57 59 60 62 64 65 67 68 69 70 71 73 74 75 77 78 82 83 84 87 90 91 92 93 94 95 96 97 98 100 103 105 106 107 109 111 112 113
30 51 53 54 56 61 62 64 65 71 77 78 81 82 84 85 88 91 92 93 97 98 99 100 103 104 105 106 107 110 113
37 48 49 51 53 54 55 56 57 58 59 61 64 65 67 68 70 77 83 84 86 87 89 90 91 93 94 95 96 98 99 101 102 103 104 107 110 114
41 48 49 50 51 52 54 55 57 58 59 60 61 65 66 68 70 71 73 74 75 77 80 82 84 85 86 89 90 94 95 97 99 103 104 105 106 108 111 112 113 114
39 49 50 51 52 53 57 61 62 63 67 69 70 71 73 75 76 77 82 83 85 86 87 88 89 91 94 95 96 97 98 99 100 103 104 105 106 107 108 109
79 115 116 117 118 119 120 121 122 123 124 125 126 127 128 129 130 131 132 133 134 135 136 137 138 139 140 141 142 143 144 145 146 147 148 149 150 151 152 153 154 155 156 157 158 159 160 161 162 163 164 165 166 167 168 169 170 171 172 173 174 175 176 177 178 179 180 181 182 183 184 185 186 187 188 189 190 191 192 193
27 118 129 136 137 138 139 140 149 151 152 153 156 158 160 162 163 166 167 173 176 178 180 181 183 186 190 191
39 115 117 120 123 125 128 132 138 139 140 141 142 147 148 151 154 155 159 162 167 168 169 170 171 175 176 178 179 180 182 183 184 185 186 187 189 190 191 192
37 115 118 122 125 128 132 133 134 135 136 137 138 139 142 144 145 146 147 150 151 155 159 161 162 163 165 167 168 171 173 178 180 181 188 189 190 192
56 116 119 120 121 122 124 125 126 127 128 129 130 132 135 136 137 138 139 140 145 146 147 150 151 152 153 155 156 157 158 160 161 162 163 164 165 166 167 168 169 170 172 175 176 177 179 180 182 184 185 187 188 189 190 192 193
27 116 119 121 122 124 127 133 134 135 136 140 143 145 146 150 155 160 164 171 178 179 180 181 183 189 192 193
59 116 117 119 120 122 124 125 126 127 128 129 130 131 132 133 134 135 136 139 141 142 145 146 147 148 149 150 151 152 153 154 155 156 157 160 161 164 168 169 171 172 173 174 175 176 177 178 179 180 182 183 184 185 186 187 188 189 191 193
58 115 116 117 118 119 121 122 125 126 127 128 129 130 131 132 133 135 137 138 140 141 142 143 144 145 146 149 150 154 155 156 157 158 160 161 162 164 165 166 167 169 170 171 173 174 175 176 177 178 179 181 182 183 185 186 188 192 193
30 115 119 121 123 125 128 135 146 153 156 157 158 159 162 163 166 168 169 170 172 173 174 177 178 179 184 185 186 187 190
32 118 124 127 130 135 138 139 144 146 153 154 157 159 161 163 164 166 167 168 169 172 175 176 177 181 182 183 184 185 187 188 190
53 120 121 122 123 125 126 129 130 131 132 133 134 136 138 140 141 143 144 145 146 147 148 149 150 152 153 154 159 161 163 166 167 168 170 171 172 174 175 176 177 178 179 180 181 182 183 184 186 188 189 191 192 193
60 115 116 117 118 121 122 123 124 125 126 127 130 131 132 133 135 136 138 140 141 142 143 144 145 146 147 148 149 151 152 154 155 156 157 158 160 161 162 164 165 168 169 170 171 172 173 174 176 177 179 180 181 182 183 184 186 188 189 190 191
32 122 124 127 130 131 132 133 136 141 142 144 147 156 161 162 163 164 167 168 170 171 173 174 175 180 181 187 188 189 190 191 192
57 115 117 118 119 120 123 125 126 129 130 131 132 133 134 136 137 138 139 142 144 145 146 147 148 149 151 152 153 154 155 156 158 159 160 161 163 164 165 166 167 168 169 170 171 173 174 176 177 180 181 182 183 184 185 186 191 192
39 116 119 122 126 128 129 131 132 133 134 135 136 137 140 141 142 151 152 156 160 165 166 171 172 173 176 177 178 179 180 182 184 185 186 187 188 189 190 192
34 115 120 123 124 125 133 135 137 139 140 141 144 147 148 151 153 156 160 162 165 167 171 174 175 176 177 179 180 182 188 189 190 191 193
50 120 121 122 125 126 129 130 131 133 134 135 136 140 141 142 145 148 150 151 152 154 155 158 159 160 161 162 163 164 165 166 168 169 171 172 173 174 175 178 179 180 181 182 184 187 188 189 191 192 193
29 117 122 125 128 130 132 133 136 137 139 141 142 144 145 150 151 154 155 160 161 162 165 170 172 173 182 183 186 188
34 116 119 120 121 122 127 128 129 131 133 138 143 144 147 149 151 158 161 163 165 166 167 171 177 179 180 181 182 184 186 188 189 190 191
61 116 117 118 119 120 121 122 123 124 125 126 127 129 130 131 133 134 135 136 137 138 140 141 142 143 144 145 146 147 148 150 152 153 154 155 156 157 160 162 163 164 166 167 170 171 172 173 174 175 176 180 182 183 184 185 186 188 189 191 192 193
43 115 117 118 119 120 121 122 123 125 126 134 135 137 138 139 140 143 144 146 148 150 151 152 159 160 163 170 171 172 173 175 176 177 178 181 182 183 186 188 189 191 192 193
24 117 123 127 129 130 143 145 148 153 154 155 157 161 162 163 171 173 174 177 182 183 184 189 190
59 115 117 118 122 124 125 127 128 129 130 131 134 135 137 138 139 140 141 142 143 144 145 146 147 150 152 153 155 157 158 159 160 161 162 163 164 165 166 167 169 170 171 172 173 174 175 176 177 178 179 180 181 182 183 184 186 187 189 192
58 115 117 118 120 121 122 123 125 126 127 129 131 132 133 134 135 136 137 138 140 141 142 143 144 145 146 147 150 151 152 154 155 157 158 159 160 161 162 163 164 165 166 167 168 170 171 172 174 175 179 180 181 183 184 185 186 190 193
24 119 123 124 128 133 134 139 145 147 155 156 161 162 163 166 168 171 172 174 175 176 184 192 193
57 116 118 119 121 123 125 126 127 128 131 132 134 135 136 140 142 143 144 145 147 148 149 150 151 152 155 156 157 158 159 160 162 163 164 165 166 167 168 169 170 171 173 174 175 176 178 179 180 182 183 184 185 186 187 189 191 193
30 117 124 125 127 128 129 130 132 133 136 137 139 143 144 145 149 155 159 161 162 163 165 168 169 178 179 182 184 186 193
47 116 117 118 119 120 121 122 123 124 126 127 133 135 138 139 140 141 142 145 146 147 148 150 151 152 153 154 156 160 161 165 166 167 168 171 172 173 182 183 184 186 187 188 190 191 192 193
61 115 116 117 119 120 121 122 123 125 128 129 130 131 132 134 136 138 139 140 141 142 143 144 145 146 148 149 150 153 154 155 156 157 159 160 161 162 163 164 165 166 167 169 170 173 174 175 177 178 181 182 183 184 185 186 187 188 189 190 192 193
38 117 119 120 122 124 126 127 128 137 138 139 142 144 145 146 147 148 149 151 152 154 157 158 160 162 164 166 167 168 171 172 175 178 183 184 185 189 191
25 117 119 120 125 126 127 128 131 132 133 139 147 150 155 156 159 161 170 173 174 179 181 183 184 186
29 118 123 126 127 128 130 132 138 143 148 150 151 152 157 158 159 160 162 166 167 171 174 179 181 183 185 186 190 192
28 116 120 123 124 130 133 134 135 136 137 143 145 157 161 162 167 168 169 175 178 179 181 182 183 184 185 186 190
35 115 117 118 119 120 124 126 127 130 132 134 138 140 142 143 146 148 151 152 153 157 158 162 170 172 174 175 178 179 180 184 186 187 188 190
48 117 120 122 124 125 127 129 133 134 135 137 138 139 141 143 144 145 149 150 152 153 154 156 158 161 162 163 165 166 168 169 170 171 172 173 174 175 177 178 179 181 182 184 185 186 189 190 192
44 115 117 118 120 122 125 128 130 133 135 136 137 138 140 142 143 146 147 148 151 153 154 156 157 158 159 161 163 165 168 170 173 176 177 178 179 182 183 184 185 188 189 190 192
44 116 121 125 127 128 129 130 133 134 135 137 138 141 144 146 150 153 156 157 158 159 160 161 162 166 167 169 170 175 176 177 178 180 181 182 183 184 185 187 189 190 191 192 193
43 115 116 118 120 121 125 129 131 132 133 134 135 136 137 139 142 143 144 145 146 147 148 149 151 153 155 159 162 164 165 166 167 171 175 176 179 181 182 183 184 185 188 190
31 118 119 121 124 130 131 132 133 134 136 139 140 150 153 155 159 161 162 164 167 168 170 173 174 175 177 179 184 185 191 193
42 116 117 118 120 121 122 125 128 130 131 134 138 140 143 145 149 151 152 159 160 161 162 163 165 166 167 168 170 171 174 175 177 179 180 181 183 184 185 186 189 190 193
59 115 116 118 119 120 121 123 124 127 128 129 130 131 132 133 135 136 137 138 139 140 141 142 144 146 147 148 149 150 151 152 153 154 156 160 161 162 163 167 169 170 171 172 173 176 177 178 181 182 183 184 186 187 188 189 190 191 192 193
29 117 119 124 129 130 132 136 138 139 143 146 147 148 150 151 154 159 163 167 171 177 178 184 185 187 188 189 191 193
60 115 116 117 118 119 120 122 123 124 125 126 127 128 129 131 132 134 135 137 139 141 142 143 144 147 149 150 151 152 153 156 157 158 159 160 161 162 163 164 165 166 168 169 171 172 174 176 178 179 181 183 184 185 186 187 188 189 190 191 193
62 115 116 117 118 120 121 122 123 124 125 126 127 128 129 130 131 132 133 134 135 136 139 140 141 142 144 145 146 147 148 149 151 153 155 156 157 160 162 163 164 165 166 167 168 169 170 172 173 174 176 177 179 181 182 184 185 186 187 189 190 192 193
38 120 122 123 127 134 135 136 139 140 141 143 145 146 148 149 150 152 154 156 157 160 161 162 165 167 170 172 173 176 177 178 179 185 187 188 190 191 193
27 115 116 118 119 120 121 122 124 127 133 136 139 140 145 146 147 149 152 153 159 165 168 173 179 184 190 192
43 115 117 118 119 121 122 124 128 130 132 133 139 140 142 143 144 145 150 151 152 153 155 156 157 159 164 166 169 170 172 173 174 176 177 180 183 185 186 187 188 190 192 193
41 117 119 126 129 130 131 132 133 138 139 141 145 146 147 148 150 152 153 159 160 161 162 164 165 166 167 170 171 172 174 175 177 178 180 181 182 185 188 189 190 192
46 115 121 126 128 129 133 136 137 138 139 140 141 142 144 147 149 150 152 153 154 155 156 157 159 160 161 162 164 165 166 167 169 170 173 174 177 178 179 180 181 184 185 187 188 191 193
45 115 116 118 121 122 125 126 127 133 134 135 136 139 140 143 146 147 154 155 158 159 160 161 162 163 164 165 168 169 171 172 173 174 176 177 178 182 184 185 186 187 188 189 190 193
43 117 119 122 123 125 128 133 135 137 138 140 141 144 145 148 149 150 151 153 154 155 157 158 161 163 167 168 170 171 174 175 178 179 180 183 184 185 186 187 189 190 191 192
58 115 116 117 118 120 121 122 123 124 126 127 128 130 132 133 134 135 137 138 139 140 141 143 145 146 150 151 152 153 154 155 159 160 162 163 165 166 167 168 169 170 171 172 173 176 177 179 180 181 182 183 185 186 187 188 189 190 193
41 116 121 122 124 125 127 128 134 135 137 138 140 141 142 143 148 150 155 157 159 160 161 163 164 167 168 169 170 171 173 174 175 177 180 183 185 187 189 190 191 192
46 116 119 121 122 123 124 126 128 130 131 132 134 136 138 139 141 142 143 144 145 146 149 150 154 155 156 160 161 162 163 166 168 172 173 174 175 176 179 181 182 183 184 187 189 191 193
50 115 116 120 121 122 125 126 129 132 133 134 135 136 137 140 141 143 144 149 150 151 152 153 154 157 159 162 163 164 165 168 169 170 171 174 175 176 177 180 181 183 184 185 186 187 188 190 191 192 193
52 116 117 118 123 125 126 127 128 129 131 135 138 139 140 141 143 144 148 150 151 152 153 154 156 157 158 159 160 161 162 163 164 165 168 169 170 171 173 175 178 179 180 181 182 183 184 185 187 188 191 192 193
53 115 116 117 118 119 121 122 125 126 127 131 132 134 136 137 138 141 143 145 147 148 149 150 151 153 154 156 157 159 161 162 164 165 166 167 169 170 171 174 175 176 177 178 179 181 183 187 188 189 190 191 192 193
24 117 128 130 132 133 135 136 137 140 144 146 147 148 153 154 156 157 159 170 177 180 187 190 192
38 118 119 120 121 123 124 125 130 131 132 133 135 139 142 144 145 146 148 149 152 155 157 159 163 164 167 169 171 174 175 176 180 181 183 184 186 189 192
29 119 122 124 129 133 136 139 140 141 146 148 149 150 152 154 155 156 157 158 159 160 163 165 168 171 175 186 191 193
58 115 117 118 119 120 121 122 123 124 125 126 127 128 129 130 131 132 134 135 137 138 140 143 144 145 146 148 149 150 152 154 155 156 157 159 162 164 165 166 167 168 169 170 172 174 175 177 178 180 183 185 186 187 188 189 190 191 192
60 115 116 118 119 120 121 123 124 125 126 127 129 131 132 133 135 137 138 140 141 143 144 145 146 147 149 150 151 152 153 154 157 158 159 160 164 165 167 168 169 170 171 172 173 175 176 177 180 181 182 183 184 185 187 188 189 190 191 192 193
27 115 116 117 120 121 124 132 138 140 141 142 145 150 156 159 160 165 167 168 170 172 174 178 179 180 192 193
29 115 116 121 124 126 128 130 132 136 137 139 140 142 143 149 152 159 161 164 165 169 170 172 175 179 181 190 191 192
46 115 116 117 120 122 123 125 126 130 133 135 136 137 138 139 140 141 143 144 146 147 149 150 152 153 155 156 158 160 161 165 167 172 173 174 175 176 178 179 182 184 186 188 189 190 192
41 116 117 120 123 124 126 133 135 136 137 139 140 142 145 146 147 148 150 153 156 160 161 163 164 165 166 168 169 171 173 174 177 179 182 183 185 186 187 189 190 191
54 115 116 117 119 120 122 126 127 128 129 130 131 132 133 134 135 138 139 141 142 143 144 145 146 151 152 155 156 157 158 159 160 161 162 164 165 166 167 168 169 171 172 173 174 175 177 178 179 182 185 189 190 192 193
50 115 117 118 119 120 121 124 126 127 132 134 135 136 137 138 139 140 141 142 146 148 149 154 155 157 158 159 161 164 165 166 167 170 171 172 173 174 175 176 177 180 181 184 185 186 187 189 190 191 192
49 115 116 117 118 119 121 122 123 126 127 128 129 130 134 136 138 141 143 144 145 146 147 148 150 151 152 153 154 156 157 158 165 166 168 169 170 172 173 174 175 176 182 184 185 186 188 190 192 193
56 115 117 118 122 125 126 127 128 129 130 131 132 133 135 136 137 138 141 142 143 144 145 147 148 149 151 152 153 155 156 157 158 159 160 162 163 164 166 168 169 170 171 172 173 175 176 177 178 180 181 186 187 190 191 192 193
62 117 120 121 122 123 124 125 126 127 128 133 135 136 137 138 140 141 142 143 144 145 146 147 148 150 152 153 154 155 156 157 159 160 161 162 163 164 165 166 167 168 169 170 171 172 174 175 176 177 178 179 181 182 183 184 185 186 187 188 190 192 193
24 116 120 121 122 127 131 134 135 137 138 139 145 146 157 160 161 162 164 166 172 174 181 188 193
50 115 116 117 118 119 120 121 122 123 126 130 131 132 133 134 135 136 140 143 147 148 150 151 152 153 155 157 159 160 161 162 164 166 169 171 173 175 178 180 181 182 184 185 186 187 188 190 191 192 193
43 115 116 118 119 121 125 126 127 128 130 131 132 134 135 136 138 140 142 143 144 145 147 149 153 154 155 159 160 162 164 166 168 170 173 175 178 179 181 182 184 188 191 192
29 122 135 136 137 140 143 146 148 149 158 160 162 165 166 167 168 169 170 171 172 174 177 180 181 183 184 185 189 190
62 115 116 117 119 121 123 124 125 127 128 129 130 131 132 133 134 135 136 137 138 140 141 144 145 146 147 148 149 151 152 153 154 155 156 157 158 159 160 162 164 165 166 167 169 170 172 174 175 176 177 178 179 180 181 183 184 185 188 189 190 192 193
8 196 198 201 205 208 209 210 214
12 197 199 200 202 205 206 208 211 212 213 214 215
3 196 204 214
9 195 197 199 202 204 205 210 211 213
10 197 198 199 200 201 203 206 208 211 212
5 199 203 209 211 213
8 201 203 204 205 207 208 209 212
10 197 201 203 204 205 209 210 212 213 215
7 195 200 202 204 207 208 209
5 200 204 209 211 215
5 195 198 200 201 210
3 202 210 213
4 199 200 202 203
1 206
9 194 196 198 204 209 210 213 214 215
3 202 212 213
13 194 196 197 198 200 202 203 205 207 211 212 213 214
11 195 197 198 205 207 208 209 210 212 214 215
8 194 198 199 206 209 210 212 215
8 197 198 201 203 204 205 213 215
4 194 199 203 204
10 194 195 196 198 201 203 204 207 209 210
6 197 201 202 204 210 214
9 197 201 202 203 206 207 210 212 213
7 195 197 200 206 207 211 215
3 198 202 207
4 203 205 208 213
5 200 203 204 209 211
8 194 196 199 205 206 208 212 213
9 194 195 202 205 207 209 210 213 215
9 195 199 201 204 206 208 209 210 215
6 194 196 199 206 210 211
9 194 195 198 199 201 206 207 210 215
7 194 198 200 206 207 214 215
15 195 196 197 198 200 203 204 205 206 208 209 210 212 213 215
6 195 197 201 210 214 215
4 194 196 199 201
5 198 203 210 211 212
4 195 200 202 212
8 195 197 199 202 205 206 211 212
7 197 201 202 204 207 208 214
7 195 202 203 205 207 208 213
7 194 196 201 204 206 211 213
11 194 195 196 198 199 200 202 207 208 211 214
5 200 201 203 207 208
2 204 212
4 202 207 213 214
11 194 195 196 197 198 204 206 207 211 214 215
13 196 197 200 202 203 204 205 208 209 211 212 213 214
3 203 206 211
11 199 200 201 202 203 205 208 209 210 212 213
2 206 215
11 194 195 196 199 200 201 204 208 210 213 214
19 194 195 196 197 198 199 200 201 203 204 205 206 207 208 209 211 212 214 215
3 194 196 208
14 194 195 196 199 200 201 202 203 204 207 211 212 214 215
5 205 208 209 212 215
10 194 195 196 197 198 202 210 211 213 214
8 194 196 197 199 203 204 206 211
2 199 200
6 196 201 203 208 209 212
7 197 198 200 201 209 214 215
6 197 205 206 213 214 215
16 194 195 196 199 200 202 203 204 205 206 207 210 211 212 213 215
8 197 198 205 206 208 209 210 213
6 197 198 201 208 209 214
10 194 196 199 206 207 208 209 210 211 214
5 195 198 199 205 214
4 194 199 209 212
8 197 198 202 205 207 209 212 215
7 195 196 200 203 205 211 213
7 194 199 201 202 207 211 214
17 194 195 196 197 198 200 201 202 204 205 206 207 208 210 212 214 215
8 195 196 198 200 206 207 211 215
7 201 202 203 206 207 210 212
11 196 197 198 200 203 204 205 208 210 213 215
2 194 196
12 194 195 196 199 200 205 206 207 210 212 213 215
4 195 202 205 213
4 208 209 212 215
5 197 201 202 203 210
3 200 202 203
5 194 196 201 204 211
3 210 211 212
3 200 204 208
4 194 196 205 208
6 197 204 205 209 210 213
8 194 195 197 200 201 202 212 215
7 194 195 202 205 209 210 215
3 199 203 211
1 204
7 194 196 204 209 213 214 215
3 202 207 214
2 198 207
6 195 202 203 205 207 208
8 194 195 196 197 202 210 211 214
3 195 200 202
6 195 197 198 204 206 215
1 204
9 199 201 202 203 205 208 209 212 213
4 198 205 206 209
6 195 196 199 204 208 213
4 195 198 201 210
7 194 196 198 209 210 214 215
5 199 201 204 206 208
1 204
6 197 198 202 205 209 212
9 194 196 198 200 202 206 208 210 214
7 197 205 208 209 210 212 214
6 197 198 199 201 206 211
6 197 201 202 203 210 213
6 195 198 205 207 209 215
4 196 201 203 209
2 200 209
3 205 212 215
7 194 202 207 209 210 213 215
7 194 195 196 201 204 209 210
5 201 203 204 207 208
3 194 199 201
4 200 207 208 209
5 197 201 204 205 212
8 195 197 200 204 206 208 210 212
1 207
4 197 205 213 215
7 195 197 198 210 211 213 214
6 195 200 202 204 207 209
4 195 197 200 211
13 194 195 196 197 198 201 204 205 206 207 210 214 215
7 194 200 202 204 207 211 215
2 194 204
6 194 198 199 206 209 210
3 203 208 213
5 194 198 204 209 215
4 204 209 211 215
2 200 212
4 205 208 209 212
6 198 202 207 209 212 215
5 194 201 204 206 211
7 199 200 201 202 205 209 210
4 197 198 209 210
2 202 213
6 194 196 199 205 208 212
2 195 202
5 198 200 201 209 214
1 200
3 194 209 212
9 197 198 205 207 208 209 210 212 215
4 205 208 212 213
9 194 195 196 198 204 207 211 214 215
4 195 200 203 213
1 206
1 200
8 197 198 199 200 201 203 208 212
2 195 200
5 195 202 203 205 213
1 204
6 197 198 202 205 207 209
2 202 214
7 194 195 198 206 207 210 215
5 197 199 206 211 212
3 205 206 215
14 194 195 196 197 198 200 205 206 207 208 209 211 212 215
14 194 196 197 199 201 203 204 205 206 207 208 212 214 215
5 198 200 206 214 215
4 194 199 206 210
4 194 196 205 206
3 200 207 208
9 199 201 202 205 208 209 210 212 213
5 194 198 209 210 213
2 203 208
1 208
6 194 199 206 207 211 214
5 194 199 203 206 211
6 197 198 202 205 207 215
8 197 201 204 205 209 210 213 215
4 197 202 204 214
8 195 196 199 201 204 208 213 214
9 194 200 202 203 204 206 207 213 215
6 194 195 202 205 207 209
1 202
4 199 201 206 210
7 196 197 203 205 208 209 215
2 194 196
8 197 198 199 201 203 208 211 212
2 200 203
1 200
4 197 201 210 214
4 197 201 208 214
1 196
5 204 208 209 210 215
3 194 199 209
11 194 195 196 199 202 203 205 211 212 213 215
5 197 205 206 209 210
11 195 196 197 198 200 203 209 210 212 213 215
2 194 199
3 199 202 207
5 199 202 203 208 212
7 197 198 202 203 211 212 214
6 197 198 201 204 213 215
5 194 198 199 209 210
6 194 196 197 199 203 204
5 194 201 202 207 214
4 196 198 209 215
9 197 200 202 205 206 208 211 214 215
5 194 205 206 208 213
4 194 205 206 208
6 195 200 202 204 207 209
3 195 198 199
4 197 206 211 215
3 195 200 201
7 194 195 198 199 200 208 211
7 194 195 196 201 203 204 210
11 194 195 196 197 198 200 201 204 206 212 214
2 203 206
3 205 212 215
7 197 198 200 203 206 211 212
8 197 198 208 209 210 212 214 215
7 195 197 199 202 210 211 213
5 197 206 208 209 213
3 197 201 202
7 197 200 205 211 212 214 215
5 195 197 206 211 215
6 196 198 201 208 209 214
5 198 200 208 211 212
1 215
3 194 199 212
2 196 204
5 198 199 206 207 215
3 198 200 209
5 201 203 209 212 213
8 194 195 197 198 202 210 211 213
9 197 199 200 201 204 205 206 208 214
3 205 208 212
6 194 198 209 210 213 214
4 198 201 203 205
4 199 209 210 212
4 194 198 210 215
9 195 197 198 205 207 209 210 214 215
5 196 201 203 209 212
4 201 208 210 214
8 194 195 196 197 198 210 211 213
17 194 195 196 197 198 199 200 201 203 204 205 206 207 208 209 211 215
2 209 213
6 194 196 197 199 203 206
1 206
4 201 202 210 214
5 195 197 200 206 211
5 194 196 204 206 213
4 198 199 209 210
2 195 202
4 206 207 211 215
4 197 205 206 213
4 197 198 204 215
2 202 203
4 205 206 214 215
4 194 199 210 212
3 194 209 212
5 195 197 198 214 215
1 210
4 200 201 209 215
9 196 197 200 204 205 208 209 213 214
7 194 196 199 207 208 209 211
1 206
7 196 199 201 203 204 207 214
6 194 196 199 206 208 212
5 195 202 204 208 209
1 199
4 199 201 211 214
8 194 195 200 203 204 211 214 215
2 200 201
3 198 201 214
6 199 200 205 208 213 215
2 209 211
2 200 203
5 197 198 205 208 209
2 207 213
2 207 213
4 200 206 207 214
2 209 211
3 197 202 214
6 194 196 203 204 206 211
9 195 196 199 201 204 207 211 212 214
4 198 201 209 214
2 194 208
4 196 204 206 213
6 197 199 200 201 208 211
4 198 210 211 212
3 200 202 203
4 197 198 205 208
3 197 201 214
3 194 196 206
8 196 199 206 207 209 210 211 214
6 197 198 201 205 213 215
5 198 204 206 214 215
3 203 209 213
2 211 213
15 194 195 196 197 199 200 203 204 205 206 207 209 211 214 215
7 194 196 198 204 209 213 214
4 194 199 207 214
6 203 204 207 208 209 212
4 201 202 204 208
6 194 199 206 209 210 215
9 199 200 201 202 208 209 210 212 213
4 201 207 208 214
8 196 197 202 203 209 211 212 214
8 194 200 201 203 207 211 212 215
5 194 196 197 204 206
2 196 201
3 201 210 214
1 207
4 194 209 210 215
7 197 199 200 202 206 212 214
5 194 195 199 206 207
4 198 200 214 215
14 194 197 198 199 202 203 205 207 208 209 210 212 213 215
7 196 201 204 207 209 212 215
11 194 198 200 202 203 205 207 208 210 212 215
8 197 198 203 204 205 207 208 213
12 194 195 198 200 201 202 203 205 207 210 213 214
10 198 200 202 204 209 210 211 212 213 215
10 195 197 199 201 204 208 211 212 213 215
9 197 199 200 204 205 206 209 210 212
9 195 196 197 198 203 207 209 211 215
13 194 195 197 199 200 201 202 207 209 210 211 212 213
14 195 196 197 198 200 201 205 206 208 210 211 213 214 215
8 195 199 200 202 204 205 213 214
9 196 198 199 202 204 205 206 209 210
9 195 197 198 201 205 206 207 209 214
12 194 195 196 197 201 202 205 207 208 209 210 213
8 194 195 198 201 205 207 214 215
11 194 195 196 197 198 199 205 206 209 212 215
7 196 198 204 207 211 212 214
14 195 196 197 198 200 201 202 204 205 206 207 209 211 215
10 194 197 203 207 208 209 210 211 212 214
13 194 197 200 201 202 203 205 206 207 208 209 211 214
6 194 196 203 212 214 215
13 194 195 200 201 202 203 204 205 206 207 210 211 215
12 194 196 198 199 201 203 204 208 209 211 212 214
8 194 195 199 204 207 208 209 211
9 194 195 196 198 204 209 210 211 213
10 194 197 198 200 201 205 206 210 211 215
8 196 197 201 204 208 211 213 215
15 194 196 199 200 202 204 205 206 207 208 209 211 212 213 214
7 196 198 203 204 206 209 214
7 194 195 196 198 204 211 212
11 194 195 196 197 198 200 206 208 212 214 215
7 197 202 204 205 209 211 212
9 196 199 204 206 207 209 210 213 215
12 194 195 196 199 201 202 204 207 209 210 213 215
10 194 198 201 202 203 204 205 206 214 215
14 195 196 198 200 202 203 205 207 208 209 210 211 212 213
14 195 196 197 199 200 201 202 203 205 208 209 211 212 213
12 194 197 198 201 204 205 206 207 211 212 214 215
8 195 199 202 206 207 209 210 214
8 195 196 201 207 210 213 214 215
14 198 200 202 203 204 205 206 207 208 209 211 213 214 215
7 196 197 201 204 205 210 212
11 194 195 202 203 204 205 208 210 211 214 215
9 196 198 201 202 203 205 206 209 215
9 197 200 202 208 209 210 213 214 215
11 196 197 199 201 202 207 208 209 211 213 214
11 197 198 200 202 203 204 206 208 211 213 214
7 199 201 202 203 205 209 212
11 198 204 205 206 207 208 209 210 211 212 215
8 194 201 203 204 205 207 209 212
13 194 195 196 197 199 201 202 203 204 206 209 210 213
11 194 196 198 201 205 208 210 211 213 214 215
8 194 196 197 199 203 205 212 213
11 194 195 199 204 206 207 208 210 211 212 214
6 194 195 199 204 205 213
13 194 199 201 202 203 204 205 208 209 211 212 213 214
12 196 197 198 199 200 201 202 203 205 210 213 214
12 194 197 199 201 202 206 207 210 211 213 214 215
6 194 195 196 197 203 204
13 195 196 198 199 200 202 206 207 210 211 212 214 215
8 196 199 204 206 207 208 212 214
10 194 195 197 198 201 204 208 212 214 215
11 194 198 199 200 202 206 207 208 209 211 213
11 194 195 197 198 201 202 203 204 205 211 214
8 197 199 201 207 209 210 213 214
14 194 197 199 201 202 204 205 206 209 210 211 212 213 214
6 196 198 200 202 204 210
12 194 198 199 200 202 203 204 205 206 207 211 212
9 196 199 201 208 209 210 211 213 214
13 194 195 199 200 201 203 204 205 206 207 209 212 215
11 196 197 198 199 202 204 205 207 210 212 215
11 197 198 199 201 202 205 206 207 208 212 214
9 195 197 198 199 200 203 209 210 214
10 196 197 201 203 207 208 209 210 211 213
12 194 195 196 197 202 207 208 210 211 212 213 215
10 197 198 199 201 205 209 211 212 213 215
9 194 199 201 204 205 208 209 211 215
14 194 195 197 198 201 203 204 205 206 209 210 211 213 214
13 197 198 199 200 202 205 206 207 208 210 211 212 213
12 194 195 198 199 200 201 208 210 211 213 214 215
12 194 197 199 200 201 202 203 205 207 212 213 215
9 194 196 199 205 207 210 212 213 214
7 199 204 205 206 208 209 210
13 196 197 200 201 202 203 204 206 210 211 212 214 215
12 195 196 198 202 203 204 205 207 208 209 212 213
8 194 199 201 206 210 211 212 215
12 194 198 199 200 201 202 203 207 209 212 214 215
12 194 195 198 202 203 204 206 209 211 213 214 215
7 194 196 197 199 204 212 213
6 195 200 201 203 204 208
10 195 197 198 200 201 205 207 210 213 215
12 194 195 197 198 202 205 207 208 210 212 213 215
14 194 195 196 197 198 200 201 204 208 210 211 213 214 215
7 194 201 202 208 209 210 211
14 194 195 196 199 200 201 204 205 206 207 209 210 211 214
10 194 195 196 197 198 199 202 203 208 214
11 196 198 200 202 205 207 208 210 212 213 214
10 194 196 201 202 203 205 208 210 212 213
13 194 195 196 197 198 200 204 205 206 207 208 212 213
12 195 197 198 199 202 203 204 205 206 209 211 213
12 196 198 199 202 206 208 210 211 212 213 214 215
14 194 195 196 197 198 200 201 203 204 205 207 208 214 215
7 195 197 200 201 203 204 214
9 194 196 197 199 201 202 205 207 212
6 197 201 207 211 213 214
6 194 196 201 203 204 205
12 195 196 197 199 200 202 203 204 210 212 213 214
14 194 195 198 200 201 203 205 207 209 210 211 213 214 215
7 197 201 204 206 207 210 212
8 194 200 203 206 209 211 213 214
7 200 201 202 205 206 211 215
7 200 202 206 208 210 212 214
12 194 196 199 200 203 204 205 208 209 211 212 213
7 194 195 196 201 204 209 212
7 197 198 202 203 205 210 214
12 194 197 198 199 206 208 209 211 212 213 214 215
10 194 195 199 200 202 203 210 212 214 215
12 194 196 199 201 203 204 206 207 210 211 212 215
8 195 196 199 205 206 209 210 215
8 194 197 202 204 206 210 212 215
15 195 197 199 200 201 202 203 204 206 207 209 210 213 214 215
15 194 195 196 197 198 199 200 201 205 206 207 211 213 214 215
10 194 195 197 199 201 205 207 209 211 215
6 195 196 197 201 211 215
8 194 196 197 203 208 210 211 214
10 195 196 197 198 199 200 204 206 211 213
11 197 198 199 201 202 203 204 207 212 213 214
11 194 196 197 198 199 201 203 204 208 209 212
8 195 197 198 201 205 207 208 209
13 194 196 198 199 200 202 203 204 205 206 207 211 215
14 194 199 200 201 202 203 204 205 208 209 210 212 214 215
9 196 197 202 204 205 206 209 212 215
9 195 196 198 204 205 206 209 210 213
10 194 199 203 204 206 208 210 211 212 214
10 197 198 199 200 203 205 208 209 214 215
10 194 202 205 209 210 211 212 213 214 215
7 194 204 205 206 210 213 214
12 194 195 196 197 200 201 202 204 205 210 213 215
12 194 196 197 198 199 201 203 205 206 208 213 215
12 194 198 199 202 206 208 209 210 211 212 213 214
7 194 195 196 197 200 209 212
11 194 196 197 199 200 201 202 203 204 207 213
8 194 196 203 204 205 209 213 215
8 194 198 199 201 202 207 208 212
9 196 199 203 208 209 211 212 213 214
15 194 195 196 197 200 201 203 205 206 207 210 212 213 214 215
10 196 199 200 204 206 209 211 212 213 214
13 194 196 197 198 199 200 202 203 204 205 206 211 215
11 194 195 198 199 200 202 203 206 208 209 213
7 194 197 201 203 206 208 212
12 195 197 198 199 200 201 203 204 206 207 208 214
10 197 198 200 201 202 203 207 208 211 215
12 195 197 198 201 203 205 207 209 210 211 213 215
14 194 195 196 197 201 203 204 206 207 210 211 212 213 215
9 197 198 199 200 204 206 212 213 214
9 194 195 196 201 206 210 211 214 215
10 195 197 198 199 204 207 208 210 214 215
15 194 195 198 200 201 202 203 204 205 206 207 211 212 213 215
8 194 197 201 203 206 209 213 215
7 199 200 203 204 207 210 211
8 197 201 202 203 205 206 212 215
9 197 200 201 202 203 204 205 211 213
9 194 195 197 203 207 209 210 211 215
12 194 195 198 204 207 208 209 210 211 212 214 215
10 194 196 197 201 202 206 209 210 214 215
14 194 195 196 197 202 204 205 206 207 208 210 212 213 215
9 194 195 196 205 208 209 212 214 215
15 196 197 199 201 202 203 205 206 208 209 210 211 212 213 215
15 194 195 197 199 200 201 203 204 207 208 209 210 212 214 215
10 194 197 198 203 204 205 206 212 213 214
14 194 195 197 198 199 202 203 206 207 209 211 212 213 214
7 195 200 202 203 205 211 212
14 195 196 199 200 201 203 205 206 207 208 209 212 213 215
7 196 198 201 203 205 212 214
8 194 197 203 205 207 210 213 214
9 198 202 205 206 207 209 210 211 213
8 194 195 198 200 203 205 210 212
10 197 200 202 204 205 208 209 210 211 213
7 196 202 208 211 213 214 215
12 194 196 198 201 203 205 207 209 210 211 213 214
6 194 197 202 203 204 215
13 194 195 196 197 198 199 200 201 202 204 209 211 215
14 194 197 198 199 200 201 202 203 205 206 211 212 214 215
14 194 195 196 197 198 199 202 203 207 210 211 212 213 215
7 201 205 206 207 208 209 215
9 194 196 205 207 208 209 210 213 214
10 196 199 202 205 207 208 209 210 211 213
12 195 196 199 200 203 204 207 209 210 211 214 215
11 194 197 198 199 200 204 209 211 212 213 215
11 194 196 197 198 199 200 208 210 211 212 213
11 195 196 198 205 206 208 210 211 212 213 215
11 194 196 199 200 204 205 206 207 209 210 214
13 194 195 197 199 200 201 204 205 207 208 210 211 212
13 195 197 199 200 202 203 206 207 208 209 211 213 214
14 195 196 197 198 199 200 202 203 205 206 207 212 213 215
13 197 198 199 202 204 206 208 209 210 211 213 214 215
15 194 196 198 199 200 201 203 204 205 207 210 211 212 213 215
7 195 196 198 201 204 212 215
11 194 196 197 198 200 202 203 206 209 213 215
13 194 197 199 200 201 202 203 204 207 209 210 212 215
12 194 195 197 198 203 204 206 207 208 210 213 215
8 194 195 197 200 204 205 208 214
8 198 200 202 203 204 205 206 211
8 196 197 200 201 202 203 204 213
12 194 196 197 198 200 201 203 205 209 210 212 213
8 195 196 197 198 203 209 213 214
9 194 196 200 201 203 205 206 208 212
14 195 196 197 198 200 202 203 206 207 210 211 212 214 215
10 194 202 203 204 205 208 209 210 211 212
9 194 195 200 201 202 206 209 211 214
8 194 195 197 202 203 208 211 212
10 195 198 199 201 202 203 205 209 210 212
10 194 195 198 199 201 202 203 207 208 215
12 194 197 198 199 200 203 204 207 212 213 214 215
10 195 198 199 200 201 204 206 207 210 212
8 195 196 198 202 203 211 213 214
14 194 195 197 201 203 204 205 208 209 210 212 213 214 215
14 194 195 196 197 198 199 200 202 206 209 210 212 213 215
13 194 195 198 199 202 203 205 207 208 209 211 213 214
8 194 197 199 202 203 206 211 214
10 195 196 197 200 202 203 205 207 208 214
12 194 200 201 202 205 206 207 209 211 213 214 215
6 194 195 197 203 204 207
10 194 196 197 201 203 207 208 209 214 215
13 194 195 199 202 203 204 207 208 210 211 212 214 215
8 194 196 199 202 203 208 211 215
8 195 197 201 203 204 206 211 215
9 196 200 202 206 207 208 212 213 214
7 198 200 205 207 208 209 214
11 194 195 196 200 201 204 208 210 212 214 215
11 194 197 199 201 205 206 207 208 212 213 215
11 196 198 199 200 203 204 206 207 210 214 215
14 196 197 198 199 200 201 203 204 206 207 209 211 214 215
11 194 196 197 198 202 203 204 206 209 210 211
8 195 197 200 205 208 210 211 213
14 195 197 200 201 202 203 204 206 208 210 211 212 213 214
12 194 195 196 197 199 202 203 208 209 210 211 212
9 195 196 197 198 199 205 207 211 215
12 194 196 197 198 201 203 207 208 209 212 213 215
13 194 197 198 200 201 203 205 208 210 211 212 213 215
10 194 196 197 199 200 205 207 211 213 215
11 195 196 198 202 203 204 208 209 211 212 213
13 196 198 199 200 201 203 205 206 209 211 213 214 215
3 216 218 235
7 218 224 227 231 233 235 236
10 217 220 222 223 224 230 232 236 237 238
6 219 220 228 231 235 237
8 221 223 224 225 226 227 230 236
9 216 217 218 222 223 227 228 229 238
4 216 235 236 237
13 216 218 220 222 226 227 230 231 232 233 235 237 238
4 217 222 225 233
9 217 220 223 225 231 232 235 236 237
9 221 223 228 229 231 232 234 237 238
14 217 218 219 220 222 226 230 231 232 233 234 235 237 238
16 216 218 219 222 224 226 227 228 229 232 233 234 235 236 237 238
5 220 225 234 235 236
3 217 233 238
5 224 225 233 236 238
5 218 228 233 234 238
5 216 224 226 227 236
15 216 217 218 220 222 223 227 230 231 232 233 235 236 237 238
13 216 217 219 221 222 227 229 230 233 235 236 237 238
6 216 217 221 222 223 229
4 221 232 235 237
7 217 220 221 223 225 230 231
1 230
12 217 218 221 225 226 227 229 232 233 235 237 238
3 222 232 233
7 216 218 219 220 222 223 233
13 219 220 221 222 223 225 227 228 231 232 233 234 238
11 216 217 218 220 222 224 225 226 227 234 235
6 216 218 222 229 232 234
5 219 221 226 233 234
5 228 229 230 231 238
12 217 218 219 221 222 224 225 226 227 228 230 238
6 219 227 228 229 235 237
5 216 222 228 229 230
18 217 218 219 220 221 222 223 225 228 229 230 231 232 233 234 235 237 238
2 219 228
10 221 222 224 225 231 232 234 235 236 237
5 217 227 230 231 236
6 217 219 221 222 230 232
8 218 222 230 231 232 233 234 238
5 216 217 223 224 225
5 218 219 220 227 235
5 217 218 224 226 229
9 220 222 228 229 231 233 234 237 238
7 216 218 219 225 230 233 238
8 219 221 224 225 226 228 229 234
5 219 228 232 237 238
7 219 221 223 232 233 236 237
9 216 217 222 224 227 228 232 233 237
4 221 224 234 235
5 216 220 224 226 229
11 216 220 223 229 231 232 233 234 235 236 237
5 225 227 228 229 231
6 217 222 224 226 228 237
7 224 225 226 228 229 234 238
11 216 219 220 222 223 224 228 230 231 234 236
7 217 219 220 221 223 226 235
9 216 221 223 224 225 227 228 229 236
10 220 221 223 227 229 231 232 234 235 236
4 220 221 226 236
9 218 219 221 223 226 229 230 231 238
10 218 220 223 224 225 226 228 231 232 234
5 221 226 233 235 236
13 216 217 218 219 220 223 226 227 228 229 230 233 238
14 216 217 218 219 221 223 224 225 226 227 230 232 235 236
8 217 221 223 224 225 229 234 236
5 220 225 226 230 234
5 216 224 226 230 236
9 219 220 224 225 230 231 232 234 237
6 218 227 231 232 234 237
14 216 218 219 221 222 224 226 227 228 229 230 233 234 238
7 223 225 227 231 235 236 237
16 216 217 218 219 220 223 225 226 227 228 229 230 231 236 237 238
3 216 217 223
5 216 218 222 224 235
10 217 218 219 221 223 225 230 232 237 238
2 224 238
1 219
4 227 228 229 231
5 224 225 226 228 234
3 220 225 234
8 222 223 225 227 228 231 234 238
10 216 217 219 223 224 226 227 230 235 236
6 224 228 230 231 234 236
9 219 220 222 225 228 231 232 233 238
5 216 217 222 227 233
13 216 217 218 220 222 227 231 232 233 235 236 237 238
4 218 221 231 238
7 216 222 224 227 228 232 237
11 217 218 219 220 222 226 230 231 232 233 238
3 230 231 238
13 216 217 218 219 220 223 225 226 227 230 236 237 238
5 224 225 226 232 234
2 224 226
2 217 233
2 222 232
1 228
3 226 235 236
6 222 223 224 232 236 238
7 219 224 225 226 228 229 234
4 218 224 227 231
7 222 223 227 231 233 234 238
8 216 218 222 226 227 228 229 234
3 220 230 234
3 223 224 225
5 218 224 231 235 236
6 217 225 231 232 235 237
6 216 217 227 228 232 237
4 217 219 221 222
7 218 220 223 224 225 226 232
3 216 222 229
5 223 227 229 232 234
5 221 224 231 235 237
5 218 222 230 231 233
2 233 238
3 228 231 238
2 221 224
4 216 226 227 236
2 217 225
6 218 222 230 232 234 238
4 217 221 223 229
8 218 220 223 225 228 231 232 234
4 217 226 228 237
2 221 235
2 216 237
3 231 232 234
9 217 218 225 227 229 232 233 237 238
3 218 232 234
5 221 223 227 234 236
3 226 233 235
3 216 224 226
10 219 220 221 222 223 227 228 232 234 238
7 219 220 225 230 232 234 237
3 225 227 231
7 218 226 227 229 233 235 237
4 220 232 235 236
6 220 226 230 231 232 238
1 217
3 220 231 235
5 221 224 225 226 228
8 216 217 219 221 224 225 230 232
6 220 223 229 231 234 236
5 221 224 225 227 229
5 222 230 236 237 238
2 216 226
8 220 229 231 232 233 234 236 237
6 217 220 223 231 232 235
5 219 221 224 228 229
9 216 219 224 226 227 230 233 234 238
5 222 228 229 234 237
7 220 222 223 228 230 234 236
10 217 218 221 225 226 227 233 235 237 238
4 221 223 233 237
9 216 217 218 220 222 224 225 227 234
6 216 218 225 230 233 238
5 223 225 231 236 237
6 218 221 225 229 232 235
7 217 218 219 220 230 231 234
8 217 220 222 223 224 232 236 237
4 220 221 226 235
5 221 223 231 237 238
8 218 219 222 224 225 226 228 230
2 230 238
3 216 218 232
3 217 222 224
4 216 220 226 229
7 219 220 222 224 230 234 236
5 223 225 235 236 237
4 217 222 228 237
3 228 231 237
6 220 221 223 229 234 235
3 221 226 233
4 216 228 229 230
2 227 236
5 217 222 223 224 232
10 216 218 219 222 224 226 227 228 229 232
8 221 224 225 231 232 234 235 236
5 219 220 221 223 226
3 219 220 235
2 216 235
4 216 222 223 229
3 221 226 235
5 217 220 231 232 235
2 219 234
4 217 222 226 228
1 216
4 218 227 231 234
4 224 233 236 238
6 218 221 223 230 231 238
4 218 224 231 233
4 218 227 232 237
3 216 235 237
4 218 219 220 227
6 218 230 232 233 234 238
8 218 222 224 226 227 230 233 234
11 216 217 221 222 227 229 233 235 236 237 238
8 216 220 223 229 231 233 234 235
8 219 225 227 228 232 233 234 238
2 226 236
6 218 219 220 222 223 233
7 219 220 224 231 232 234 237
5 224 225 231 232 236
5 217 219 221 222 230
2 220 230
2 226 227
6 223 225 231 235 236 237
4 217 223 226 235
4 224 226 230 236
2 226 229
5 217 220 221 230 231
2 222 232
7 222 224 227 228 232 233 237
5 216 218 219 225 230
8 220 226 230 231 233 235 237 238
4 217 223 224 225
4 216 222 223 228
11 217 218 220 226 231 232 233 234 235 237 238
8 216 223 229 233 234 235 236 237
3 224 226 227
3 217 222 233
4 227 231 232 237
2 224 236
9 217 220 221 225 228 229 232 237 238
11 217 218 222 225 226 227 230 233 234 236 238
10 216 217 218 220 227 228 232 233 234 238
12 216 217 220 225 228 231 232 233 234 235 237 238
9 217 220 224 226 227 232 233 236 238
8 216 217 218 223 226 230 236 238
6 222 224 227 230 233 234
13 216 217 219 222 223 224 225 227 228 229 230 233 234
14 216 220 224 225 226 227 228 229 231 232 233 235 236 238
15 216 219 221 222 224 225 227 228 229 230 232 233 234 236 237
14 216 218 221 224 226 227 230 231 232 233 234 235 236 238
7 216 217 221 225 226 229 232
12 216 218 221 225 227 228 232 233 234 235 236 237
10 216 218 219 220 222 225 227 228 233 236
13 217 218 219 220 221 222 223 224 228 229 233 234 235
8 216 217 218 219 220 222 225 226
11 218 219 221 222 223 224 225 229 232 233 235
11 216 218 221 223 227 228 230 232 234 235 236
12 218 219 222 223 224 228 230 231 235 236 237 238
13 216 217 220 221 224 225 226 227 231 232 233 234 236
11 218 220 222 226 228 229 230 232 233 234 238
12 217 220 222 223 225 227 228 229 231 232 235 237
12 216 221 222 223 224 225 228 230 232 235 236 238
15 216 217 220 221 222 223 224 225 227 228 229 230 231 233 236
7 217 219 222 229 233 234 236
12 216 220 221 223 224 225 228 230 231 234 237 238
9 216 217 223 225 226 227 228 231 233
14 216 219 220 223 224 227 228 230 231 232 233 235 236 238
9 217 218 220 221 225 227 229 234 236
12 219 220 221 222 223 226 227 231 233 236 237 238
15 216 217 220 221 222 223 225 226 229 231 232 235 236 237 238
8 216 223 225 228 233 235 236 237
14 217 218 219 221 222 223 224 230 231 232 234 236 237 238
11 219 220 221 224 226 227 228 230 231 233 237
12 219 220 221 223 224 227 229 231 232 233 234 235
7 219 221 225 226 228 229 234
11 216 217 220 221 222 224 225 226 231 232 233
9 218 220 221 222 223 229 231 237 238
10 216 217 220 221 225 227 233 235 236 237
7 216 217 219 227 231 232 236
8 221 222 224 228 230 231 233 238
11 217 218 220 223 224 225 229 232 233 235 237
9 218 221 222 223 225 226 231 236 238
10 219 220 224 225 227 232 235 236 237 238
12 216 218 219 220 223 227 228 229 231 233 234 237
15 216 218 219 220 222 228 229 231 232 233 234 235 236 237 238
7 216 219 220 222 223 224 235
10 218 220 222 227 229 230 231 233 234 235
10 216 221 223 226 227 229 232 233 234 235
8 216 220 225 226 233 236 237 238
9 217 222 223 224 225 226 227 229 230
12 218 219 222 223 224 225 226 227 228 232 234 237
15 216 218 219 220 221 222 223 224 226 227 230 231 235 237 238
10 216 220 221 222 223 227 230 231 232 234
12 217 218 219 221 223 224 227 230 232 233 234 236
15 216 217 218 220 222 224 226 227 230 231 233 234 235 236 238
8 217 221 222 223 230 231 233 237
12 220 224 226 227 229 230 231 232 234 235 237 238
8 218 221 223 225 227 230 232 236
14 216 219 221 222 223 224 226 227 228 230 231 232 234 235
15 216 217 218 219 221 223 225 226 229 230 231 233 234 235 237
13 217 218 222 226 227 228 229 230 231 233 236 237 238
7 216 217 218 222 224 225 238
14 217 218 219 221 222 223 224 225 228 233 234 235 236 237
7 221 223 224 231 232 233 235
10 217 218 220 221 222 227 229 233 235 238
9 216 222 223 225 229 231 232 237 238
7 216 217 218 220 225 226 231
8 217 218 219 223 228 229 233 237
13 216 217 218 219 222 224 225 226 229 233 234 235 237
14 216 217 220 221 223 224 225 229 230 232 233 234 236 237
8 218 222 224 227 228 229 232 233
14 218 219 220 223 225 227 229 230 231 234 235 236 237 238
9 216 217 219 221 222 229 230 236 237
9 216 218 220 222 228 230 231 232 235
9 216 219 220 221 224 227 234 236 238
8 220 222 226 227 229 230 232 237
12 217 219 222 223 224 229 230 231 232 233 236 237
11 217 218 220 221 222 223 224 233 236 237 238
6 217 227 228 231 234 237
12 217 218 221 224 226 227 228 229 233 234 235 237
13 216 217 219 220 221 223 225 227 230 231 234 235 237
7 217 223 226 227 229 230 237
9 223 227 228 230 231 232 233 234 235
14 217 218 219 220 222 223 225 228 230 231 232 235 237 238
11 216 220 221 222 223 225 226 228 230 232 234
12 216 217 219 222 223 224 226 227 233 235 237 238
11 219 223 224 226 228 231 232 233 235 236 238
8 216 218 221 222 223 228 229 238
8 216 220 222 226 230 235 236 238
11 216 219 224 225 227 228 229 234 235 236 238
9 216 219 223 229 230 231 232 235 236
14 216 218 221 222 223 224 226 229 231 232 235 236 237 238
9 222 224 226 227 228 229 231 234 238
11 217 221 222 223 225 227 229 231 232 237 238
11 217 218 219 221 225 227 228 229 233 235 238
8 217 218 228 232 233 234 236 238
8 218 220 222 226 229 232 236 238
12 218 219 220 222 223 226 229 230 233 234 237 238
12 216 223 224 225 226 227 230 232 233 234 235 238
10 217 219 224 230 231 232 233 234 236 238
15 216 217 218 219 220 221 223 224 226 227 230 232 234 237 238
11 216 217 218 221 224 225 227 229 232 233 235
13 217 220 222 223 225 226 230 232 234 235 236 237 238
10 217 219 220 221 225 226 228 231 232 238
9 220 223 224 227 228 231 234 236 238
15 216 217 219 220 221 223 225 226 227 229 232 234 235 236 237
15 216 217 219 221 222 223 224 230 231 232 233 235 236 237 238
15 216 220 221 222 223 224 227 228 229 231 232 233 234 235 238
9 219 220 222 224 225 229 232 233 236
9 217 218 220 221 222 225 231 232 235
14 216 217 218 219 223 224 228 229 230 233 235 236 237 238
7 219 220 223 227 230 233 238
7 217 222 225 228 230 231 235
13 216 222 223 224 225 226 228 229 232 233 234 236 237
7 217 221 222 227 228 232 235
12 216 218 219 220 221 222 224 225 230 233 236 237
8 219 223 225 226 227 230 232 236
12 216 219 220 221 225 228 229 231 232 234 236 237
8 216 218 219 220 222 226 227 237
9 216 222 226 228 230 231 232 234 235
7 218 220 222 226 230 232 234
14 219 220 222 223 224 225 227 230 232 233 235 236 237 238
9 218 221 222 223 232 234 236 237 238
15 216 220 221 222 223 225 226 227 228 229 230 231 234 236 237
7 216 219 220 226 231 233 237
15 216 219 222 223 224 225 226 227 228 231 232 233 234 237 238
7 218 220 222 230 231 233 234
16 217 218 219 220 222 223 224 225 226 227 228 231 233 234 235 236
10 216 217 220 222 225 229 231 233 235 237
7 219 225 229 233 234 235 238
10 216 219 221 222 224 226 230 234 235 236
10 216 218 224 225 226 229 231 235 236 237
11 216 217 220 222 223 226 228 232 233 235 236
12 218 220 221 222 226 227 230 231 232 233 237 238
10 216 219 222 223 225 229 230 235 236 238
15 216 219 220 221 225 227 228 229 230 232 233 234 235 237 238
10 216 222 224 227 229 232 233 234 235 237
6 217 218 229 230 231 233
10 219 222 225 227 228 229 231 232 235 237
7 217 221 222 230 232 233 236
15 216 217 218 219 220 221 222 223 229 230 231 232 234 235 236
12 216 218 221 222 223 227 230 231 233 234 235 238
14 216 217 218 220 221 224 225 227 228 230 231 232 233 234
9 217 219 223 224 227 232 236 237 238
14 216 218 220 221 222 223 225 229 230 232 233 234 236 238
8 217 218 220 228 233 234 235 237
9 218 220 221 225 226 230 231 232 235
10 220 221 223 225 226 227 228 229 231 238
10 216 221 222 224 225 227 228 230 232 238
15 216 218 220 221 222 223 224 231 232 233 234 235 236 237 238
