184 1019
42 1 2 3 4 5 6 7 8 9 10 11 12 13 14 15 16 17 18 19 20 21 22 23 24 25 26 27 28 29 30 31 32 33 34 35 36 37 38 39 40 41 42
30 3 4 6 7 8 11 12 13 14 17 18 19 21 22 23 24 25 26 27 28 29 31 32 34 36 37 38 39 40 42
16 1 2 3 7 12 14 17 25 26 30 33 34 35 36 39 40
31 1 2 3 4 5 9 10 11 12 13 15 16 17 18 19 20 21 22 23 24 25 27 28 30 31 32 33 38 39 41 42
30 1 3 4 7 8 9 11 12 13 14 16 18 19 20 22 23 24 25 27 28 29 30 32 33 36 38 39 40 41 42
19 2 4 9 11 14 16 19 22 24 26 28 29 31 32 35 36 38 39 40
30 1 2 3 4 5 7 8 9 12 13 15 16 17 18 20 21 22 23 24 26 27 28 29 30 31 34 37 39 41 42
27 2 5 7 9 11 12 13 14 16 17 18 19 20 21 22 24 25 27 28 29 31 35 36 37 38 39 41
18 3 4 5 8 10 11 14 15 18 21 23 24 26 27 33 37 39 41
28 1 3 4 5 6 8 9 11 12 13 14 18 19 20 21 23 25 26 27 28 30 31 34 35 36 38 40 41
19 3 6 7 8 12 18 19 20 22 24 26 27 28 31 32 34 38 40 42
19 1 4 5 6 9 10 11 14 15 18 20 21 26 28 31 35 38 40 42
14 1 5 7 10 12 13 15 18 21 22 24 30 35 41
13 2 4 5 11 13 14 15 16 21 23 24 35 42
15 1 4 5 8 11 15 16 17 21 22 24 26 27 37 40
59 43 44 45 46 47 48 49 50 51 52 53 54 55 56 57 58 59 60 61 62 63 64 65 66 67 68 69 70 71 72 73 74 75 76 77 78 79 80 81 82 83 84 85 86 87 88 89 90 91 92 93 94 95 96 97 98 99 100 101
46 43 44 45 46 48 49 50 51 52 53 54 55 56 59 60 61 62 63 66 67 69 71 73 74 75 76 78 79 80 82 83 84 85 86 87 88 89 90 91 92 93 94 95 96 97 100
19 45 54 55 60 62 63 66 67 70 71 73 75 76 78 84 87 89 92 98
33 44 45 46 47 48 49 50 56 57 59 61 65 67 68 69 71 72 73 75 78 80 81 82 83 84 85 88 90 91 92 95 96 99
33 43 45 46 47 48 50 51 52 54 55 56 57 59 60 61 66 67 68 69 70 71 72 74 76 78 79 82 83 94 95 98 99 101
22 43 44 48 49 51 56 63 64 65 66 74 75 76 77 81 83 90 91 94 95 97 101
47 43 44 45 46 47 48 49 52 54 55 56 57 59 60 62 63 64 65 66 67 68 69 71 72 73 74 76 77 79 80 81 82 83 84 85 86 87 88 89 92 94 95 96 97 98 99 101
36 43 45 47 50 51 53 54 57 58 60 61 63 64 65 68 70 72 73 75 76 77 78 79 80 83 86 88 89 91 94 95 96 98 99 100 101
20 48 52 53 55 61 63 66 71 72 74 78 79 80 81 82 85 87 90 96 99
27 43 46 48 49 51 52 53 54 56 57 65 66 67 70 71 72 73 75 76 80 81 82 86 89 92 99 101
32 43 44 47 48 50 52 53 54 57 60 65 66 68 69 71 72 74 75 77 79 80 81 82 83 84 87 91 92 96 97 98 100
44 43 44 45 47 48 49 50 53 54 55 56 57 58 60 61 62 63 64 65 66 67 68 73 74 75 76 77 78 80 81 82 85 86 87 88 89 90 92 93 94 95 97 98 99
33 46 48 49 50 52 53 54 55 56 57 61 62 63 65 66 69 70 72 74 75 78 79 80 81 82 84 88 89 91 92 93 99 101
18 45 48 49 51 52 53 55 56 63 65 69 71 76 78 88 91 95 97
32 44 45 47 50 51 53 55 56 57 60 61 63 66 67 70 71 74 75 78 81 83 84 87 88 92 93 95 96 97 98 99 100
44 43 44 45 47 48 49 50 52 53 54 56 57 59 60 61 62 64 65 68 69 70 71 72 75 76 77 78 81 83 84 87 88 89 91 92 93 94 95 96 97 98 99 100 101
23 45 49 53 55 56 64 66 67 69 70 72 75 76 80 83 84 85 87 89 91 98 100 101
19 43 51 52 54 57 60 62 64 65 70 73 76 79 81 87 91 95 98 101
33 43 44 46 49 50 51 53 56 57 58 59 62 63 65 66 67 69 70 72 73 74 75 79 81 82 84 86 91 92 93 98 100 101
28 44 49 50 58 62 63 64 67 68 70 72 73 74 77 78 80 82 85 86 90 92 93 94 95 97 98 99 100
38 43 45 46 48 49 51 52 55 56 59 61 63 64 65 66 67 68 69 70 71 72 73 75 76 78 79 80 83 84 85 86 89 92 93 95 96 98 100
28 43 45 46 48 50 53 55 56 59 67 68 69 70 71 72 75 77 83 85 88 89 90 91 92 93 96 100 101
41 45 46 47 49 50 51 52 54 55 58 59 60 61 63 64 65 67 68 69 70 71 72 73 74 75 76 77 79 80 81 82 86 87 89 90 95 96 97 99 100 101
46 43 44 45 47 48 50 51 52 53 54 56 59 60 61 62 63 64 67 68 69 70 71 72 73 74 75 76 77 78 79 81 82 83 84 85 86 87 88 89 90 91 93 94 98 100 101
26 50 52 54 55 56 61 64 65 69 70 71 77 78 79 80 81 82 84 85 86 88 91 95 98 99 100
36 43 44 45 46 47 48 49 52 55 58 59 61 62 63 66 67 69 71 72 75 76 77 78 80 82 83 86 87 88 89 90 93 94 97 98 101
35 46 47 50 51 52 54 56 57 58 59 60 63 64 65 67 70 71 73 75 78 79 80 81 82 83 85 86 87 88 90 91 92 94 95 101
21 43 46 54 57 58 60 68 72 73 75 76 78 82 83 84 86 88 89 90 92 95
21 45 47 51 52 53 54 55 56 57 61 63 66 70 72 77 80 82 85 97 99 100
37 43 46 47 49 50 51 52 53 54 55 56 57 58 59 60 63 65 69 71 72 73 74 75 78 81 82 84 85 86 87 89 91 93 94 95 98 100
42 43 45 46 47 48 49 50 51 52 54 55 56 57 58 60 61 62 64 67 69 71 72 73 74 75 76 77 78 79 81 83 84 89 90 91 92 93 94 95 97 98 99
31 44 45 46 47 48 49 50 53 56 57 58 59 62 63 64 72 73 74 75 78 80 81 83 85 87 88 92 94 96 97 100
21 44 51 52 58 59 62 63 66 68 69 70 76 77 79 84 86 91 93 98 99 101
42 43 44 45 46 48 51 52 53 54 55 56 57 58 59 60 62 64 66 68 69 71 72 73 74 76 79 81 83 84 86 87 88 90 91 92 93 95 96 97 99 100 101
46 43 44 47 48 49 50 51 52 53 55 56 58 59 60 61 62 63 64 65 66 68 69 70 71 72 73 75 76 77 78 79 80 82 84 85 86 87 88 89 90 92 93 94 95 100 101
40 43 44 46 50 51 53 54 55 56 57 59 61 62 63 64 67 68 70 75 76 77 78 79 80 83 84 85 87 89 90 91 92 93 94 95 96 98 99 100 101
24 48 50 51 54 60 62 64 65 70 72 73 74 77 78 79 81 85 86 88 90 91 92 96 100
42 43 46 48 51 52 53 54 55 58 60 61 63 64 65 67 68 69 70 71 72 74 75 78 79 80 81 83 84 85 86 87 89 90 91 92 95 96 97 98 99 100 101
33 46 49 50 51 55 57 58 59 61 63 66 67 70 71 72 73 75 76 77 78 81 83 84 85 88 89 90 93 95 96 97 100 101
40 44 45 49 50 52 55 57 59 62 63 64 65 66 68 69 70 72 75 76 77 78 80 81 82 83 84 85 86 87 88 89 90 91 92 95 96 97 98 99 101
25 43 45 46 48 49 51 52 55 56 62 67 68 72 73 75 77 83 87 89 92 94 95 96 98 99
38 44 45 48 49 52 54 55 56 57 58 60 61 62 65 66 67 69 70 73 74 78 79 80 81 82 84 85 86 87 90 91 92 93 94 96 98 100 101
40 44 45 47 48 49 51 52 53 54 56 57 58 60 61 62 63 64 65 66 67 68 69 72 76 77 79 80 81 82 83 84 85 86 92 94 95 97 98 99 100
35 44 46 49 50 54 55 56 59 60 64 65 66 67 68 73 74 75 78 79 80 81 82 84 85 86 89 90 91 92 94 95 96 98 100 101
46 43 44 45 47 48 49 50 51 52 55 57 58 60 61 62 63 65 66 67 68 70 71 73 74 75 76 77 78 79 81 82 84 86 87 88 89 90 91 92 93 94 95 97 99 100 101
38 44 45 46 47 49 50 51 53 54 56 58 59 60 62 65 66 69 70 71 72 73 74 76 77 78 81 82 83 84 85 86 87 88 90 94 95 98 99
33 45 47 48 50 54 55 56 58 60 65 66 67 68 69 70 71 72 73 76 77 78 79 80 81 82 84 85 86 87 88 96 99 101
28 43 48 51 57 58 61 62 65 68 70 72 75 76 77 78 80 83 85 86 87 91 92 93 94 96 97 99 100
36 43 44 46 47 48 49 50 51 52 53 54 56 57 58 60 63 64 66 69 70 71 73 75 76 79 80 81 83 84 88 90 92 95 96 98 99
44 43 44 45 46 50 51 52 53 54 55 56 57 58 59 62 66 67 68 69 70 72 73 74 75 76 78 79 80 81 83 84 85 86 87 88 89 90 92 95 96 97 98 99 100
46 43 44 45 46 47 48 49 50 52 53 54 56 57 58 59 63 64 65 66 67 69 70 71 72 73 75 76 77 78 80 81 82 83 84 86 87 89 92 94 95 96 97 98 99 100 101
32 44 45 48 49 50 51 52 55 57 58 60 64 65 68 69 70 72 73 79 80 81 84 86 87 88 92 93 95 96 99 100 101
21 43 46 48 52 54 56 59 63 70 71 73 77 79 80 83 84 87 89 90 91 93
29 43 44 49 53 54 55 56 62 64 65 66 67 71 75 76 77 78 81 85 86 87 89 90 91 92 95 96 98 101
34 43 44 45 46 49 51 52 53 54 56 57 58 60 61 63 65 66 71 72 75 76 77 79 80 81 85 88 90 91 93 94 95 98 100
30 43 44 45 48 52 53 54 55 57 58 59 61 62 65 66 68 69 71 72 73 75 77 78 79 86 88 89 93 97 101
44 43 44 45 48 49 52 54 56 58 59 60 61 62 63 64 65 67 68 69 70 71 73 75 76 77 79 81 82 83 85 86 87 88 89 91 92 93 94 95 96 98 99 100 101
29 44 53 55 57 59 60 61 62 64 69 70 73 77 81 82 83 85 87 88 89 90 93 94 95 96 97 98 99 101
21 43 44 46 47 48 49 52 54 57 59 60 63 65 71 72 78 90 92 95 96 100
21 44 45 46 47 51 52 53 54 60 62 64 69 70 73 75 84 85 95 96 98 101
43 43 44 46 47 48 51 52 53 55 56 57 58 59 60 62 63 64 66 67 68 69 71 72 73 75 76 77 78 79 80 83 84 85 87 88 89 91 94 95 96 98 99 100
29 43 46 48 52 53 58 60 62 63 66 67 72 74 80 82 84 86 87 88 91 92 93 94 95 96 97 98 99 101
40 44 45 46 48 52 54 55 56 57 58 61 62 63 65 67 68 69 70 71 72 73 74 75 76 77 78 83 84 86 87 88 89 90 93 94 96 97 99 100 101
28 45 46 48 53 54 55 56 57 63 64 65 67 72 73 75 76 78 80 81 82 86 87 88 91 93 95 100 101
35 43 44 46 50 53 54 55 56 58 60 61 64 67 68 69 70 71 72 73 75 76 77 78 80 81 84 88 89 90 92 93 95 96 99 101
26 55 56 58 59 63 64 65 66 70 71 73 74 76 77 78 80 84 89 91 93 94 96 98 99 100 101
31 44 48 49 50 52 53 55 59 60 61 62 63 64 65 66 68 69 70 71 72 76 80 83 84 87 89 90 91 92 100 101
34 46 47 48 49 51 52 53 55 57 60 61 62 63 65 66 68 71 72 73 76 77 78 79 81 84 86 88 91 94 95 96 97 98 101
32 43 45 47 50 54 56 59 60 64 65 67 71 72 74 75 76 77 78 82 83 84 87 88 90 91 93 94 95 97 98 100 101
8 103 105 106 108 109 110 111 119
14 104 105 106 108 109 110 111 112 113 116 117 118 119 120
7 102 108 109 110 116 117 119
6 102 108 110 114 119 121
4 107 110 113 116
6 104 107 109 114 115 119
3 105 108 118
5 105 107 109 110 121
4 104 107 120 121
5 106 107 108 115 118
6 107 112 115 118 120 121
7 102 103 106 109 117 119 120
4 102 104 105 120
2 115 119
13 103 104 105 106 107 111 112 113 114 115 118 120 121
7 105 108 111 112 115 118 121
11 102 103 104 110 111 112 113 114 117 118 120
3 110 113 121
7 102 103 106 112 115 116 117
16 102 104 105 106 107 108 109 111 112 114 116 117 118 119 120 121
3 110 111 114
8 104 108 111 113 114 118 119 120
9 102 103 105 107 111 115 116 118 120
2 104 114
14 102 103 105 106 108 110 111 112 113 116 117 118 120 121
5 106 113 114 115 121
2 102 109
8 105 108 109 110 113 117 118 119
6 102 104 107 109 110 116
6 103 106 113 115 116 120
5 107 109 110 111 113
6 104 105 106 111 118 121
8 103 106 107 111 113 115 117 119
7 102 104 105 108 110 112 118
5 103 113 115 117 118
9 102 104 106 107 108 115 118 119 120
8 104 105 107 109 111 112 117 118
5 106 116 117 120 121
11 103 106 108 110 111 112 115 116 117 118 119
10 102 107 109 111 112 113 114 117 119 120
6 105 112 114 116 118 120
13 102 103 105 106 107 108 110 112 116 117 118 120 121
6 103 105 108 110 115 116
7 104 107 108 109 110 114 119
4 103 112 113 118
9 105 106 107 108 109 115 116 119 121
2 109 121
7 102 103 107 109 112 115 119
8 105 107 109 110 112 116 119 121
6 103 111 112 117 119 120
6 102 103 107 114 115 121
7 102 104 106 108 111 114 120
4 103 111 114 115
9 102 103 104 107 109 114 116 118 121
4 102 113 114 116
4 107 109 113 121
3 103 118 120
2 104 117
6 102 105 112 113 119 121
7 104 107 113 114 115 118 120
5 106 113 115 117 120
5 103 104 110 117 120
4 102 106 112 116
1 114
4 102 105 111 115
6 103 107 114 116 119 121
10 102 104 105 106 108 112 114 116 117 121
7 108 110 113 114 116 117 120
4 104 106 118 121
11 105 106 108 110 111 112 113 115 117 119 120
6 103 105 112 113 116 117
4 104 108 110 121
5 104 106 109 112 114
4 103 110 113 115
3 108 117 119
13 102 103 105 106 108 109 110 111 112 116 117 119 121
2 109 111
7 104 109 111 113 114 115 119
4 109 111 114 116
4 102 103 119 120
3 102 105 120
2 118 120
4 105 108 110 116
1 104
6 108 113 114 116 117 120
2 113 121
4 105 108 113 118
4 112 115 120 121
3 103 110 113
5 108 110 113 118 119
1 110
3 110 117 120
3 104 106 112
10 102 103 108 109 110 111 112 116 117 119
4 107 109 114 115
3 104 115 120
6 102 108 110 116 117 119
5 111 112 117 119 120
2 109 116
3 113 116 117
2 104 121
3 106 113 115
2 110 114
6 104 105 109 111 112 117
1 104
3 105 111 115
5 103 107 109 115 119
2 104 120
1 121
1 111
3 102 113 119
3 105 112 116
1 109
7 102 107 108 115 118 119 120
7 102 104 110 112 113 114 117
8 103 106 108 110 112 115 116 118
1 117
9 102 103 110 111 112 113 114 117 118
10 103 105 106 107 108 110 116 118 120 121
4 102 113 119 121
11 102 105 106 108 109 111 117 118 119 120 121
5 102 103 115 116 118
5 102 104 106 111 114
1 104
4 103 105 112 113
1 121
3 104 105 118
1 109
5 105 109 113 117 118
5 108 111 113 114 118
4 104 110 117 120
2 103 110
4 108 109 110 119
7 103 106 111 112 117 118 119
4 102 108 109 117
7 102 104 105 108 112 114 117
6 102 105 116 117 120 121
9 103 105 106 107 111 112 118 120 121
5 104 111 118 119 120
7 102 106 107 115 118 119 120
5 107 109 112 117 118
2 110 113
3 107 109 114
4 112 117 119 120
3 114 116 120
3 105 108 116
9 103 104 105 106 112 113 114 120 121
1 115
5 103 105 112 113 117
3 107 110 113
4 109 117 119 120
5 105 111 112 115 121
6 103 104 105 106 111 115
4 110 112 119 121
4 102 109 110 116
1 103
3 107 110 113
1 109
4 102 110 119 121
2 103 104
6 105 107 111 112 117 118
9 103 105 106 110 111 116 117 120 121
2 110 121
7 102 110 111 112 113 114 117
4 102 103 111 118
7 105 108 109 110 113 117 118
2 102 114
3 104 107 121
4 108 110 117 119
7 105 106 107 112 117 118 121
4 108 112 115 121
1 111
6 102 108 109 116 117 119
3 103 112 113
5 111 113 114 115 119
1 121
1 121
1 117
5 104 105 112 117 118
3 102 110 119
7 105 108 112 114 116 117 121
4 103 113 115 118
3 108 112 118
7 102 105 106 108 112 116 121
1 109
2 116 120
5 106 109 117 119 120
2 113 121
8 102 106 108 109 114 116 119 120
10 102 103 105 106 111 112 117 118 120 121
4 108 112 115 118
5 105 109 115 116 121
4 103 111 119 120
4 102 108 110 119
3 103 115 117
6 102 103 109 116 118 121
2 110 121
3 106 115 117
6 104 111 113 114 115 119
6 102 103 106 109 119 120
8 103 104 107 113 114 115 118 121
4 105 107 116 121
2 107 121
5 104 108 109 110 119
1 110
9 102 103 106 110 112 116 117 120 121
4 107 109 115 119
2 107 113
3 104 105 118
5 106 108 110 112 120
6 108 109 110 116 117 119
2 113 121
2 106 121
6 105 108 109 117 118 119
3 110 113 120
3 103 112 118
8 104 105 109 110 112 116 118 119
2 105 108
4 105 108 110 116
2 108 119
2 104 106
10 102 103 105 106 110 111 112 117 119 121
2 111 116
4 106 113 115 116
3 102 112 116
3 106 113 115
5 109 110 116 117 119
6 105 107 111 112 117 118
4 102 103 107 115
2 104 110
2 106 121
5 102 109 117 119 120
4 103 105 113 116
3 105 108 118
4 107 112 115 120
1 109
4 103 107 119 121
2 102 113
2 110 114
9 102 103 105 106 107 116 118 120 121
3 102 110 114
3 102 113 119
4 104 106 118 121
1 115
5 102 104 106 108 120
4 107 112 115 118
8 103 105 108 109 110 112 116 121
5 107 112 115 118 120
2 115 120
3 102 108 110
5 102 115 116 118 120
5 103 111 112 117 119
2 110 113
3 106 116 120
3 105 116 120
2 103 110
3 107 110 116
4 102 108 110 121
5 104 109 114 115 119
1 108
4 105 107 109 111
6 104 108 111 113 119 120
4 103 110 115 116
6 103 105 108 109 111 119
2 114 115
5 105 109 112 116 119
4 106 116 117 120
2 102 120
9 105 106 107 108 110 112 116 117 120
2 103 112
2 105 108
5 105 106 107 108 115
2 117 118
5 102 111 112 113 117
7 102 103 105 111 116 118 120
2 106 112
9 105 106 110 111 112 113 115 119 120
4 102 112 115 119
9 103 106 107 108 110 112 116 117 121
3 102 112 118
5 103 105 107 116 120
1 114
5 103 104 107 118 121
3 109 114 116
8 105 108 111 114 117 118 119 121
3 103 116 120
7 102 107 111 115 116 118 120
7 102 103 105 106 107 108 118
3 103 113 115
5 107 108 109 110 114
2 105 108
1 103
1 108
10 105 106 108 109 110 113 116 117 118 120
2 110 111
1 115
2 102 120
2 110 121
5 102 103 106 117 119
2 103 114
9 102 104 105 112 113 115 116 117 118
11 103 104 105 106 107 110 112 114 115 117 120
11 103 104 105 106 108 109 111 113 114 117 118
10 103 107 108 111 114 115 118 119 120 121
12 102 103 105 106 108 109 111 112 114 116 117 119
7 102 104 114 116 118 120 121
9 103 105 109 110 113 114 115 116 119
8 106 111 113 115 117 119 120 121
12 102 103 104 105 106 107 108 109 110 112 113 121
9 102 103 110 111 114 116 118 119 120
11 102 103 104 107 109 111 113 114 115 117 118
7 104 108 110 117 119 120 121
10 102 103 104 106 107 111 113 117 119 120
13 102 103 106 108 109 112 113 114 115 116 119 120 121
9 105 106 107 109 112 113 117 119 120
7 102 104 110 113 114 115 121
8 106 107 108 109 110 112 113 115
8 104 107 111 113 114 115 119 121
9 105 106 108 110 111 115 116 118 119
12 102 104 105 107 112 113 115 116 118 119 120 121
6 104 105 108 114 118 120
8 103 105 108 109 118 119 120 121
13 102 103 104 106 108 109 110 112 113 114 116 117 121
10 103 107 108 112 113 115 116 117 119 120
7 102 104 105 106 113 116 120
12 102 104 106 110 111 114 115 117 118 119 120 121
12 102 106 107 108 109 110 111 113 114 116 117 118
6 103 109 114 115 116 121
11 103 104 105 106 107 108 109 113 115 116 119
13 102 104 105 106 107 109 111 113 114 115 116 119 121
9 102 103 104 109 113 114 116 120 121
10 106 107 108 109 110 112 114 115 117 118
10 102 103 104 109 111 112 114 116 118 119
13 102 103 105 106 107 108 109 110 113 116 117 118 120
13 103 106 107 108 110 112 113 114 117 118 119 120 121
10 102 105 110 111 113 114 116 118 119 120
9 102 103 104 106 108 109 113 115 118
10 102 103 104 106 108 109 110 111 113 120
6 104 108 112 116 118 121
9 103 105 106 110 111 112 113 114 119
6 105 109 111 114 117 120
6 104 105 110 111 114 119
6 103 104 106 109 110 118
12 102 104 106 107 108 109 112 113 114 115 116 120
10 102 104 107 108 111 114 115 118 120 121
9 102 105 106 107 110 112 113 118 121
9 102 105 108 109 112 113 118 119 121
10 103 104 110 111 112 115 116 118 119 121
9 102 103 108 109 113 114 116 117 121
11 102 103 106 108 110 111 114 115 116 120 121
7 102 103 111 114 116 119 120
8 109 112 113 114 115 116 120 121
9 104 105 106 108 110 113 114 116 119
9 102 103 104 107 112 114 117 118 120
8 103 104 106 111 113 117 119 121
11 103 104 107 108 109 111 114 115 117 120 121
12 104 106 107 108 110 114 115 116 117 118 120 121
6 104 107 112 115 116 117
8 102 107 111 115 116 117 119 120
8 103 104 107 110 115 117 118 119
13 102 104 105 106 110 111 112 113 116 118 119 120 121
12 102 105 106 107 109 111 113 114 116 117 119 120
11 103 105 106 107 108 111 113 114 115 116 118
10 104 107 108 109 110 117 118 119 120 121
8 102 103 107 108 112 113 117 121
10 102 103 105 108 110 111 114 115 119 121
10 102 103 104 105 106 108 111 114 115 116
6 103 106 109 110 112 117
6 102 108 109 110 114 119
8 103 105 106 107 108 117 119 121
9 102 106 107 110 112 114 115 116 120
7 106 108 110 111 114 119 120
13 103 104 107 108 109 110 111 114 116 117 118 119 121
11 102 103 104 105 106 109 111 115 118 120 121
12 102 103 104 106 108 110 112 116 117 118 120 121
13 103 104 107 108 109 111 112 113 114 115 116 117 120
9 102 104 107 112 115 117 119 120 121
11 102 105 106 108 109 110 113 118 119 120 121
12 103 104 107 112 113 114 115 116 117 119 120 121
7 102 103 104 105 112 115 117
9 102 103 104 108 110 114 116 119 121
9 104 108 112 113 114 116 118 120 121
12 102 103 104 106 110 111 112 113 116 118 120 121
8 103 107 111 115 117 118 120 121
7 103 105 109 111 113 116 121
6 103 106 108 110 119 121
13 102 103 107 108 110 111 112 113 115 116 117 119 120
8 104 106 108 109 113 118 119 121
10 102 104 106 107 108 109 115 116 117 121
6 104 109 110 112 114 118
6 108 111 113 116 117 121
9 102 104 107 109 110 111 112 114 118
6 102 103 106 107 120 121
12 102 104 105 107 108 109 110 111 117 118 120 121
13 103 104 105 106 108 109 111 112 115 118 119 120 121
13 102 103 104 106 109 110 111 113 114 115 117 119 120
12 102 106 107 108 109 111 112 113 114 116 117 119
10 102 104 108 109 112 115 117 118 119 120
13 105 106 107 108 110 113 114 115 116 117 118 119 120
8 102 103 106 114 115 116 117 121
8 104 106 107 108 109 112 115 120
13 102 103 104 106 107 110 111 112 113 114 118 119 121
6 107 108 111 116 120 121
12 103 104 106 107 109 111 112 114 116 117 118 121
9 102 103 104 105 108 110 115 118 119
8 103 107 108 109 111 114 115 120
9 103 107 110 111 112 114 115 116 119
9 103 105 109 110 114 115 116 118 120
12 102 107 108 109 110 112 113 114 117 118 119 121
11 102 103 108 111 112 114 116 118 119 120 121
9 103 104 106 109 110 111 116 117 120
11 102 103 109 110 111 112 115 118 119 120 121
7 103 104 107 109 110 115 121
9 102 105 108 109 110 112 117 118 120
11 103 104 106 110 111 113 114 115 116 117 121
13 102 103 105 109 111 112 113 115 116 117 119 120 121
9 102 103 104 109 113 116 119 120 121
13 104 107 108 109 110 113 114 115 116 117 119 120 121
13 106 107 108 109 110 113 115 116 117 118 119 120 121
10 102 103 104 105 107 109 113 115 116 119
10 102 103 105 107 109 110 116 117 118 120
8 103 105 106 107 112 113 115 121
8 102 103 105 106 107 117 118 120
10 102 104 109 110 111 112 116 117 118 119
10 102 103 107 109 111 112 114 117 120 121
12 103 105 106 108 110 111 114 115 117 118 119 121
9 103 105 106 109 111 112 117 118 120
10 103 106 107 109 111 115 116 117 118 119
11 102 103 104 106 113 114 115 117 119 120 121
10 103 104 107 111 112 114 116 118 119 120
12 102 103 106 107 108 109 110 114 117 119 120 121
7 105 110 112 116 118 119 120
12 104 105 108 109 110 111 112 113 114 115 116 118
8 106 109 113 116 117 118 119 121
6 105 108 110 112 115 116
6 105 107 110 117 118 119
11 102 103 106 107 110 112 115 117 118 119 121
8 104 105 106 107 108 111 114 119
6 103 106 112 113 116 117
9 102 103 105 108 109 110 111 117 119
11 102 103 105 109 110 113 115 116 117 120 121
8 102 105 106 107 112 114 117 120
10 102 104 106 109 112 114 115 119 120 121
12 103 104 105 106 108 110 113 116 118 119 120 121
8 102 103 106 109 112 113 119 121
9 102 108 110 111 114 115 118 120 121
6 106 112 115 116 118 119
8 104 106 108 110 113 114 117 120
10 102 106 107 110 111 112 113 115 117 118
9 104 105 109 111 112 113 114 115 116
9 103 104 105 107 109 111 112 114 119
11 102 103 104 107 110 111 113 114 116 119 120
11 102 104 105 107 108 109 110 112 113 115 118
13 102 104 105 106 108 109 111 112 115 117 118 120 121
12 104 105 109 110 111 112 113 114 115 118 119 121
10 102 105 107 108 109 111 114 115 120 121
6 103 111 117 119 120 121
7 102 105 108 111 112 119 121
13 102 103 104 105 107 109 110 111 113 115 117 118 120
10 102 103 104 105 106 108 114 115 117 120
8 102 103 107 112 115 116 120 121
7 102 103 106 107 108 109 115
9 104 105 107 108 109 110 112 118 121
9 102 105 109 111 113 114 115 116 120
9 106 108 109 112 113 114 115 118 121
7 105 108 111 112 114 120 121
7 102 106 107 108 111 112 116
10 102 104 106 108 112 113 114 117 118 121
8 104 106 111 112 113 115 118 120
7 102 103 111 114 115 120 121
11 102 103 104 108 114 116 117 118 119 120 121
7 106 107 108 114 117 118 120
11 104 107 108 109 112 114 115 116 117 119 120
10 102 104 105 106 108 109 113 116 117 119
11 104 107 109 111 112 116 117 118 119 120 121
7 102 103 108 109 110 111 112
6 102 104 109 113 116 119
9 103 104 105 106 107 110 112 118 120
7 102 105 111 114 116 119 121
9 102 104 107 109 110 114 115 117 121
6 102 103 104 115 117 121
9 102 103 104 105 107 111 112 113 118
12 103 104 105 106 110 111 112 113 114 115 116 118
7 103 104 109 110 115 117 121
7 102 113 114 115 117 120 121
10 102 103 109 112 113 117 118 119 120 121
10 102 103 104 105 109 111 114 115 119 121
6 106 112 114 116 117 118
10 102 105 106 108 111 113 115 118 119 121
10 102 104 105 108 110 111 112 114 117 118
10 104 106 107 108 109 110 111 112 114 116
9 106 107 108 109 111 112 113 119 120
10 103 104 106 107 108 112 113 114 115 120
11 102 106 108 112 114 115 116 118 119 120 121
12 102 103 105 107 108 110 111 112 114 115 116 119
7 103 104 108 113 114 115 118
12 102 103 104 107 110 111 112 113 114 116 117 119
9 102 110 111 112 113 115 118 120 121
6 106 111 112 116 118 120
6 102 104 110 116 118 120
12 105 106 108 111 112 113 115 116 118 119 120 121
12 103 105 106 107 108 111 112 113 114 116 118 121
13 103 104 105 107 109 111 112 114 115 116 118 120 121
12 102 106 107 108 111 112 113 114 118 119 120 121
6 108 111 113 114 115 121
7 102 105 107 111 114 116 118
11 103 105 108 110 111 113 114 116 118 119 120
7 102 103 106 110 114 119 120
9 105 108 109 111 113 114 115 116 118
10 103 106 107 109 113 116 117 119 120 121
10 103 107 108 109 113 114 115 116 118 121
12 102 103 104 105 106 110 111 113 115 116 117 118
9 105 107 108 109 112 113 114 119 120
13 102 103 104 106 107 108 109 112 115 116 117 118 119
11 104 105 106 107 108 110 112 114 116 117 121
13 102 106 107 108 111 112 114 116 117 118 119 120 121
6 105 106 113 114 116 118
7 104 105 106 107 110 114 120
7 104 106 107 110 112 115 116
7 106 108 110 113 114 116 118
12 102 103 104 107 109 111 113 116 117 118 119 121
9 102 104 107 110 111 112 115 116 120
9 103 105 108 109 111 112 114 119 121
24 128 129 130 131 133 134 137 139 140 153 155 157 158 159 160 166 170 171 177 178 181 182 183 184
18 123 126 127 129 144 146 149 151 153 154 156 158 161 164 166 171 180 184
14 122 124 130 134 136 141 144 146 154 160 167 172 173 181
26 123 125 127 131 132 134 135 141 146 147 148 156 157 158 159 163 164 165 166 167 169 171 173 174 176 184
22 122 124 125 128 131 132 135 142 149 150 157 158 161 165 166 169 171 172 174 177 182 183
17 122 125 129 139 145 148 151 153 154 157 163 165 170 176 180 183 184
21 127 132 134 135 137 140 143 146 148 155 161 162 164 169 170 171 172 173 178 182 183
11 128 132 137 146 150 158 166 170 176 178 183
34 124 125 126 127 130 131 134 137 138 139 140 141 142 143 145 148 151 152 155 156 157 159 161 163 164 168 171 172 175 176 177 179 182 184
30 124 126 127 129 130 132 134 140 141 142 143 147 148 150 151 152 153 155 156 161 164 167 168 169 171 174 176 181 182 183
16 125 131 133 135 137 142 145 148 155 161 164 166 171 180 181 183
19 122 123 125 128 130 131 138 141 150 151 152 154 158 160 163 166 175 180 181
12 123 125 131 133 142 143 149 161 175 177 178 179
19 124 125 126 130 134 135 146 147 149 152 154 158 162 164 168 171 180 181 183
10 135 140 142 147 149 153 171 172 179 184
29 122 123 128 129 132 133 135 136 144 146 147 149 150 153 154 158 160 162 165 166 167 169 170 173 174 178 180 181 183
18 122 123 124 130 132 133 138 140 141 150 151 162 163 167 169 176 179 182
13 126 132 135 139 143 144 147 154 165 169 176 177 178
27 122 123 127 128 129 130 134 135 136 138 139 140 147 148 149 150 153 157 162 163 164 172 174 177 179 181 182
25 125 127 128 137 143 144 145 147 149 153 155 156 161 164 165 166 168 171 173 174 175 177 178 180 184
22 123 126 135 137 139 142 143 148 149 152 154 155 156 160 163 169 171 173 175 177 179 181
15 123 127 131 133 134 138 151 152 160 167 168 173 174 177 180
24 123 124 126 127 129 135 139 141 146 154 157 159 160 161 164 166 167 172 173 174 176 178 181 183
24 125 127 128 131 134 136 138 141 146 148 155 157 159 160 161 164 166 171 172 174 179 181 182 183
19 122 124 126 129 130 131 138 140 142 150 152 156 164 165 167 173 181 182 183
36 124 125 126 131 132 133 137 141 142 143 144 145 146 151 152 154 155 156 158 159 160 161 165 166 167 168 169 170 171 173 175 176 178 180 183 184
25 122 126 129 130 132 137 139 141 144 146 148 154 155 157 159 162 163 164 165 170 176 178 181 182 183
12 124 127 140 153 161 163 164 165 173 174 177 180
34 122 124 125 129 130 131 133 135 136 139 140 142 143 146 147 150 153 156 157 158 160 162 163 165 168 170 172 173 176 177 179 180 182 184
5 122 143 167 169 177
30 123 126 127 128 133 135 136 137 140 143 144 146 147 149 156 158 159 160 161 162 166 167 171 172 173 174 175 178 181 182
13 122 138 141 143 147 151 158 167 169 180 181 183 184
15 128 129 134 142 144 155 157 162 164 171 172 173 175 179 182
14 125 128 133 134 136 139 143 147 165 167 169 179 181 182
12 126 129 131 134 135 139 142 154 157 159 160 183
37 122 124 126 128 129 130 133 136 137 138 139 140 142 143 144 145 149 150 151 152 153 154 155 160 161 162 168 170 172 175 177 178 179 180 181 182 183
15 123 126 128 132 134 138 145 148 149 151 155 159 164 171 175
25 122 124 129 131 132 134 136 145 147 150 151 153 157 158 159 162 165 167 170 172 174 176 180 182 184
11 123 129 132 148 151 155 157 167 172 178 179
8 136 146 148 152 158 170 172 181
20 127 128 135 137 139 145 150 155 156 157 162 164 165 168 169 171 176 180 182 183
21 122 124 129 130 133 137 142 145 149 150 151 156 158 162 167 168 170 173 175 180 184
16 124 130 131 132 134 138 141 142 150 152 155 164 168 169 177 179
31 122 124 125 126 127 130 131 132 137 142 143 144 146 147 151 153 155 157 158 159 163 167 168 170 173 175 176 178 179 180 184
13 124 125 128 136 143 145 150 156 158 161 166 169 175
26 123 127 132 134 137 139 141 143 145 147 151 153 155 158 159 161 163 166 168 169 172 174 177 178 180 184
19 122 128 131 132 133 134 136 145 147 148 151 155 156 163 165 170 175 177 182
54 123 124 126 127 128 130 131 132 133 134 135 136 137 138 139 140 142 143 144 145 146 147 148 149 150 151 152 153 154 155 156 157 158 160 161 162 163 164 166 168 170 171 172 173 174 175 176 177 178 179 180 181 182 183
9 122 125 129 141 159 165 167 169 184
20 125 130 137 138 140 142 143 144 149 150 152 153 158 162 168 169 171 179 180 184
22 122 125 126 127 132 135 138 142 143 144 149 150 152 163 165 168 172 173 174 176 179 180
35 123 124 125 126 127 130 131 132 133 135 136 137 139 140 145 146 148 149 150 152 153 154 156 159 160 161 163 165 166 168 170 174 176 177 178
20 124 125 129 133 134 135 140 143 144 147 148 151 152 160 165 166 172 175 176 177
32 123 128 129 133 134 135 136 138 139 140 141 145 148 149 150 152 154 156 160 161 162 164 165 166 169 171 172 174 177 181 182 183
13 125 135 141 145 147 159 161 165 170 175 180 182 184
23 124 126 129 133 136 139 142 144 145 147 149 153 156 157 159 165 167 168 174 176 177 179 184
17 124 126 129 131 134 144 149 152 157 160 162 166 174 176 178 181 183
27 123 126 129 130 133 136 137 139 143 145 148 151 152 153 155 156 162 163 164 173 175 176 178 179 180 181 184
18 122 126 132 137 138 141 146 155 157 158 162 163 168 174 178 179 181 184
12 122 141 150 152 155 157 160 162 168 170 173 183
17 126 129 132 138 140 147 148 151 152 153 158 159 163 166 170 174 184
5 123 140 152 153 163
25 123 125 129 130 131 134 135 136 139 141 143 145 147 151 152 157 159 162 167 168 169 171 175 182 184
18 125 128 133 135 136 144 146 148 149 154 157 160 162 170 171 175 176 179
17 123 124 136 141 145 146 147 148 151 154 156 161 162 164 167 169 175
22 122 131 133 136 137 139 141 142 143 144 145 153 156 161 165 166 170 173 174 176 177 184
14 127 134 138 140 141 144 146 147 154 159 160 167 168 170
16 125 127 128 130 133 138 140 141 144 146 161 164 166 168 178 183
28 123 127 128 130 132 133 136 137 138 139 140 142 146 148 150 151 153 154 155 156 158 163 164 168 171 172 173 179
47 122 123 124 126 127 128 129 130 132 134 136 138 139 140 141 143 144 146 147 149 150 151 152 153 154 156 157 158 159 160 162 163 165 167 168 169 170 172 173 174 175 176 177 178 179 182 184
25 123 127 128 130 131 136 139 142 145 149 150 153 154 156 159 161 164 167 169 170 171 173 180 182 183
11 127 128 138 140 150 159 160 163 169 175 182
33 122 123 125 128 131 133 135 136 137 138 139 144 145 146 149 154 157 158 159 160 162 163 165 166 170 172 173 175 177 178 179 180 184
15 122 126 133 138 142 144 148 149 154 155 156 160 172 179 181
19 124 130 131 132 135 137 138 140 142 145 148 159 163 172 174 175 176 177 178
14 127 137 141 144 152 154 161 166 167 169 174 178 181 183
5 129 141 159 165 167
13 122 125 139 148 151 153 154 157 165 170 176 183 184
15 122 126 132 138 141 146 157 158 162 163 174 178 179 181 184
5 128 132 166 170 183
14 130 132 135 138 140 142 145 148 163 172 174 175 177 178
7 124 140 153 173 174 177 180
15 123 126 135 137 149 152 155 156 163 169 171 173 175 177 179
10 125 131 133 143 149 161 175 177 178 179
13 128 145 150 155 156 157 162 164 168 169 171 180 182
6 149 153 171 172 179 184
17 123 131 134 135 141 146 147 157 158 159 163 166 167 169 171 176 184
16 124 127 132 141 142 147 148 150 151 156 164 167 168 174 182 183
24 122 124 126 130 137 138 139 140 143 144 145 149 150 151 152 153 155 161 172 175 177 179 181 182
10 125 129 133 134 135 140 147 151 152 160
17 127 135 139 145 150 155 156 157 162 165 168 169 171 176 180 182 183
7 123 125 142 143 149 175 179
9 122 128 131 133 134 148 155 163 177
12 129 132 140 147 148 151 153 159 163 166 174 184
12 123 125 130 131 138 150 151 152 154 160 166 181
23 124 125 131 132 133 137 141 143 144 145 151 155 156 158 159 161 166 167 169 171 173 175 183
20 124 126 127 129 130 134 141 143 147 148 150 151 153 155 156 164 168 171 174 181
15 129 130 131 133 137 139 153 157 159 160 166 171 178 181 182
17 125 128 133 135 136 139 159 160 162 163 165 170 172 173 175 179 180
8 138 141 147 151 167 180 181 184
25 124 126 130 132 134 140 141 142 143 148 150 152 153 155 156 161 164 167 168 169 171 174 181 182 183
12 122 123 124 130 132 141 150 151 162 163 169 176
19 122 124 133 136 138 142 143 145 149 150 154 161 162 168 170 172 175 178 182
14 125 126 127 132 142 143 144 149 150 168 173 174 179 180
19 123 127 128 130 131 136 139 142 145 149 150 154 156 167 169 170 173 180 182
8 135 140 147 153 171 172 179 184
14 125 131 134 135 156 157 158 163 164 165 166 171 174 176
6 123 132 148 157 172 178
8 131 133 135 142 155 171 181 183
9 123 129 144 154 158 164 166 180 184
13 125 127 128 130 138 141 144 146 161 164 168 178 183
9 125 135 147 159 161 165 175 182 184
12 124 131 132 135 140 142 145 148 159 172 175 177
7 132 146 150 158 176 178 183
23 126 127 128 133 135 136 137 140 144 146 147 149 156 158 161 162 167 171 172 173 175 178 182
10 128 133 136 148 149 157 160 162 170 179
3 140 152 153
17 128 133 136 138 139 144 149 158 159 160 162 163 166 172 173 179 180
15 126 129 132 138 140 147 148 151 152 153 159 163 166 174 184
11 125 131 133 135 137 142 145 148 161 166 183
19 122 123 128 129 133 135 136 150 154 158 162 165 166 169 170 173 174 180 183
7 155 160 162 168 170 173 183
8 150 155 157 160 168 170 173 183
10 127 128 137 139 162 164 165 171 180 182
13 124 125 126 130 134 135 147 149 152 154 158 162 183
2 167 177
10 123 136 145 146 148 151 162 167 169 175
11 128 134 142 144 155 157 164 171 173 175 179
7 122 125 129 159 165 169 184
11 125 135 141 147 159 161 165 170 175 182 184
16 124 126 130 134 135 147 149 152 154 158 162 164 168 171 180 183
6 123 125 161 175 177 179
7 141 143 147 167 169 180 181
16 125 126 130 142 143 146 151 153 155 159 167 168 173 175 179 180
19 123 125 127 131 135 141 146 156 157 163 164 166 167 169 171 173 174 176 184
11 122 141 143 147 151 158 169 180 181 183 184
9 124 131 132 141 150 152 169 177 179
7 122 136 144 146 160 172 181
16 123 126 127 144 146 149 153 154 156 158 161 164 166 171 180 184
9 128 129 134 142 144 157 173 175 182
24 128 129 133 134 136 138 139 141 148 150 152 154 156 160 162 164 166 171 172 174 177 181 182 183
13 124 131 132 134 138 141 142 150 152 155 164 169 177
19 123 128 130 131 136 139 142 145 149 153 156 159 161 164 167 170 171 182 183
17 122 131 133 136 137 139 142 143 145 153 156 161 173 174 176 177 184
10 130 132 134 138 142 152 164 168 169 177
17 123 128 130 131 142 149 150 153 156 159 161 167 170 173 180 182 183
21 122 124 129 131 132 136 145 147 150 151 153 157 158 159 165 167 170 172 176 180 182
7 127 134 138 141 147 168 170
37 122 124 127 128 129 130 132 134 136 139 140 143 146 147 149 150 152 154 156 157 158 159 160 162 165 167 168 172 173 174 175 176 177 178 179 182 184
16 122 126 129 130 132 137 141 146 154 155 164 165 170 176 178 181
7 122 130 136 146 160 173 181
7 125 128 143 156 158 161 166
8 141 144 152 154 161 166 167 174
8 127 141 144 152 154 178 181 183
9 125 135 142 155 161 164 166 171 181
19 122 127 128 129 130 136 138 139 147 149 150 153 157 162 164 174 177 181 182
18 123 126 127 128 133 140 143 146 147 156 158 159 161 162 171 172 173 182
21 128 129 130 131 133 134 137 139 140 153 157 159 160 166 170 171 177 178 181 183 184
27 124 125 126 130 131 134 137 140 141 145 151 152 155 156 157 159 161 163 164 168 171 172 176 177 179 182 184
5 128 137 146 170 176
23 122 125 129 130 131 133 136 139 140 143 146 147 150 153 156 157 158 162 165 173 176 177 179
12 123 128 132 134 138 145 148 151 155 159 164 171
8 141 152 157 160 162 170 173 183
18 122 123 129 135 144 149 150 153 154 158 160 167 169 170 173 174 178 183
16 125 126 127 132 135 138 143 144 149 150 152 163 165 172 176 179
11 130 134 138 141 142 150 152 155 169 177 179
16 137 143 144 147 149 155 156 161 164 165 173 174 175 177 178 184
13 122 129 145 148 153 154 157 163 165 170 176 183 184
10 131 133 135 137 142 148 161 164 166 180
5 138 150 169 175 182
3 123 140 163
28 122 124 125 129 130 131 133 135 136 139 142 146 147 153 156 157 158 160 162 168 170 172 173 176 177 179 180 184
16 123 128 132 133 136 138 139 140 142 150 151 153 154 156 168 172
6 123 132 151 157 167 178
13 128 135 137 145 155 156 162 165 168 169 171 176 182
9 124 125 128 145 150 161 166 169 175
30 123 124 131 132 133 134 139 140 142 143 144 146 148 149 150 152 153 154 156 157 162 168 170 171 172 174 177 178 180 183
31 124 125 126 127 130 131 132 133 135 136 137 139 140 145 146 148 149 150 153 154 160 161 163 165 166 168 170 174 176 177 178
13 126 129 131 144 149 152 157 160 166 174 176 181 183
13 126 128 132 134 138 148 149 151 155 159 164 171 175
9 124 134 136 141 144 146 154 167 173
12 124 126 129 131 144 149 152 157 162 166 176 178
21 123 129 132 133 135 144 147 149 150 153 154 158 165 166 167 170 173 174 178 181 183
10 125 135 141 145 159 165 175 180 182 184
10 130 131 137 142 145 148 163 172 174 176
16 126 135 137 142 148 149 152 154 155 156 163 169 171 175 177 179
11 123 126 144 146 154 156 164 166 171 180 184
6 126 131 139 154 159 160
11 123 124 130 138 140 151 163 167 169 176 182
13 137 143 148 149 155 156 160 171 173 175 177 179 181
11 126 132 135 139 143 144 147 154 165 169 178
21 123 128 131 137 139 144 145 146 154 158 159 160 162 165 166 170 173 175 178 180 184
19 122 124 129 131 132 134 136 147 150 151 153 157 159 165 170 174 180 182 184
12 124 130 131 137 140 142 145 163 175 176 177 178
29 124 125 126 127 130 131 134 138 139 140 141 143 145 148 151 152 155 156 157 159 161 163 164 168 171 175 176 177 179
15 131 132 134 135 146 148 156 158 159 164 165 166 173 174 176
17 122 124 126 129 130 131 138 140 142 150 152 156 164 165 167 173 182
15 127 130 134 135 138 139 140 148 150 157 162 164 172 179 181
5 141 159 165 169 184
10 123 126 146 151 156 158 161 164 180 184
11 126 129 138 147 148 153 163 166 170 174 184
20 124 125 126 130 137 139 140 141 142 143 151 156 159 163 171 172 176 177 179 184
21 123 127 132 134 141 143 145 147 151 155 158 161 163 166 168 172 174 177 178 180 184
6 135 140 142 149 171 179
12 125 130 138 142 143 144 150 152 158 168 171 179
25 122 125 129 130 133 135 139 142 146 147 150 153 156 157 160 162 163 165 170 172 176 177 180 182 184
9 133 136 149 157 160 170 171 175 179
19 128 129 135 139 140 141 145 148 149 150 152 162 164 169 172 174 177 181 183
17 122 126 132 139 141 144 148 154 155 157 159 162 163 176 178 181 183
18 122 126 129 132 137 141 144 146 148 154 155 157 159 162 165 170 176 181
10 125 128 133 135 136 148 154 175 176 179
4 146 148 152 170
8 138 140 150 159 160 169 175 182
10 122 130 133 145 149 158 162 168 170 180
20 124 127 129 132 140 142 143 150 151 155 156 161 167 168 169 171 176 181 182 183
16 122 124 129 131 132 134 145 150 151 153 157 158 165 170 176 184
19 122 125 132 135 142 149 150 157 158 161 165 166 169 171 172 174 177 182 183
35 122 123 124 127 129 130 132 134 136 139 141 143 147 149 150 151 152 153 154 156 157 158 160 162 163 165 167 168 169 172 173 174 175 178 179
14 124 125 135 140 143 147 148 151 160 165 166 172 175 176
6 126 132 135 139 143 154
11 124 141 145 146 147 148 161 162 164 169 175
12 122 125 131 138 141 150 151 160 163 166 175 181
7 127 141 152 161 166 174 178
13 123 129 130 131 139 145 147 151 157 169 171 175 182
14 125 130 137 138 142 143 144 149 152 169 171 179 180 184
12 122 124 130 132 133 140 150 151 162 169 176 182
9 125 128 145 156 158 161 166 169 175
15 122 129 131 132 136 145 153 157 159 162 165 174 176 180 184
7 134 138 144 146 159 168 170
9 125 133 143 147 165 169 179 181 182
13 133 136 142 147 153 156 157 159 165 174 176 179 184
13 126 129 144 146 149 151 153 154 161 164 166 180 184
8 138 141 143 169 180 181 183 184
9 132 135 144 147 165 169 176 177 178
8 123 125 131 133 161 175 177 179
48 123 124 126 127 130 131 132 133 134 135 136 137 138 139 140 142 143 144 145 146 147 148 149 150 151 153 154 155 156 157 160 162 164 166 170 171 172 173 174 175 176 177 178 179 180 181 182 183
2 123 153
8 123 129 132 148 155 167 172 178
24 128 129 133 134 135 136 139 140 141 145 149 150 154 156 160 161 166 169 171 172 174 177 182 183
8 122 130 134 136 146 160 167 173
12 122 125 129 139 145 148 157 163 165 170 180 184
12 126 128 132 134 138 145 149 151 155 159 164 171
2 167 169
27 127 128 132 133 134 137 138 139 140 145 149 150 151 154 155 157 162 164 170 172 173 174 176 177 179 182 183
32 123 124 125 127 132 133 134 138 140 141 147 149 152 153 154 155 157 158 159 161 163 164 168 169 170 172 173 179 180 181 182 183
30 122 127 129 130 134 138 140 142 144 145 148 151 152 153 157 158 159 160 162 164 167 168 171 172 174 177 180 181 182 183
35 122 128 129 133 135 136 138 140 141 143 144 145 146 149 150 151 154 157 159 162 163 165 166 167 168 169 173 176 177 178 179 180 181 182 184
21 123 124 126 132 133 136 138 139 145 146 147 149 150 153 162 163 167 170 172 173 180
20 123 124 125 126 129 136 137 140 145 153 157 161 163 164 167 168 171 177 181 183
27 122 124 125 129 135 136 137 138 140 141 148 151 152 153 154 157 159 161 162 163 168 171 176 177 178 181 184
28 122 123 124 128 131 135 138 140 143 145 146 147 148 149 151 152 153 154 156 162 166 169 170 171 172 175 176 183
30 123 124 129 132 133 134 136 137 138 141 142 144 145 146 148 150 151 156 157 158 161 163 164 168 169 172 174 175 179 181
21 123 132 136 143 144 146 151 157 158 161 163 165 170 173 174 176 178 180 182 183 184
35 122 123 127 128 129 132 134 137 141 143 145 147 151 153 156 160 161 162 163 164 165 166 168 170 172 173 174 175 176 177 178 180 181 183 184
41 124 125 126 128 129 130 131 132 133 134 135 136 140 141 142 143 144 145 147 149 150 151 152 153 155 156 158 162 163 164 167 168 169 170 173 174 175 179 180 181 182
33 126 128 129 131 134 135 136 137 138 140 141 142 143 145 146 147 148 150 154 157 158 163 164 166 168 169 173 174 177 178 180 182 183
24 123 124 131 132 133 134 136 137 142 144 150 151 155 156 158 160 161 166 172 177 178 182 183 184
27 123 124 129 130 132 135 136 138 139 141 144 146 149 157 158 164 165 167 169 171 173 174 179 180 181 182 184
27 123 124 125 128 129 133 135 137 140 141 144 146 148 154 158 159 160 167 168 172 174 176 178 179 181 182 183
34 122 123 126 128 129 131 132 134 138 140 142 143 146 148 151 152 153 158 159 160 161 162 166 168 169 171 173 174 175 176 179 180 181 182
32 122 123 130 131 134 140 141 143 145 147 148 152 154 155 156 158 159 161 163 166 168 170 171 172 174 177 178 179 180 181 182 184
20 124 126 130 134 135 138 139 140 144 146 147 148 162 164 167 168 170 172 176 178
39 122 123 124 125 127 128 130 135 136 137 138 139 141 143 144 147 148 153 154 155 158 159 162 163 165 166 168 169 170 172 173 174 175 176 177 178 179 182 184
32 123 125 127 128 129 130 131 134 135 136 137 141 145 151 152 156 157 158 159 160 161 162 163 164 173 174 175 177 179 181 182 184
40 123 126 127 128 129 130 131 132 133 134 135 137 140 141 142 143 144 145 146 147 148 149 151 152 153 155 156 160 162 163 164 165 166 167 170 171 172 173 178 179
29 122 123 124 126 127 128 129 131 132 134 135 137 138 143 146 149 150 155 157 162 163 169 172 176 177 178 182 183 184
31 122 123 124 127 129 133 134 135 137 142 145 146 149 150 152 157 159 160 163 165 166 167 168 169 170 172 173 178 182 183 184
28 123 124 127 132 137 138 139 142 143 144 145 148 150 152 153 154 156 157 158 159 162 163 164 172 173 176 180 184
22 122 123 125 127 129 131 132 134 138 142 143 153 159 162 163 166 167 168 169 174 179 183
33 122 123 124 126 128 131 133 135 136 137 138 139 140 143 145 146 147 148 149 150 151 152 153 154 155 157 161 163 164 170 176 178 184
21 124 126 135 138 141 142 144 145 147 149 151 152 153 154 155 157 173 177 179 181 184
34 122 127 128 129 130 133 135 136 139 142 143 144 145 146 147 148 150 151 154 155 157 159 162 164 165 170 171 172 173 174 179 180 183 184
21 127 129 134 136 142 144 149 151 152 154 156 157 158 159 169 170 172 174 177 183 184
34 123 125 129 132 133 134 136 139 140 142 143 144 146 147 149 150 151 152 153 155 156 157 159 161 163 164 166 169 170 172 175 176 179 181
22 122 123 124 126 129 130 132 134 136 139 140 145 149 152 160 162 172 174 177 179 180 181
42 122 123 124 125 126 128 129 132 134 135 136 137 138 142 143 144 146 147 148 149 150 151 152 153 154 155 156 157 159 160 161 162 163 164 165 167 168 172 173 175 181 182
41 123 124 125 127 128 129 130 131 132 134 135 137 138 139 141 142 143 145 148 149 151 153 155 157 158 160 161 163 164 166 167 168 171 174 175 176 180 181 182 183 184
37 125 127 128 129 130 132 133 134 135 136 137 140 141 142 143 144 145 146 150 152 153 154 156 159 161 165 166 167 168 169 174 177 178 179 180 181 183
30 123 125 128 132 133 138 140 142 143 145 147 148 154 155 159 160 162 164 166 167 169 172 174 177 179 180 181 182 183 184
34 127 129 131 132 133 135 136 137 139 140 142 144 145 146 147 148 150 153 156 158 162 163 166 168 169 173 174 175 177 179 180 181 182 183
35 122 125 127 128 132 133 134 135 137 139 142 144 145 146 147 148 151 153 154 156 157 158 159 161 162 164 166 170 173 175 176 178 180 183 184
34 122 124 126 128 129 130 131 135 138 140 141 142 147 149 150 151 153 154 155 157 160 161 162 163 167 170 171 173 175 177 178 179 182 183
19 122 124 125 127 135 140 143 144 147 152 156 165 166 167 168 171 173 175 180
38 122 123 127 128 129 131 133 134 137 138 139 141 142 144 145 149 150 152 153 155 156 157 158 159 162 163 164 165 166 169 171 173 176 177 178 179 180 183
28 122 125 126 128 130 131 136 137 138 140 142 144 146 147 148 150 151 156 157 163 166 168 169 170 172 173 177 179
22 126 127 128 129 130 131 132 138 143 146 149 150 153 157 164 167 168 170 174 175 179 184
19 124 127 129 130 136 137 139 140 143 145 151 156 157 166 168 173 175 176 180
29 127 129 130 134 136 138 139 140 141 143 144 146 148 149 151 152 153 154 157 158 159 161 163 169 173 174 179 180 184
27 125 127 129 131 134 135 137 138 140 142 144 145 146 147 148 150 153 157 160 162 164 165 170 175 177 180 182
39 123 124 126 127 128 129 130 131 134 136 138 139 141 142 145 150 151 154 155 156 157 158 162 164 166 167 169 171 172 173 174 175 176 177 178 179 180 183 184
35 122 123 124 125 126 127 129 132 133 135 137 139 140 141 143 144 145 146 147 148 149 150 152 153 155 156 157 160 162 163 165 166 167 176 181
26 122 123 124 129 131 132 134 137 139 142 143 144 145 148 151 153 155 160 169 171 175 176 180 181 182 184
25 122 123 124 125 127 128 129 133 134 138 144 148 151 152 153 158 163 165 166 169 174 175 178 179 180
31 125 128 129 131 136 138 140 143 145 146 147 148 149 150 151 154 157 161 163 164 165 167 168 169 172 173 177 179 180 181 182
24 123 124 125 127 129 130 132 138 142 143 147 153 154 156 157 160 164 166 168 169 173 174 178 182
33 122 125 126 128 130 131 137 138 139 140 143 144 148 153 154 155 157 158 159 160 161 162 163 165 166 167 169 170 172 175 179 182 183
22 123 124 129 132 140 141 143 153 154 157 159 161 162 164 165 174 175 176 181 182 183 184
26 122 123 124 130 132 134 140 141 145 146 149 150 152 153 157 158 161 162 164 169 173 174 175 176 183 184
37 124 125 126 128 131 133 134 136 138 143 144 145 146 147 148 149 151 152 154 155 156 157 162 163 165 166 167 168 169 170 172 175 176 179 180 181 183
38 122 123 127 128 129 131 132 133 135 136 137 139 142 143 144 145 146 148 150 151 152 153 156 158 159 161 162 165 166 167 168 175 177 179 181 182 183 184
24 126 127 128 131 133 135 136 142 146 151 152 153 155 159 160 163 164 165 168 170 172 173 176 184
40 122 123 124 126 128 131 133 134 135 139 142 143 145 148 149 150 153 154 157 158 159 160 161 162 163 164 165 166 167 168 169 170 173 174 176 177 178 179 180 184
28 124 125 127 130 131 135 138 139 145 147 149 151 154 155 157 161 163 166 169 172 174 175 176 177 178 179 180 184
28 129 134 135 136 138 139 140 145 148 149 151 152 154 159 160 161 163 164 167 168 169 170 171 172 173 174 178 179
20 122 124 130 133 134 135 145 148 149 155 157 159 165 168 170 175 176 177 180 181
35 122 126 127 130 131 133 135 136 138 141 142 144 146 148 149 151 152 153 154 155 156 158 159 162 163 164 165 167 168 173 174 178 179 182 184
20 122 130 134 135 140 142 143 147 151 152 154 156 158 161 165 166 171 173 176 183
23 123 124 126 127 128 132 135 136 137 141 144 146 147 149 153 154 156 159 161 171 179 181 182
31 123 125 126 129 132 137 138 139 140 142 146 147 148 150 154 156 157 158 160 162 165 166 172 173 174 177 179 180 181 183 184
41 122 124 125 126 128 130 131 132 133 136 137 139 141 142 143 144 147 148 149 150 151 152 154 155 156 158 159 162 169 170 172 173 174 175 176 178 179 180 182 183 184
24 124 126 129 134 135 137 138 145 146 149 154 156 158 159 160 161 162 164 166 168 177 178 180 184
23 122 124 126 127 129 134 139 140 141 142 144 148 152 154 160 162 167 174 178 179 181 182 184
27 122 123 124 131 132 133 135 136 137 138 145 146 147 149 153 155 158 160 161 163 164 165 168 173 176 178 180
41 123 124 126 127 128 130 131 132 133 134 135 136 137 140 142 143 146 148 149 150 151 152 154 155 156 157 159 160 161 164 165 166 167 169 171 174 175 176 177 178 179
39 123 124 127 129 130 131 132 133 134 135 137 138 139 142 143 145 146 147 148 150 151 152 153 154 156 159 160 162 164 165 167 168 171 172 173 176 178 181 183
38 122 126 127 130 131 133 134 135 137 138 140 141 142 143 144 147 148 149 154 156 157 160 161 162 164 166 167 168 170 171 173 174 175 176 177 178 182 184
30 122 127 129 130 134 135 138 139 144 147 149 152 154 155 156 157 159 162 163 164 166 167 168 169 171 172 176 178 179 180
32 122 123 126 130 136 137 140 141 142 143 144 146 147 149 152 153 155 156 157 158 159 160 165 168 169 172 173 175 177 178 180 183
43 123 124 125 127 128 131 132 133 134 135 136 139 140 141 142 143 144 145 146 147 148 150 151 152 154 156 157 158 159 160 161 162 167 169 171 173 174 176 178 180 182 183 184
29 122 123 127 130 131 133 136 137 139 144 146 147 148 150 151 153 156 159 162 167 170 172 175 176 177 178 180 181 183
21 123 124 126 127 129 132 133 144 147 148 149 156 157 168 170 171 174 178 179 183 184
34 122 124 128 130 131 133 136 137 138 141 143 146 147 153 154 155 156 157 158 159 161 162 163 164 165 170 171 172 174 176 178 180 182 183
36 122 123 126 127 131 132 133 134 135 136 137 139 140 144 146 147 148 150 151 153 155 156 157 159 161 163 165 167 168 171 173 174 176 177 182 183
28 123 126 128 130 133 136 137 138 139 140 141 142 144 145 147 148 149 153 159 162 163 164 165 167 169 173 176 183
20 127 131 134 137 139 142 143 145 146 147 148 150 154 155 163 165 167 171 173 183
23 123 127 131 134 135 137 138 141 143 147 150 151 153 154 160 164 165 166 169 172 175 177 182
39 123 124 125 126 127 128 129 131 132 133 134 136 139 142 143 146 147 148 150 152 154 155 157 158 161 163 165 166 168 169 170 172 174 175 177 178 179 181 182
23 124 129 130 131 133 134 135 136 139 146 149 153 155 163 164 166 168 171 172 173 174 176 177
20 128 130 132 133 135 143 150 153 156 158 159 166 167 171 173 175 176 178 180 183
20 123 127 128 130 138 140 141 142 148 154 157 159 162 165 169 170 172 177 180 183
23 123 125 126 127 132 133 135 138 142 143 148 149 151 154 155 156 164 166 170 173 174 177 180
31 126 130 132 134 136 139 142 144 145 146 149 150 153 154 157 158 161 162 163 167 168 170 171 173 176 177 178 181 182 183 184
34 123 125 128 129 132 137 138 140 142 144 145 146 147 148 149 150 153 157 158 161 163 167 168 170 172 173 174 175 176 177 179 180 182 183
29 126 129 130 131 132 133 135 136 140 141 142 143 144 150 152 155 157 158 159 160 161 164 170 171 175 176 179 180 181
42 123 125 126 129 130 131 132 133 134 135 138 140 141 142 143 144 145 146 147 150 151 152 153 155 158 159 161 162 163 166 167 170 171 173 174 175 176 177 178 179 182 183
39 123 124 126 127 128 132 135 136 137 138 139 141 142 144 146 149 150 153 155 158 159 160 163 164 165 166 168 170 172 173 174 175 176 177 178 180 182 183 184
43 122 123 125 126 127 128 131 132 133 134 135 137 139 140 141 142 143 144 145 146 147 150 152 153 154 155 156 159 160 161 163 165 166 168 169 172 173 175 176 179 180 183 184
19 125 126 130 133 134 136 137 144 145 151 152 153 157 159 160 163 175 178 180
29 124 125 126 128 130 131 132 134 135 137 140 143 145 148 149 154 156 157 160 164 167 168 172 173 175 176 179 180 183
21 123 125 130 141 146 148 149 150 152 153 155 156 157 159 164 169 170 173 174 181 182
34 124 128 129 132 133 137 139 142 144 146 148 149 151 152 153 154 156 158 160 162 163 164 165 168 169 172 173 174 177 178 180 181 182 184
25 124 128 135 137 138 141 142 143 145 149 150 152 153 155 157 159 161 163 168 174 177 178 180 182 184
42 122 123 126 127 128 129 130 131 132 135 138 139 142 143 144 145 147 149 150 152 153 154 156 157 160 162 163 164 165 166 169 170 171 173 175 176 177 178 179 182 183 184
39 122 126 127 128 130 131 133 134 135 136 137 142 143 145 148 149 150 151 154 155 159 162 163 164 165 166 168 169 170 171 172 173 174 177 178 179 181 182 184
35 122 125 126 127 128 129 130 131 132 134 135 138 139 141 142 143 145 148 152 153 158 160 162 163 164 165 168 169 172 173 174 175 176 183 184
20 125 126 127 128 130 135 142 143 150 151 154 155 156 157 158 161 171 173 176 180
40 122 123 124 125 127 128 129 130 131 134 135 136 137 138 139 141 142 144 145 147 149 150 153 155 159 160 162 163 165 166 168 171 172 175 176 177 179 180 181 184
37 126 128 130 131 132 133 134 135 136 138 139 141 142 145 146 148 149 150 151 152 153 155 157 158 159 162 164 168 169 170 173 177 178 179 180 183 184
21 122 136 145 147 152 153 157 158 160 162 165 168 170 171 172 173 176 179 180 183 184
24 122 124 127 128 130 132 135 137 138 139 141 142 145 149 156 158 159 162 166 169 171 173 180 183
38 122 123 126 127 129 130 133 135 138 139 140 141 144 145 146 147 148 150 154 157 161 162 163 164 166 167 168 169 170 171 173 174 175 177 179 180 182 183
33 122 123 125 126 127 128 129 130 131 133 134 136 137 141 143 144 147 149 154 158 160 162 163 164 166 170 172 173 174 175 178 180 182
26 126 128 130 131 133 134 137 139 145 146 149 150 152 157 159 160 161 166 174 175 177 178 179 180 181 183
29 122 123 125 127 128 129 132 136 139 140 142 143 144 146 147 149 151 154 155 159 160 161 167 168 169 172 173 175 180
25 122 123 125 126 127 135 136 138 141 145 148 152 153 155 157 162 164 166 169 170 176 178 180 183 184
28 126 128 131 135 137 143 145 150 154 155 156 158 161 162 163 164 165 166 167 168 170 171 176 177 178 180 183 184
34 128 129 133 134 135 136 139 140 144 145 147 148 149 150 152 153 155 156 159 162 167 168 170 171 172 173 174 175 179 180 181 182 183 184
26 123 124 126 127 129 135 137 138 139 141 144 146 150 151 153 155 161 162 165 170 171 172 175 178 182 184
37 122 123 124 125 126 127 129 133 134 137 138 143 150 151 152 154 156 157 158 159 160 161 164 165 166 167 168 169 170 172 173 174 177 179 180 181 182
40 122 123 125 126 127 129 130 131 132 133 135 137 143 145 146 147 148 149 150 151 152 153 155 157 159 160 161 163 165 168 170 172 173 175 177 179 180 182 183 184
38 122 123 124 125 126 127 129 130 131 133 134 137 139 142 143 144 145 146 147 148 149 151 153 157 158 160 162 164 165 166 168 172 173 174 176 177 183 184
34 124 126 127 128 130 132 133 137 138 141 144 148 152 153 154 155 156 157 158 160 161 164 165 166 167 171 172 175 177 178 180 181 183 184
23 122 124 132 134 135 136 140 141 143 147 148 149 154 156 160 162 164 166 167 170 172 176 183
21 124 129 136 141 143 149 153 155 156 157 159 160 165 166 171 173 175 176 179 180 182
22 122 127 133 134 137 138 140 142 144 149 152 153 157 162 167 168 172 174 175 176 179 183
35 122 124 125 126 129 130 136 137 138 139 142 144 147 148 149 151 152 153 156 158 160 161 164 166 169 171 174 176 177 178 179 180 181 182 184
24 126 128 132 133 142 143 144 145 146 147 148 149 150 151 153 156 162 164 165 169 170 172 177 180
27 123 125 126 127 129 131 133 135 138 139 141 143 144 154 157 161 162 163 164 166 167 170 172 175 180 181 183
31 123 128 131 132 133 134 136 141 142 144 147 151 152 153 154 158 159 160 161 162 163 164 165 166 167 169 170 174 175 176 182
34 123 124 126 127 128 130 133 135 136 137 140 142 144 145 148 151 155 156 158 159 160 161 162 163 165 166 168 172 175 176 178 181 183 184
24 122 123 124 129 130 133 137 139 140 143 145 147 148 154 161 162 163 166 167 172 173 176 182 183
21 124 129 130 133 135 136 137 139 142 143 144 152 155 156 160 161 163 168 170 171 179
20 131 132 135 136 139 142 148 149 151 154 158 164 165 167 172 176 177 178 181 183
39 123 124 126 127 128 129 132 134 137 138 140 141 142 143 144 145 146 147 148 149 150 153 154 157 158 160 163 166 168 171 172 173 174 175 177 178 181 183 184
43 123 125 128 129 131 132 134 135 136 137 139 140 141 142 143 144 146 148 149 150 151 152 153 155 158 159 162 163 164 165 166 167 168 169 171 174 175 177 178 180 181 182 184
40 122 123 124 125 127 128 131 132 133 135 137 138 139 140 141 142 143 144 147 151 152 153 154 159 161 162 163 166 167 168 169 172 176 177 178 179 180 181 183 184
41 122 123 124 125 126 129 130 131 134 137 139 140 142 143 144 145 150 151 153 155 156 157 158 161 162 163 164 165 166 167 170 171 172 173 175 177 178 179 182 183 184
23 124 125 126 127 128 129 131 132 135 142 146 147 148 149 153 159 160 161 170 172 174 176 177
29 125 126 127 129 130 134 136 137 138 140 141 142 149 150 152 157 158 160 165 167 168 169 173 175 176 177 180 182 184
37 122 126 127 130 132 133 135 136 139 141 144 145 146 148 149 150 152 155 157 159 160 161 162 164 165 166 167 169 170 171 173 174 175 177 178 182 183
20 135 137 142 145 151 153 155 158 159 162 163 164 168 170 174 175 176 178 180 181
20 123 127 129 130 134 137 138 147 148 152 155 157 163 164 169 171 174 176 177 179
19 124 128 129 130 138 139 142 150 151 154 155 158 163 165 177 179 180 181 182
28 124 125 127 128 131 132 138 139 141 142 152 153 158 160 161 162 163 164 165 166 168 170 172 174 176 179 180 182
38 123 125 126 127 128 129 131 132 133 136 137 138 139 141 143 146 147 148 149 150 152 154 155 156 158 159 160 162 164 165 166 167 169 170 171 175 179 183
39 123 124 127 128 129 130 134 135 136 138 139 141 143 145 146 148 149 150 151 153 159 160 161 162 163 164 165 166 167 168 169 174 175 176 178 179 180 181 184
23 122 123 129 131 132 137 142 145 147 149 150 153 156 160 161 167 169 172 173 174 177 181 182
22 126 127 132 134 136 140 141 144 149 151 154 156 157 158 159 163 164 169 173 175 176 178
39 123 124 126 128 129 130 132 133 134 137 140 141 142 143 144 145 147 148 149 150 151 153 155 157 159 163 166 168 169 170 171 174 175 176 178 179 180 181 184
29 122 125 126 130 133 136 137 138 141 143 144 146 148 150 151 153 154 161 162 163 166 167 168 169 170 176 177 181 182
36 123 124 125 126 128 129 130 132 136 137 140 141 142 143 144 145 146 147 154 155 157 163 164 165 168 169 170 171 172 173 174 176 179 180 182 184
41 122 123 124 125 126 127 129 130 132 133 134 136 138 140 143 144 145 146 148 150 151 153 154 157 158 159 160 161 162 164 165 169 171 172 175 177 180 181 182 183 184
39 122 123 124 125 127 129 130 133 135 136 137 138 139 141 142 143 145 147 148 150 151 152 153 155 157 158 159 160 161 162 164 167 168 171 173 180 181 182 183
32 123 124 127 129 131 133 135 136 138 139 140 141 143 145 147 149 150 151 156 158 159 160 161 162 163 169 172 174 176 179 181 182
38 127 128 129 130 132 133 134 135 138 139 141 142 143 146 148 151 153 154 155 157 158 159 160 162 163 166 167 169 170 172 173 174 176 178 180 181 183 184
33 122 124 126 127 129 130 133 135 137 138 139 140 141 143 144 145 147 148 151 153 155 157 160 161 165 173 174 175 176 179 181 182 183
23 122 123 124 125 126 129 131 133 136 140 145 149 152 155 156 158 159 163 164 167 170 171 173
20 123 127 128 133 136 138 145 159 161 165 167 168 169 170 172 174 175 178 179 182
28 124 125 126 131 134 135 139 146 148 149 150 152 153 154 156 157 158 163 164 166 168 170 174 176 178 180 181 183
22 123 124 127 130 139 140 141 142 149 154 156 157 158 159 162 163 166 167 169 171 174 176
41 122 123 125 126 128 129 130 132 135 137 140 141 143 144 145 146 147 148 149 150 151 154 155 156 157 158 159 160 162 163 166 167 168 170 172 173 174 175 176 178 184
32 122 123 124 125 126 127 128 129 131 135 137 139 143 149 151 153 155 156 160 161 165 166 167 168 169 170 172 174 175 177 178 182
34 123 124 125 126 129 130 133 135 136 138 139 140 144 145 146 147 148 154 155 156 162 163 164 165 167 170 173 176 177 179 180 182 183 184
34 123 127 128 129 130 132 133 134 137 140 141 143 145 146 147 149 150 151 153 157 158 159 162 163 164 165 167 168 169 170 171 173 176 177
32 122 123 124 126 127 129 130 132 133 136 137 138 139 140 146 149 152 153 154 155 156 163 164 166 167 169 171 176 178 179 180 183
36 122 126 127 128 130 131 133 139 140 142 143 144 146 147 148 152 154 156 158 161 164 165 167 168 169 170 172 174 175 176 177 178 179 180 181 184
36 123 125 127 128 131 132 134 135 137 139 141 142 143 144 145 148 149 152 153 156 158 159 160 164 167 168 169 170 171 173 174 176 178 180 181 182
42 122 123 124 125 126 127 128 129 130 131 134 136 137 139 141 143 146 148 150 151 152 153 154 155 156 157 158 159 161 162 164 165 166 167 174 177 178 179 180 181 183 184
20 122 123 124 126 132 133 137 141 147 154 157 158 159 160 161 170 173 174 177 178
40 122 123 124 127 128 129 130 132 133 134 136 137 141 142 143 144 145 151 152 154 155 156 157 158 159 161 162 164 165 166 167 168 169 170 172 175 179 180 183 184
43 122 123 126 128 129 130 131 132 133 134 136 137 138 139 140 141 144 147 150 151 152 153 154 155 157 159 161 162 163 165 166 168 170 171 172 173 175 176 178 179 180 183 184
31 123 125 127 136 138 141 142 144 145 147 148 152 153 154 155 156 158 160 161 164 165 166 167 174 176 177 178 181 182 183 184
