213 1310
76 1 2 3 4 5 6 7 8 9 10 11 12 13 14 15 16 17 18 19 20 21 22 23 24 25 26 27 28 29 30 31 32 33 34 35 36 37 38 39 40 41 42 43 44 45 46 47 48 49 50 51 52 53 54 55 56 57 58 59 60 61 62 63 64 65 66 67 68 69 70 71 72 73 74 75 76
43 1 2 4 9 10 11 12 13 16 19 20 22 23 24 26 27 28 29 36 37 39 40 42 43 44 45 46 48 51 53 54 55 57 61 63 65 66 68 69 72 73 74 75
50 1 2 5 6 7 8 9 11 13 14 16 17 18 19 20 22 24 25 26 27 28 30 32 33 34 37 38 39 41 46 47 48 49 50 51 52 56 59 61 63 64 66 67 68 69 70 72 73 74 75
56 1 3 4 5 7 8 11 12 13 14 16 17 19 20 21 22 25 26 27 28 29 30 31 32 33 35 36 38 39 41 42 43 44 45 46 47 48 49 52 53 54 55 57 59 61 62 64 65 67 68 69 70 71 72 73 74
46 7 8 10 12 13 16 17 18 20 21 22 23 25 26 28 30 31 32 33 34 37 38 39 40 43 44 45 46 47 49 50 51 52 54 56 57 63 64 66 67 68 69 71 73 74 76
28 2 3 6 7 9 11 12 18 19 21 23 24 26 27 28 32 37 44 45 48 56 60 62 67 68 69 72 75
60 1 2 3 4 5 7 8 9 10 11 12 13 14 16 17 18 19 23 24 26 27 28 29 30 31 32 33 35 36 37 38 39 42 43 44 45 46 48 49 50 51 52 53 54 55 56 58 60 61 62 63 66 67 69 70 71 72 73 74 75
24 1 3 14 18 21 22 31 32 34 37 39 40 41 50 51 53 54 55 64 66 67 72 73 76
60 1 3 4 5 7 8 9 10 11 12 13 14 15 16 18 19 20 21 22 23 25 26 27 28 29 30 31 32 33 34 35 37 38 39 40 41 43 45 46 47 48 49 50 51 52 54 55 57 59 64 65 66 67 68 70 71 72 73 74 76
35 1 2 7 12 14 16 17 22 23 24 26 28 30 32 34 36 37 40 41 44 48 52 53 56 58 59 61 62 63 64 65 67 69 74 76
55 1 5 6 8 9 10 11 13 14 15 16 18 19 20 21 22 23 24 26 29 30 31 32 33 34 36 37 38 39 40 41 43 45 46 48 49 52 53 54 55 56 57 60 61 62 64 65 66 67 69 71 72 73 74 76
30 2 4 5 6 8 11 12 19 27 29 30 31 32 33 34 37 41 42 46 48 50 54 62 63 64 69 70 72 74 76
26 1 8 9 11 13 15 17 22 24 28 29 30 35 39 42 47 52 53 54 57 58 62 65 67 68 69
41 2 4 5 6 7 9 11 17 20 21 25 26 27 30 33 34 35 36 37 38 39 40 41 42 43 44 51 52 53 54 55 57 59 61 67 69 70 72 74 75 76
49 2 3 5 6 7 8 10 11 12 13 19 20 21 24 25 26 27 28 29 30 31 32 33 34 36 37 38 41 43 45 47 49 50 51 55 56 57 59 61 62 63 64 66 67 70 71 72 73 76
45 4 5 7 8 10 12 15 16 18 19 20 21 22 23 24 25 26 27 32 33 36 37 38 40 41 42 44 47 48 50 52 55 57 58 60 64 66 68 69 70 71 72 73 75 76
24 5 6 12 13 20 28 32 33 37 38 40 44 45 48 49 53 56 59 60 61 67 68 70 71
47 2 4 6 7 8 10 12 14 18 20 21 23 24 25 27 28 29 30 31 32 33 36 37 38 39 40 41 45 47 48 49 50 52 55 56 58 59 60 62 64 66 68 69 70 71 73 75
57 1 2 3 4 7 8 9 11 12 14 15 16 17 18 19 20 21 22 23 24 25 26 27 28 30 32 33 36 37 38 40 42 43 45 46 47 48 49 50 51 52 53 55 58 60 61 62 63 64 65 67 68 71 72 73 75 76
39 2 3 4 5 6 9 10 14 16 17 21 26 27 29 30 32 33 35 36 40 42 43 45 47 48 51 52 54 55 57 58 60 63 67 71 72 73 75 76
53 1 2 4 6 7 8 10 12 13 14 15 17 18 19 20 24 25 27 28 29 30 32 33 34 35 36 39 40 42 43 46 47 48 49 51 52 53 54 55 56 60 61 63 65 66 68 69 70 71 73 74 75 76
36 1 2 4 8 11 13 14 15 16 20 21 25 26 28 31 32 35 37 38 48 50 51 54 58 60 61 63 64 65 66 67 68 69 72 74 75
31 2 3 6 12 13 15 16 20 22 26 27 32 33 44 45 46 48 52 54 56 57 59 61 62 68 69 70 71 72 75 76
37 3 7 8 9 12 13 14 15 18 20 21 22 23 25 29 31 32 33 34 36 37 40 44 49 52 59 60 64 65 66 67 68 69 70 74 75 76
42 3 5 6 7 8 9 11 16 19 20 21 22 25 26 27 28 29 30 31 34 35 40 42 48 49 51 54 56 58 59 60 64 65 66 67 68 70 71 72 73 74 76
35 2 3 6 8 10 12 14 15 16 18 21 22 24 25 26 27 28 29 30 32 37 39 41 42 45 47 51 54 56 57 59 63 66 68 74
47 2 3 5 7 8 10 11 12 13 14 15 16 18 19 20 22 23 28 29 30 32 33 34 35 36 37 38 39 41 43 46 48 49 51 53 54 55 56 57 58 60 61 63 65 67 72 75
33 2 5 7 8 12 13 15 17 19 20 25 26 27 33 36 37 39 42 43 44 46 47 51 53 55 57 62 64 68 70 71 74 76
36 6 7 9 10 13 16 17 18 19 23 24 25 29 37 40 41 43 44 46 47 48 51 53 55 57 59 60 61 62 64 68 69 70 72 74 76
55 1 2 3 4 5 6 7 9 11 13 14 15 16 17 18 20 21 22 23 24 26 28 29 30 31 32 33 35 36 37 38 39 40 41 42 43 45 46 47 51 52 54 55 58 60 63 64 65 66 68 70 71 72 75 76
30 2 10 14 15 18 21 32 36 39 40 41 42 44 46 47 48 49 50 53 54 57 58 62 63 64 65 67 73 74 75
49 4 5 7 9 10 12 15 16 17 18 19 20 21 22 24 25 26 27 28 29 31 33 35 36 37 38 39 40 41 42 43 44 46 49 50 51 52 53 56 57 58 65 66 68 70 72 73 75 76
41 1 6 9 10 11 13 14 15 19 20 23 24 25 26 28 29 36 37 38 42 44 45 46 48 49 50 51 53 57 58 60 61 63 64 65 67 68 69 70 71 76
60 3 4 5 6 8 9 12 13 14 15 16 17 18 20 21 22 23 24 25 26 27 28 30 31 32 33 34 35 36 37 38 39 40 41 43 45 46 47 48 49 52 53 54 55 57 59 60 61 62 63 64 65 67 68 69 70 71 73 75 76
55 2 3 4 6 9 10 11 13 14 15 18 20 21 23 24 25 26 28 29 32 33 34 36 37 38 39 40 41 43 44 45 46 47 48 49 50 51 52 54 55 56 61 62 63 64 65 67 68 69 70 71 72 73 75 76
52 1 3 4 5 6 7 9 10 12 14 15 16 18 20 21 22 25 26 27 28 29 31 34 35 37 38 39 40 42 46 48 49 50 51 52 53 54 55 56 57 60 61 63 65 66 68 69 71 72 73 74 75
31 1 2 5 7 8 12 13 15 17 19 23 24 26 28 29 31 36 37 38 40 44 45 47 49 51 55 59 62 63 65 69
22 2 12 13 21 27 31 35 37 39 43 48 50 52 53 54 55 58 62 63 65 69 72
54 1 2 3 4 5 6 7 8 10 11 12 13 14 15 18 19 21 23 24 25 28 29 31 32 34 35 36 37 39 42 43 44 45 46 47 48 49 50 51 52 55 56 57 58 59 60 61 63 64 69 72 73 75 76
40 1 4 5 7 8 9 13 15 16 19 21 22 24 25 26 28 31 32 33 34 36 38 39 41 44 48 51 52 55 59 60 61 62 68 70 71 72 73 75 76
35 1 3 4 10 11 12 13 14 15 16 17 20 21 23 25 26 29 31 32 36 37 41 44 47 48 50 51 52 58 59 61 67 69 70 72
40 4 6 8 11 12 13 14 15 17 18 23 25 26 33 34 35 38 39 40 41 42 44 45 47 48 49 50 53 56 57 59 63 64 65 66 68 69 73 75 76
53 1 4 5 7 9 10 11 12 13 14 16 17 19 21 22 23 25 26 27 28 29 30 31 33 34 36 37 38 41 42 45 46 47 48 49 50 51 52 53 54 55 56 57 58 59 61 63 64 65 66 67 72 73
38 2 3 8 9 10 11 15 16 17 18 19 20 22 24 26 27 28 29 32 35 38 42 44 45 46 49 50 51 54 55 58 59 61 67 70 71 72 74
27 2 6 8 10 11 13 23 29 31 32 33 36 37 38 39 45 49 51 55 59 63 64 65 67 69 74 75
45 1 3 5 6 9 10 12 14 17 18 19 21 22 24 26 28 31 32 34 35 37 41 42 43 46 47 49 52 53 54 56 57 58 60 61 63 66 67 68 70 72 73 74 75 76
36 2 7 9 10 14 15 16 18 20 21 22 23 31 34 37 38 40 41 44 45 46 48 50 51 52 54 56 60 61 64 65 66 71 73 74 75
30 4 6 9 20 21 27 28 30 32 34 35 36 39 42 46 50 54 55 56 58 59 60 62 63 66 68 69 70 72 76
36 3 5 8 9 11 12 14 15 16 22 26 27 30 31 32 34 39 42 43 46 48 50 51 52 54 57 58 60 61 62 63 66 68 69 73 76
51 1 4 5 8 10 12 13 14 16 18 19 20 21 23 24 25 26 28 29 30 31 33 34 35 36 37 38 39 40 41 42 46 49 50 51 52 53 54 56 57 58 60 63 65 66 68 69 70 71 75 76
45 2 3 4 6 8 10 11 15 17 18 21 22 24 26 28 29 30 34 35 41 43 44 46 47 49 50 51 52 53 54 55 57 58 61 63 65 67 68 69 70 71 72 73 74 75
41 1 2 3 4 5 6 8 9 10 11 15 17 18 19 27 28 30 31 32 33 34 35 36 39 41 43 46 48 49 53 54 59 60 61 65 66 68 70 72 73 74
37 2 3 5 8 10 15 17 18 22 23 24 25 27 31 32 33 37 39 41 42 44 45 46 50 54 55 56 62 63 64 65 67 68 71 74 75 76
25 1 10 13 25 27 28 29 30 35 38 44 52 54 55 60 61 62 65 66 69 70 71 73 75 76
57 5 6 7 8 10 12 13 14 15 16 17 19 20 21 24 25 26 28 29 30 31 32 35 36 38 39 40 41 42 43 45 46 47 49 50 51 53 55 57 58 59 60 61 62 63 64 65 66 67 68 69 70 72 73 74 75 76
24 6 7 10 13 25 29 30 37 38 39 43 44 46 49 53 55 56 60 62 63 69 71 73 75
31 6 7 9 12 13 14 15 18 20 23 28 30 31 33 34 35 36 41 45 46 50 51 55 56 64 65 66 67 68 71 75
50 2 4 8 9 11 12 13 14 15 17 20 21 22 23 25 27 28 29 30 31 32 34 35 37 38 40 41 42 43 44 45 46 49 50 52 53 56 58 59 60 63 64 65 66 69 70 71 72 73 74
46 1 2 4 5 6 8 11 12 13 14 18 20 23 24 26 27 29 31 32 34 35 36 37 39 43 44 45 47 49 50 54 55 56 57 58 60 61 62 63 65 67 68 70 73 74 76
38 2 4 5 6 8 9 16 18 19 20 22 23 26 27 29 30 31 32 36 42 43 44 45 47 48 49 50 51 54 55 58 63 65 67 69 71 73 75
32 7 9 10 13 14 15 16 19 20 22 23 24 25 28 29 32 35 41 42 43 45 47 49 54 56 59 62 71 72 73 74 76
48 1 3 5 9 11 13 14 15 17 20 24 25 26 27 28 30 31 32 33 34 35 36 37 39 40 41 44 45 46 47 49 51 53 56 57 59 60 61 62 63 64 65 66 67 71 72 75 76
54 1 2 6 7 8 9 10 11 14 15 16 18 19 21 23 24 25 26 27 30 31 33 34 35 36 37 38 39 40 42 43 44 45 49 50 52 53 55 56 57 59 60 61 62 63 65 67 68 69 70 72 73 74 76
46 7 8 9 10 11 15 19 20 21 22 23 25 26 27 28 30 31 32 33 34 35 36 38 40 41 44 47 50 51 52 53 55 56 57 58 59 60 61 63 64 65 66 67 69 71 76
22 1 2 7 12 14 18 20 21 22 27 30 35 44 45 51 52 53 57 59 61 74 76
41 1 2 3 6 12 14 15 17 19 20 24 25 26 27 28 29 31 32 33 36 37 38 39 41 42 47 48 50 51 52 58 59 61 63 64 65 67 73 74 75 76
27 2 4 9 11 13 16 18 21 23 24 26 29 33 36 38 40 41 44 48 53 56 60 66 70 71 73 75
29 3 8 15 17 22 23 24 25 26 28 31 32 33 41 43 50 51 56 57 58 60 61 63 66 67 69 70 73 74
37 3 4 8 10 11 14 15 20 23 24 26 27 28 33 36 37 38 40 41 42 44 45 46 47 48 50 52 53 56 59 61 65 70 71 72 75 76
53 1 2 4 5 6 8 9 11 13 16 18 19 22 23 24 25 26 27 28 30 31 32 33 34 35 36 38 39 40 41 42 43 44 47 48 49 50 54 55 56 58 59 60 62 63 64 65 66 67 68 73 74 75
24 4 10 12 15 20 21 22 23 25 27 29 32 36 55 56 57 59 60 61 63 66 71 73 74
54 2 3 4 8 11 12 13 14 15 16 18 19 21 23 24 27 29 30 31 32 33 34 35 36 37 39 41 43 44 46 47 48 49 50 52 53 54 55 59 60 62 63 64 65 66 67 68 69 70 71 73 74 75 76
34 3 9 11 14 17 18 23 26 29 31 32 34 35 38 39 40 42 44 45 46 47 51 54 55 56 60 61 62 63 64 68 70 74 76
48 1 2 3 7 8 9 11 13 14 15 17 18 20 21 22 24 26 27 29 31 32 33 35 36 37 40 42 43 44 45 47 48 49 52 57 58 59 60 63 64 65 67 68 69 70 71 74 76
26 5 6 11 14 18 19 20 21 27 28 30 36 40 42 45 48 49 51 53 55 56 60 62 67 69 71
42 2 3 5 7 8 9 10 12 13 15 18 23 25 28 29 30 33 35 36 37 40 42 43 45 47 48 49 52 53 54 55 56 57 61 62 64 69 70 71 72 74 76
45 1 2 5 6 7 8 11 12 13 17 19 20 23 25 26 27 28 29 34 35 36 38 39 40 45 46 47 48 53 54 55 57 58 59 62 64 65 67 68 69 70 71 72 73 74
24 3 9 10 13 15 17 20 24 26 27 28 29 36 38 39 41 42 45 48 51 58 60 69 76
51 3 4 6 7 10 12 14 18 19 20 21 22 23 24 25 27 28 29 30 32 34 35 36 37 38 40 42 44 45 46 47 49 50 51 53 54 55 57 59 60 63 64 66 67 70 71 72 73 74 75 76
24 1 4 5 9 11 18 22 25 27 30 35 37 39 41 42 43 45 48 49 52 57 65 71 75
40 3 5 6 8 10 12 13 17 18 19 20 24 27 28 31 33 34 35 38 40 42 44 46 48 49 50 51 54 55 57 62 63 64 65 67 68 69 70 74 75
46 2 4 5 6 7 8 9 10 11 12 13 15 17 18 19 21 25 26 28 30 32 33 36 37 39 40 42 43 44 45 47 50 51 54 60 61 62 63 64 66 68 69 71 74 75 76
44 2 3 7 8 10 11 12 17 18 19 23 25 26 27 31 32 35 37 40 42 43 44 45 47 48 49 51 52 53 54 56 57 58 60 62 64 65 66 67 68 69 73 74 76
46 2 3 4 6 7 10 11 14 15 16 17 18 19 21 26 27 29 30 31 34 35 37 40 41 43 45 46 47 48 54 55 56 57 59 60 61 63 65 66 67 68 69 71 72 74 75
39 1 4 5 6 11 13 14 15 16 17 20 21 24 27 29 30 31 32 36 41 42 43 44 45 47 48 51 52 54 57 59 62 63 65 68 70 73 75 76
50 1 3 4 6 8 10 12 14 15 16 17 19 20 21 22 25 26 28 29 30 31 32 33 34 35 37 38 39 40 41 44 45 46 50 52 53 56 57 58 60 61 62 63 65 67 68 69 71 74 75
37 1 4 9 15 16 20 21 23 28 30 31 33 36 37 39 42 43 44 46 47 49 50 51 52 53 55 56 58 65 67 68 70 71 72 74 75 76
31 5 8 9 21 22 23 24 26 27 30 31 32 36 37 45 51 52 53 55 56 59 60 63 64 67 68 70 71 73 74 75
52 1 2 3 4 5 7 8 10 11 12 13 16 17 18 20 21 22 23 24 25 26 29 31 32 35 36 37 39 40 41 46 47 48 50 51 52 53 54 56 57 60 61 63 64 65 67 68 69 70 71 72 76
58 1 2 5 6 8 9 11 12 13 16 17 19 20 21 22 24 25 26 27 29 30 31 32 33 35 36 37 38 39 40 41 42 43 44 45 46 47 49 50 51 52 53 54 55 56 58 59 60 62 63 65 69 70 71 73 74 75 76
24 3 4 5 7 8 13 14 34 36 38 39 40 42 46 47 53 55 61 62 68 71 74 75 76
29 4 5 10 16 17 23 24 27 28 29 30 33 35 39 41 42 44 45 46 50 55 56 58 59 61 63 71 73 74
48 77 78 79 80 81 82 83 84 85 86 87 88 89 90 91 92 93 94 95 96 97 98 99 100 101 102 103 104 105 106 107 108 109 110 111 112 113 114 115 116 117 118 119 120 121 122 123 124
31 77 79 81 82 83 84 86 87 88 90 91 93 96 97 98 99 102 103 104 106 109 111 112 114 115 116 117 118 120 123 124
29 77 78 80 81 85 87 89 90 93 94 97 98 99 101 102 106 107 108 109 110 111 113 114 116 117 118 121 123 124
31 77 78 79 80 81 85 88 90 92 93 95 96 97 98 100 102 103 104 106 107 108 109 112 113 115 116 118 120 121 123 124
27 77 78 80 83 84 90 92 93 96 97 98 99 103 105 106 107 110 111 113 114 115 116 117 118 119 120 122
28 77 78 79 83 85 86 87 89 90 93 94 95 97 98 102 106 107 108 109 111 112 115 116 118 119 121 122 123
20 77 78 81 83 86 87 93 94 95 98 99 103 105 107 109 114 115 116 118 123
17 78 79 83 87 91 92 96 98 100 102 103 107 108 112 113 115 117
29 77 78 79 80 81 82 88 89 90 91 92 93 94 95 96 101 102 103 106 107 108 109 110 113 115 119 120 123 124
17 85 86 90 92 95 96 97 99 100 102 104 105 106 112 115 116 118
16 80 81 84 86 89 91 92 93 95 103 107 108 109 116 120 121
32 77 79 80 81 83 84 85 86 87 89 91 93 96 98 101 102 106 107 108 109 110 111 112 114 115 117 119 120 121 122 123 124
30 77 81 82 84 86 87 88 90 91 92 93 95 96 97 98 99 100 101 108 109 113 114 116 117 118 119 120 121 123 124
14 78 83 88 92 97 98 100 104 105 106 107 109 121 122
33 77 79 80 81 82 83 85 87 89 91 93 95 96 97 98 99 100 103 105 106 107 109 111 112 113 114 116 118 119 120 122 123 124
31 77 78 80 81 83 84 85 86 87 89 90 91 93 94 98 99 101 102 103 105 109 110 111 112 113 117 119 120 121 122 123
37 77 78 80 81 82 83 84 85 86 87 88 89 91 92 93 94 95 96 98 99 100 101 102 103 104 108 109 111 113 114 115 116 118 119 121 122 124
32 77 78 80 81 83 85 87 91 93 94 95 96 98 99 100 101 102 103 105 106 107 109 110 112 113 114 116 117 118 120 121 124
25 77 79 81 84 87 88 92 93 96 99 100 101 102 103 104 109 110 114 115 116 117 118 120 122 124
20 78 83 88 89 90 92 96 97 98 100 101 103 105 107 111 112 114 115 121 123
36 77 78 79 81 83 85 86 88 90 91 92 93 94 95 96 98 99 100 102 103 104 106 107 108 109 111 112 113 114 115 118 120 121 122 123 124
17 79 82 85 86 87 88 94 95 100 103 106 111 114 115 116 117 124
16 77 79 87 91 92 93 96 98 100 103 107 111 113 118 122 124
24 77 78 79 80 84 87 88 89 93 94 99 100 101 102 104 108 111 113 114 117 118 119 121 122
18 80 83 86 91 94 100 101 103 107 108 113 114 115 116 119 121 122 124
28 77 80 81 84 85 86 87 90 91 92 94 95 96 97 98 99 103 104 105 107 108 109 111 117 118 120 122 124
32 78 79 80 82 83 84 85 87 90 92 93 95 96 97 98 99 100 101 103 104 106 108 109 110 111 118 119 120 121 122 123 124
35 78 79 80 81 82 84 86 87 88 89 91 92 93 94 95 96 98 100 102 103 104 106 107 108 109 110 111 112 113 115 116 119 121 122 124
17 125 126 127 129 138 150 153 154 156 162 163 164 169 171 172 173 188
41 125 126 127 129 130 131 132 133 134 135 136 142 143 145 150 151 152 153 155 156 157 158 159 160 161 162 163 164 166 168 169 171 174 177 178 179 180 181 183 185 187
13 137 142 147 151 152 153 159 167 172 179 182 185 188
27 129 135 137 140 144 149 150 153 154 155 156 157 158 159 161 163 165 166 167 170 173 177 178 182 183 184 188
20 128 130 131 133 136 138 139 146 148 149 154 155 167 169 170 172 174 176 184 185
19 127 131 134 136 137 139 143 147 149 157 160 163 170 171 178 179 183 184 189
23 125 128 129 130 135 137 141 147 151 152 153 156 162 163 166 167 168 169 170 173 174 176 189
24 126 130 133 135 140 142 145 146 151 153 154 155 159 161 164 168 169 174 175 176 177 181 182 188
22 129 132 135 137 140 146 147 154 157 162 163 164 168 171 173 174 177 180 181 182 183 184
25 125 128 130 137 138 141 143 147 150 152 153 154 155 157 158 165 166 170 173 175 178 180 181 188 189
19 125 134 136 138 141 144 145 146 156 160 161 162 164 171 175 177 181 183 184
11 125 126 135 137 139 145 161 169 173 176 178
37 127 129 131 133 136 138 141 143 145 146 147 148 150 152 154 157 159 162 163 164 169 172 173 174 175 176 178 179 180 181 182 183 184 185 186 187 189
32 125 127 128 131 132 134 136 137 139 141 142 146 149 152 155 158 159 162 163 164 165 167 170 171 176 177 179 180 183 184 187 189
8 138 140 144 147 168 182 185 186
10 128 136 144 151 165 177 180 183 185 186
9 129 133 139 147 153 167 177 180 182
25 126 129 130 133 135 143 145 148 150 151 153 154 156 157 160 161 166 169 172 173 174 175 178 181 188
33 125 126 127 128 129 130 133 134 138 142 143 144 146 147 149 151 152 155 157 158 162 167 169 170 171 172 173 174 176 177 180 184 187
27 125 129 134 137 141 142 143 147 150 151 156 157 158 160 161 162 165 166 168 171 175 179 180 182 186 187 188
27 127 129 132 133 139 145 148 149 150 152 154 156 157 161 163 169 170 171 172 173 175 177 179 183 184 186 188
23 128 131 132 134 138 141 143 144 148 152 154 155 156 160 162 163 164 168 173 181 183 187 189
24 130 133 136 138 139 143 144 145 149 150 152 153 155 158 159 161 166 167 172 176 185 186 187 188
15 126 134 140 141 144 148 151 152 159 162 163 168 174 185 186
15 127 140 142 149 157 160 164 165 172 175 178 179 180 182 188
38 125 126 128 130 131 134 135 136 137 138 140 141 142 143 144 146 147 151 153 155 158 159 160 162 164 165 166 167 168 174 176 178 180 181 182 185 187 189
38 125 126 127 128 130 131 132 133 134 136 138 139 141 142 143 145 146 147 148 151 152 160 162 164 168 169 171 172 174 175 176 179 180 181 185 186 187 189
23 131 133 136 140 141 142 143 144 147 152 153 156 159 160 165 167 169 170 171 174 178 182 183
42 125 126 127 128 129 130 132 134 135 137 138 139 145 146 148 149 150 151 154 155 157 158 161 162 163 164 166 168 172 173 175 176 177 179 180 181 184 185 186 187 188 189
8 125 131 132 140 176 183 187 188
16 127 140 146 149 156 159 160 161 163 168 172 174 176 179 183 185
23 127 128 130 132 134 135 141 143 145 147 150 151 154 155 161 164 175 176 178 179 180 183 185
37 127 128 134 135 136 138 139 140 143 146 148 150 152 153 154 157 158 161 163 166 167 168 169 170 171 172 173 174 176 177 178 179 181 183 184 186 189
28 127 130 134 136 137 138 141 142 143 149 151 152 156 159 161 164 165 168 169 171 172 173 175 178 179 181 185 186
17 127 128 129 136 141 142 146 147 150 152 163 165 167 177 182 183 184
21 126 129 131 132 133 134 136 139 142 144 145 148 162 164 169 171 177 182 184 186 187
3 135 151 167
30 127 133 135 136 138 141 143 144 148 150 151 152 154 155 156 158 161 162 164 166 172 174 176 177 178 180 181 183 185 187
20 126 128 135 144 145 146 148 150 154 155 157 158 160 162 163 166 170 174 184 189
16 127 134 136 141 143 144 153 155 158 163 167 176 178 184 185 187
25 128 129 130 135 138 139 142 143 149 154 157 158 160 161 164 166 169 171 175 179 181 183 184 188 189
22 125 128 129 132 138 141 144 148 150 152 156 158 162 165 166 167 172 173 180 185 186 187
28 125 126 129 130 131 132 133 137 141 142 144 145 147 149 151 155 156 159 160 162 164 165 175 180 182 185 187 188
11 136 144 153 158 162 165 166 168 172 177 189
13 126 130 131 135 139 150 157 163 168 170 174 186 189
38 130 131 132 133 134 135 137 139 140 141 142 143 145 146 147 148 149 152 155 157 158 159 160 161 166 167 168 170 174 175 176 178 179 181 182 184 187 189
5 139 140 146 173 176
41 125 126 128 130 131 133 135 139 140 141 143 145 147 148 149 151 152 153 154 156 157 158 159 160 162 163 167 169 170 171 172 173 176 177 178 180 181 184 185 187 188
16 127 132 136 137 145 147 150 153 156 165 167 172 176 177 180 187
15 130 131 140 142 143 148 156 166 168 169 170 173 179 185 189
15 125 128 129 136 145 158 160 162 165 171 176 183 184 187 188
13 130 131 134 138 140 143 151 158 162 170 174 187 189
12 131 135 150 153 159 160 161 165 168 175 185 188
20 132 136 137 139 140 141 145 148 154 156 163 164 166 178 179 181 182 183 186 189
24 132 133 144 148 149 153 154 155 156 157 159 160 164 166 168 171 172 175 179 180 181 185 186 188
13 126 131 138 140 148 160 163 167 170 171 182 186 188
13 127 132 139 141 149 150 152 155 167 172 174 178 180
22 126 133 134 135 137 138 144 146 147 151 153 154 157 159 161 163 164 175 177 181 182 186
20 127 128 129 132 133 140 143 148 149 154 155 158 165 166 169 173 176 178 180 187
49 125 126 128 129 130 131 132 133 135 137 138 139 140 142 145 146 147 148 149 150 151 152 154 156 157 159 160 161 162 164 165 166 168 169 170 171 172 173 174 175 177 179 180 181 182 183 186 188 189
42 125 126 127 129 130 133 135 136 137 139 140 142 145 146 147 149 150 151 153 157 158 159 161 165 166 167 169 170 171 172 174 175 176 177 178 179 180 182 184 185 186 188
23 125 126 129 130 132 134 137 139 140 146 147 149 157 159 160 163 167 168 171 173 179 188 189
9 125 131 133 146 155 170 173 178 182
19 125 126 127 128 131 134 141 142 148 151 156 160 165 169 170 175 178 179 189
18 126 127 132 135 140 144 145 152 153 159 163 164 173 177 178 181 183 189
12 128 131 142 145 153 165 169 170 175 182 184 186
24 127 129 132 134 136 137 138 142 144 146 150 155 161 164 165 166 168 174 175 179 182 183 186 189
18 125 129 133 137 139 142 146 149 152 156 157 159 169 173 174 181 184 187
27 126 131 132 133 134 136 138 139 143 144 145 146 148 150 154 155 158 159 161 171 177 181 183 184 185 186 187
37 126 127 130 131 133 134 136 138 140 141 142 145 147 148 149 150 151 153 155 156 159 160 164 165 168 169 170 172 174 175 176 177 180 181 182 183 187
19 128 137 138 141 144 147 148 149 154 165 167 170 172 175 182 184 186 188 189
28 125 128 129 132 135 137 139 143 144 146 152 154 157 158 161 162 163 166 167 171 173 178 179 184 185 186 188 189
28 125 126 128 130 132 134 135 137 139 140 142 144 149 151 153 155 156 158 160 161 165 166 167 168 170 171 177 188
34 125 127 129 130 133 135 137 140 142 145 147 149 150 153 157 158 159 165 166 167 169 170 171 172 175 176 177 178 179 180 182 185 186 188
30 125 126 130 134 135 136 137 138 141 142 143 144 146 153 155 158 159 164 165 166 167 168 174 176 178 180 181 182 185 187
15 132 139 143 146 148 154 155 158 159 161 171 181 184 186 187
9 126 144 151 162 163 168 174 185 186
25 127 128 135 139 140 143 146 148 153 158 163 167 169 171 172 173 174 176 177 178 179 181 184 186 189
8 128 129 145 160 162 165 183 187
18 126 129 131 132 133 134 136 139 142 144 145 148 162 164 169 177 186 187
13 128 131 141 143 148 152 156 160 162 163 164 168 187
22 127 134 135 136 139 140 146 150 152 154 161 163 167 168 169 170 171 172 176 184 186 189
14 125 134 138 144 145 156 160 162 164 171 177 181 183 184
5 129 139 167 180 182
9 130 131 142 156 168 170 173 185 189
8 132 136 147 150 165 176 180 187
32 126 127 130 131 133 134 138 141 145 147 148 151 153 155 156 159 160 164 165 168 169 170 172 174 175 176 177 180 181 182 183 187
19 131 132 134 136 138 139 144 145 146 148 150 154 155 158 159 171 183 185 186
15 131 133 136 140 141 142 144 147 152 156 160 165 167 174 182
15 133 138 139 143 144 145 149 150 152 159 161 172 185 186 187
20 127 128 132 134 135 141 143 145 150 151 154 155 161 164 175 176 178 179 183 185
16 129 132 135 140 146 154 157 162 163 164 168 174 177 180 182 183
22 126 131 132 133 134 136 139 144 146 148 150 154 155 158 159 161 171 177 183 184 185 186
25 125 127 128 129 134 142 143 144 146 147 149 152 155 157 162 167 170 172 173 174 176 177 180 184 187
12 125 130 137 138 150 153 165 166 173 178 180 189
17 128 129 130 139 143 149 154 157 160 161 164 169 171 175 179 181 183
29 126 127 129 130 133 136 137 139 140 145 147 149 150 151 165 167 169 171 172 174 175 176 177 178 179 180 182 186 188
8 127 136 150 152 163 165 177 183
15 133 135 144 150 151 154 155 156 158 164 166 172 177 181 183
8 130 131 139 150 163 170 186 189
9 132 135 140 144 163 164 173 181 183
26 125 128 129 130 133 134 138 143 144 147 149 151 152 157 158 162 170 171 172 173 174 176 177 180 184 187
13 125 128 129 145 158 160 162 165 176 183 184 187 188
12 125 128 136 145 158 160 162 165 171 183 187 188
33 126 127 129 130 134 135 137 138 139 145 146 148 149 150 151 154 157 161 164 168 172 173 175 176 177 179 180 181 184 185 186 188 189
19 130 136 138 139 143 144 149 152 153 155 158 161 166 172 176 185 186 187 188
32 125 126 130 131 133 140 141 143 145 147 149 151 152 153 154 156 157 159 160 163 167 170 171 172 173 176 177 181 184 185 187 188
9 146 149 156 163 168 172 174 179 185
4 138 140 168 182
9 126 131 139 150 157 163 168 170 174
26 133 135 136 138 141 143 144 148 151 152 154 155 158 161 162 164 166 172 174 176 177 178 180 183 185 187
19 126 130 132 134 135 137 139 144 153 155 156 158 160 161 167 168 170 171 188
7 134 143 158 170 174 187 189
8 136 144 153 158 166 168 172 177
29 125 126 130 131 132 133 137 138 139 140 145 148 151 154 157 159 161 164 165 169 171 173 174 180 181 182 186 188 189
26 125 128 130 131 134 136 137 138 142 144 146 147 153 158 159 160 162 164 165 167 174 178 180 181 182 185
8 130 131 143 148 166 170 173 185
17 126 135 140 142 145 146 151 153 155 159 161 168 175 176 177 181 188
13 126 130 133 142 151 153 154 161 164 175 177 181 182
15 128 135 145 146 150 154 155 158 160 162 163 166 170 174 189
19 127 130 132 135 141 143 147 150 151 154 155 161 164 175 176 179 180 183 185
9 132 139 141 150 155 172 174 178 180
18 127 132 133 139 145 149 150 152 154 157 163 169 173 175 177 179 183 186
14 125 126 131 132 133 145 149 151 156 160 165 175 180 185
10 125 129 139 142 146 156 159 173 174 187
9 125 127 128 141 142 148 151 178 189
7 127 139 141 152 155 167 174
25 126 127 131 133 134 136 138 140 141 142 145 147 151 153 156 159 160 164 165 169 172 176 177 180 182
15 126 129 135 143 150 154 161 166 169 172 173 174 175 181 188
22 125 128 137 138 141 143 147 150 152 153 154 155 157 166 170 173 175 178 180 181 188 189
14 130 133 136 138 139 144 145 149 155 159 161 172 186 187
17 135 141 143 144 148 150 152 154 164 172 174 177 178 181 183 185 187
21 126 128 130 135 139 145 146 149 150 151 154 155 157 162 164 172 173 180 184 187 188
14 130 138 139 143 149 154 157 158 166 169 171 183 188 189
11 140 142 143 148 156 166 168 173 179 185 189
12 125 126 127 129 138 150 156 164 169 171 172 173
10 132 136 145 147 150 153 172 176 180 187
6 125 133 155 170 173 178
32 126 127 130 131 133 138 140 142 145 147 148 149 150 151 153 155 156 159 160 164 165 168 169 170 174 175 176 177 180 181 182 183
5 128 136 151 177 186
19 128 129 141 144 148 150 152 156 158 162 165 166 167 172 173 180 185 186 187
18 126 132 133 136 138 139 143 144 145 146 148 154 159 161 171 177 183 186
7 129 133 139 153 177 180 182
20 130 136 138 139 143 144 145 149 150 153 155 158 161 166 167 172 176 185 187 188
8 128 131 142 153 165 170 175 184
26 127 133 135 136 138 143 144 148 150 151 154 156 158 161 162 164 166 172 174 176 177 178 181 183 185 187
15 127 130 137 138 141 143 152 156 159 165 168 172 178 179 181
18 128 129 130 135 138 149 154 158 161 164 169 171 175 179 181 184 188 189
13 131 133 136 140 141 142 143 144 147 169 171 174 178
19 131 133 136 141 144 147 153 156 159 160 165 167 169 170 171 174 178 182 183
14 127 129 134 138 142 144 146 155 161 164 165 182 183 186
16 127 129 139 145 150 154 157 163 169 170 172 173 177 183 186 188
17 132 136 137 139 140 141 145 148 154 156 164 166 178 182 183 186 189
10 126 130 135 150 163 168 170 174 186 189
12 128 132 138 144 148 154 155 162 173 183 187 189
14 132 149 153 157 159 164 166 168 175 179 181 185 186 188
7 127 142 160 164 165 178 180
13 126 133 134 137 138 144 151 159 163 164 177 182 186
12 129 132 147 154 157 162 163 168 171 173 177 183
16 125 126 129 130 132 133 137 141 142 144 145 151 155 162 182 188
24 125 127 128 131 132 134 137 139 146 152 158 159 163 165 167 170 171 176 177 179 180 183 187 189
7 126 131 157 163 168 170 189
5 131 140 176 183 187
10 127 132 139 141 149 150 152 172 174 180
18 133 135 138 143 144 152 155 156 162 164 166 174 177 178 180 181 183 185
28 125 126 127 128 135 137 145 149 150 151 154 155 157 158 161 163 164 166 168 172 175 179 180 184 185 187 188 189
15 137 138 141 144 147 148 149 154 165 170 175 184 186 188 189
12 130 133 136 143 144 149 152 153 155 161 186 188
6 144 153 162 165 168 172
8 128 144 151 165 177 180 183 186
10 132 136 140 145 154 163 164 166 179 182
11 125 134 136 138 141 144 156 160 162 164 177
18 128 129 130 135 137 147 151 153 156 162 163 166 167 168 169 170 176 189
8 130 131 139 150 163 174 186 189
11 127 140 142 149 157 160 164 175 178 182 188
3 139 146 173
17 135 140 144 150 155 156 157 158 159 161 165 167 170 173 177 183 188
15 133 139 143 145 150 153 158 159 166 167 172 185 186 187 188
15 125 136 138 144 145 146 156 161 162 164 171 175 177 183 184
16 129 135 137 146 147 154 163 164 168 171 174 177 180 181 182 184
15 128 130 137 143 150 152 153 155 157 158 166 170 178 180 188
22 129 135 137 140 144 149 153 154 156 158 161 163 165 166 167 170 177 178 182 183 184 188
18 129 130 131 132 137 141 145 147 149 151 155 162 164 165 175 180 182 187
8 127 140 142 164 172 178 179 188
15 128 131 133 136 138 139 146 148 149 154 169 170 172 176 184
14 126 130 133 135 146 153 155 174 175 176 177 181 182 188
18 125 129 134 137 147 156 158 160 162 165 166 168 175 179 182 186 187 188
6 138 140 144 147 168 186
7 131 135 150 153 160 185 188
14 136 137 139 140 145 148 154 156 163 164 166 179 181 182
6 133 147 153 167 180 182
21 131 133 136 138 141 143 146 147 157 162 163 172 174 175 176 178 179 180 182 183 184
12 138 143 149 161 166 169 171 179 181 183 184 188
8 147 151 152 159 167 172 182 185
14 134 141 142 143 147 151 156 161 162 165 175 179 186 187
21 125 128 131 132 134 137 146 152 155 158 162 163 164 167 176 177 179 180 183 184 189
14 126 127 132 140 144 145 152 153 159 163 177 181 183 189
16 127 131 136 137 139 147 149 157 160 163 170 178 179 183 184 189
11 126 128 145 148 154 158 160 163 166 174 189
30 126 127 130 131 138 140 142 145 147 148 149 150 151 153 155 156 159 160 164 165 168 169 174 175 176 177 180 182 183 187
6 131 140 176 183 187 188
7 127 132 152 155 167 178 180
28 125 126 127 128 129 130 133 134 138 142 143 144 146 147 149 151 152 157 158 162 167 171 172 174 177 180 184 187
20 131 132 133 139 140 145 147 148 159 160 161 166 174 176 178 181 182 184 187 189
16 132 136 137 139 140 141 145 148 154 163 166 178 181 182 183 186
20 125 128 129 132 135 137 139 143 144 157 158 163 166 167 171 173 178 179 185 188
6 125 126 137 145 176 178
10 126 132 135 144 159 163 164 177 178 189
7 126 131 160 167 171 186 188
17 131 133 136 140 141 142 143 147 152 153 156 159 165 167 171 182 183
32 125 126 129 130 131 132 135 137 140 145 146 149 150 152 154 156 157 159 161 162 164 166 168 169 170 171 172 173 175 179 188 189
17 128 129 132 138 141 144 150 156 158 162 165 166 167 173 180 185 186
15 125 128 129 130 135 147 153 156 163 167 169 170 174 176 189
14 132 138 142 146 150 155 161 164 166 168 174 182 186 189
7 125 131 146 170 173 178 182
11 128 137 141 154 165 167 170 175 184 188 189
14 126 127 132 135 152 153 159 163 164 173 177 178 183 189
9 130 131 140 143 156 166 169 170 189
2 135 167
17 127 136 138 141 142 143 149 152 161 164 165 168 169 171 172 173 178
13 126 134 140 141 148 151 159 162 163 168 174 185 186
22 125 126 130 132 134 135 137 140 144 149 151 153 156 158 160 161 165 167 168 170 171 177
11 125 134 136 138 146 160 164 175 177 183 184
8 135 150 153 160 165 175 185 188
4 139 140 146 173
22 125 126 128 131 133 153 154 156 157 159 160 162 169 170 171 173 177 181 184 185 187 188
9 131 150 153 160 161 165 168 175 188
8 136 141 143 144 158 163 176 184
9 130 131 134 140 158 162 174 187 189
17 128 129 135 137 139 143 146 152 154 158 161 162 166 167 179 188 189
16 132 133 144 149 153 154 155 157 159 160 164 166 168 179 185 186
12 128 137 138 141 144 148 165 167 172 182 184 186
20 127 136 141 142 143 151 152 156 159 164 165 169 171 172 173 178 179 181 185 186
18 125 126 127 128 129 130 134 138 142 143 144 146 147 155 171 176 180 187
17 128 132 134 141 144 148 152 155 156 160 162 163 168 173 181 183 189
9 126 131 140 163 167 171 182 186 188
19 133 144 148 153 154 155 156 157 159 160 164 166 168 172 175 180 185 186 188
11 126 127 132 135 152 159 163 164 173 181 183
11 127 134 136 141 143 153 155 163 176 185 187
16 125 126 127 128 131 134 142 151 156 160 169 170 175 178 179 189
19 128 131 132 134 138 141 143 144 152 154 155 156 162 163 164 168 181 183 189
2 140 146
6 150 153 160 168 185 188
15 127 128 130 132 135 143 147 150 155 161 164 178 180 183 185
23 127 133 136 138 141 143 147 152 154 159 163 169 173 174 175 178 180 181 182 183 184 185 189
22 126 127 131 134 136 138 140 141 147 149 150 151 155 156 159 164 169 170 175 176 182 183
34 125 127 128 130 134 135 137 138 139 146 148 149 150 151 154 155 158 161 162 164 166 168 173 175 176 177 179 180 181 185 186 187 188 189
11 132 137 139 141 145 148 156 164 166 181 182
18 129 130 135 145 148 150 151 153 154 156 157 166 169 172 174 175 178 188
11 131 132 134 143 144 148 152 163 164 173 189
19 126 133 134 137 138 144 146 147 151 153 157 159 161 163 164 177 181 182 186
14 125 128 129 130 141 147 156 163 166 168 170 173 176 189
39 125 126 128 129 130 131 132 135 137 138 140 142 145 146 147 148 149 150 151 156 157 159 161 164 165 166 170 171 172 174 175 179 180 181 182 183 186 188 189
10 127 128 133 140 143 148 169 173 176 187
27 125 126 127 128 129 134 135 137 138 139 145 148 150 155 157 158 162 163 164 173 175 176 177 179 181 187 188
11 126 130 135 139 150 157 163 170 174 186 189
18 133 136 138 139 144 145 150 155 159 161 166 167 172 176 185 186 187 188
12 125 126 129 130 132 134 137 157 168 171 188 189
8 130 140 143 148 156 166 170 189
29 125 126 127 132 134 138 145 146 148 149 150 155 157 158 161 162 164 166 168 173 175 176 179 180 181 185 186 187 189
23 125 127 128 130 132 133 134 136 138 141 142 143 145 152 160 164 168 169 175 176 180 181 185
15 125 126 127 128 131 134 141 148 151 165 169 170 178 179 189
19 127 129 131 133 136 148 154 157 159 169 174 175 179 181 182 183 184 185 189
8 128 131 142 145 153 165 169 182
14 125 129 132 141 150 152 156 162 166 167 172 185 186 187
13 129 132 137 140 146 147 154 163 164 168 173 174 184
13 127 134 136 141 143 153 158 163 167 176 178 184 185
24 125 126 128 140 145 147 149 151 153 156 158 159 163 167 170 171 172 176 177 178 180 181 185 187
7 142 157 160 165 172 180 182
7 142 145 153 165 169 170 184
20 127 130 134 136 137 142 143 152 156 159 161 164 169 171 172 173 179 181 185 186
23 125 128 131 132 134 136 137 142 146 152 155 158 159 163 164 165 170 171 177 179 183 184 189
12 127 140 142 149 157 164 165 175 178 180 182 188
15 137 140 144 149 153 154 155 156 158 163 166 170 177 184 188
20 127 133 134 138 140 145 147 148 150 151 153 156 160 165 172 174 176 181 182 183
10 139 141 149 150 152 155 167 172 174 178
29 126 129 130 133 135 136 140 142 145 146 147 149 150 151 153 158 159 166 167 170 174 175 176 177 179 180 184 185 188
8 127 132 141 152 167 174 178 180
8 130 131 134 143 162 170 187 189
8 128 136 144 165 177 180 183 185
16 128 130 132 141 143 147 151 154 155 164 175 176 179 180 183 185
36 125 126 128 131 132 133 135 137 139 140 142 145 146 147 151 152 156 159 160 161 164 166 168 169 171 172 173 174 175 177 179 180 181 182 183 188
25 127 128 135 138 139 140 143 152 153 154 157 163 167 169 170 173 174 176 178 179 181 183 184 186 189
17 125 130 137 141 143 150 152 154 155 157 158 165 170 180 181 188 189
11 127 149 156 159 160 163 172 174 176 183 185
15 125 138 141 144 145 146 156 160 161 162 171 175 177 181 184
7 126 135 137 161 169 173 176
20 132 133 144 148 149 153 154 155 156 157 159 166 171 175 179 180 181 185 186 188
18 126 130 135 140 145 146 151 155 159 161 164 168 169 174 175 176 181 188
12 131 136 138 139 146 148 149 154 155 169 170 184
13 127 140 146 149 156 159 160 163 168 174 176 183 185
7 132 141 149 167 174 178 180
14 127 129 139 145 148 152 154 157 171 173 177 183 184 188
17 127 132 136 138 142 144 146 155 165 166 168 175 179 182 183 186 189
6 132 149 167 172 174 180
21 126 130 131 133 134 138 140 141 142 145 147 149 160 164 168 172 174 175 176 182 183
10 138 140 160 163 167 170 171 182 186 188
15 128 134 135 137 139 140 144 151 153 155 160 167 170 171 177
17 125 130 138 143 147 150 152 155 157 158 165 166 170 175 178 180 181
15 128 130 135 137 151 152 153 162 163 166 167 169 173 176 189
9 126 132 140 145 153 159 177 183 189
7 131 139 150 163 168 170 186
12 127 132 136 147 150 153 156 167 172 176 180 187
16 125 128 130 138 147 150 153 154 155 166 170 173 178 180 181 189
8 128 144 151 177 180 183 185 186
6 133 153 167 177 180 182
21 128 137 138 141 147 150 152 153 154 155 157 158 165 166 170 173 175 178 180 181 188
20 128 129 135 143 149 157 158 160 161 164 166 169 171 175 179 181 183 184 188 189
20 127 129 134 136 137 142 144 146 150 155 161 165 166 168 174 179 182 183 186 189
30 125 126 128 130 131 135 136 137 138 140 141 142 144 146 151 155 158 159 160 162 164 165 166 168 178 180 182 185 187 189
34 125 127 133 135 136 137 139 140 142 145 146 149 150 151 153 157 158 159 161 165 166 167 169 170 171 172 175 176 177 178 182 185 186 188
19 125 129 134 137 141 142 143 147 150 151 157 158 161 166 171 179 182 186 188
10 127 128 134 141 142 151 156 170 178 179
17 126 129 132 137 139 140 146 147 149 159 160 163 168 171 173 179 188
16 127 135 136 141 144 150 151 158 161 174 176 177 180 181 183 185
5 138 144 147 168 185
6 144 151 165 183 185 186
34 130 131 133 135 137 139 140 141 142 143 145 146 147 148 149 152 155 157 158 159 160 161 167 168 170 174 175 176 178 179 181 182 184 187
17 127 128 129 132 133 140 148 149 154 158 166 169 173 176 178 180 187
11 125 129 133 137 139 142 149 152 169 174 184
31 125 126 127 128 130 131 132 134 136 139 141 142 143 145 146 147 148 151 152 160 162 164 168 171 174 175 179 181 185 186 187
14 126 135 137 138 146 147 151 153 154 163 164 175 181 186
16 133 136 143 144 145 149 150 152 158 166 172 176 185 186 187 188
35 125 126 128 129 130 132 134 135 137 139 145 146 149 150 151 155 158 161 162 163 164 166 168 173 175 176 177 179 180 181 184 185 186 188 189
6 129 133 139 167 177 182
6 135 165 168 175 185 188
14 125 133 137 139 146 152 157 159 169 173 174 181 184 187
10 126 128 131 141 142 148 151 165 170 175
20 131 132 134 138 141 144 148 152 154 155 156 160 162 164 168 173 181 183 187 189
30 125 126 128 130 131 135 140 141 143 145 147 149 151 152 153 157 158 159 160 162 167 169 170 171 176 177 184 185 187 188
14 125 126 138 150 153 154 156 162 163 164 171 172 173 188
20 126 127 131 133 141 142 145 147 148 149 159 172 174 176 177 180 181 182 183 187
11 126 130 131 135 139 150 163 168 170 174 189
19 128 129 130 135 139 142 149 154 158 160 161 166 169 175 179 181 183 188 189
17 125 128 131 134 136 137 139 141 146 158 162 163 170 176 179 183 187
10 127 132 139 141 149 150 155 167 172 180
14 127 129 132 134 136 146 161 166 168 175 179 182 183 186
4 153 167 180 182
13 127 140 146 149 159 160 161 163 172 174 179 183 185
28 125 126 127 131 132 136 142 143 145 150 151 152 153 155 157 158 159 160 161 162 163 164 168 171 177 178 179 185
8 128 131 145 165 170 175 182 184
24 126 128 132 134 135 139 140 142 144 149 151 153 155 156 160 161 165 166 167 168 170 171 177 188
7 128 153 169 170 175 184 186
20 127 128 130 132 134 135 143 145 147 150 151 154 155 161 164 176 179 180 183 185
14 131 136 141 142 143 147 159 160 165 170 171 174 178 182
25 127 130 133 134 136 140 141 142 147 148 149 151 153 156 159 160 168 170 172 175 176 177 182 183 187
5 140 144 147 182 185
13 126 134 140 144 148 151 159 162 163 168 174 185 186
13 125 126 127 129 150 154 163 164 169 171 172 173 188
33 125 126 129 130 131 133 134 135 136 142 143 145 150 151 152 153 155 157 158 159 160 161 162 163 164 166 168 177 178 179 180 183 185
4 138 147 168 186
10 128 129 132 148 149 154 165 166 180 187
18 126 129 131 132 133 134 136 139 144 145 148 162 164 169 177 182 184 187
10 137 147 148 165 167 175 182 184 186 189
12 125 126 127 129 153 156 163 164 169 172 173 188
10 127 132 149 150 152 155 167 172 174 180
4 139 146 173 176
23 127 128 134 135 146 150 153 154 157 158 163 167 169 170 171 176 177 179 181 183 184 186 189
16 126 129 131 132 133 139 142 144 145 148 162 164 169 171 182 187
6 125 131 132 140 176 183
17 125 128 130 134 135 139 140 156 158 160 161 165 166 167 168 170 177
19 131 133 136 140 141 143 147 152 153 156 159 160 165 169 171 174 178 182 183
16 126 129 133 143 148 153 154 156 157 160 166 172 174 175 178 188
21 133 135 136 138 144 148 150 151 152 154 155 156 158 161 162 164 166 176 181 183 187
13 138 144 147 149 165 167 170 172 175 184 186 188 189
6 131 150 159 160 165 168
24 125 126 129 130 131 132 133 137 141 142 144 145 147 151 155 156 159 164 165 180 182 185 187 188
30 125 128 130 131 134 136 137 138 141 142 143 144 146 147 151 155 158 159 160 164 165 167 168 176 178 180 181 182 185 187
14 127 128 133 140 143 149 158 165 166 173 176 178 180 187
6 138 144 147 182 185 186
20 134 136 143 150 151 153 155 156 157 158 161 166 168 177 178 179 181 183 185 187
20 127 129 133 139 148 150 154 156 157 161 169 170 171 172 173 175 177 179 183 186
16 130 133 136 138 139 150 152 153 155 159 161 167 176 185 186 188
6 125 126 135 145 169 178
9 127 143 144 153 158 178 184 185 187
23 125 126 128 130 131 134 135 136 137 141 143 147 153 159 160 162 165 167 176 178 182 185 187
3 139 146 176
9 127 136 141 143 144 158 163 167 178
33 130 131 132 133 134 135 137 139 140 141 142 143 146 147 148 149 155 157 158 159 160 161 166 167 168 174 176 178 179 181 184 187 189
16 125 128 129 132 137 139 143 157 158 161 162 166 167 171 178 189
12 127 140 149 156 161 163 172 174 176 179 183 185
25 125 126 129 130 132 137 138 139 145 149 154 158 161 162 164 166 168 172 175 177 181 184 185 188 189
19 128 131 134 146 149 152 155 158 159 164 165 170 171 176 177 179 184 187 189
20 134 135 140 143 146 148 150 154 157 163 166 167 168 170 171 172 174 178 181 189
22 131 133 134 135 139 142 143 148 155 157 158 159 161 166 168 170 174 175 176 178 179 182
20 126 129 130 133 135 145 148 150 151 153 156 157 160 161 166 169 172 174 178 181
24 130 133 134 135 141 142 143 145 147 149 155 158 161 166 167 168 170 175 176 178 179 182 184 189
2 135 167
12 127 140 146 156 159 160 163 168 172 174 179 185
20 127 129 131 133 136 145 146 150 152 154 159 162 169 174 175 179 181 184 185 189
13 139 140 141 145 148 156 163 164 166 178 181 182 183
8 128 141 146 147 152 163 165 182
24 128 129 141 143 145 151 154 155 158 159 161 163 165 168 169 172 175 179 182 183 184 186 187 189
40 125 126 128 130 134 135 137 143 144 146 148 149 154 155 156 157 158 159 161 163 165 166 167 168 169 170 171 172 173 176 177 178 179 180 181 182 183 184 186 187
24 127 132 138 141 144 147 150 153 154 155 157 158 161 163 164 167 170 171 173 178 179 180 185 189
22 125 133 136 137 140 142 144 152 153 156 158 163 166 169 170 173 176 177 178 181 183 185
35 125 127 130 131 133 135 137 139 142 143 145 146 150 151 153 154 156 158 159 161 162 163 169 170 171 172 173 174 175 177 183 184 185 186 187
20 125 127 143 148 150 154 156 157 158 159 162 164 165 168 174 178 179 180 184 186
32 129 131 136 137 138 139 141 142 145 146 148 149 150 154 156 157 159 160 161 162 165 167 169 170 175 177 178 179 180 181 186 189
22 126 128 133 134 136 142 145 148 150 152 153 155 157 159 164 169 174 175 176 181 185 187
21 127 128 129 131 137 139 144 145 153 155 156 160 166 171 177 179 181 182 184 185 189
37 125 126 127 129 132 135 137 142 146 148 149 150 151 153 156 157 160 161 162 164 165 166 167 169 170 173 174 175 178 179 180 184 185 186 187 188 189
23 126 128 132 133 135 137 138 139 145 151 153 156 159 160 162 163 166 174 175 176 180 185 186
30 126 128 129 130 131 133 134 137 138 140 141 142 146 151 152 154 159 160 161 163 167 172 178 179 181 183 185 186 187 188
26 125 127 129 132 137 139 142 145 147 148 153 157 158 160 162 167 169 170 175 177 180 184 185 186 187 188
29 125 128 129 130 131 132 134 135 136 138 142 145 147 155 159 164 165 166 167 170 171 173 174 176 178 179 180 182 187
41 126 130 131 132 133 134 135 137 139 141 142 143 145 146 147 148 149 150 153 157 158 160 162 163 168 169 171 172 173 174 175 176 177 178 180 181 182 183 185 186 187
40 126 127 128 129 131 133 134 135 136 138 140 143 144 149 150 152 157 161 162 163 166 167 168 170 172 173 174 175 176 177 178 179 180 182 183 184 185 187 188 189
43 128 130 132 133 135 136 137 140 142 143 144 146 147 148 152 153 154 157 158 160 161 162 163 164 165 166 167 168 169 170 172 176 177 178 179 180 181 182 184 185 186 188 189
41 125 126 127 128 129 135 136 137 138 139 140 141 142 143 145 146 147 148 149 150 151 152 153 154 156 157 159 165 166 168 172 173 175 176 179 180 181 183 185 186 187
23 125 127 128 129 130 132 138 142 147 149 158 162 166 169 173 175 176 179 181 184 185 187 188
24 127 128 130 131 134 136 141 142 145 146 147 152 155 157 158 165 169 170 173 177 182 183 184 185
31 127 129 132 134 135 140 141 144 146 147 148 149 150 151 153 156 158 159 160 161 162 164 166 167 169 174 175 177 180 186 189
45 125 127 130 131 133 134 135 136 137 138 139 141 142 145 146 147 148 149 151 152 154 156 157 158 159 160 162 163 164 165 166 167 168 169 170 172 174 176 177 179 180 181 182 186 187
36 125 127 128 133 137 138 139 141 143 145 147 149 150 151 153 154 155 156 158 159 162 163 164 165 166 167 169 173 174 175 179 180 181 182 185 189
21 127 132 133 134 140 142 144 150 151 153 158 161 165 169 171 174 180 183 184 186 189
34 126 127 129 130 133 134 135 138 139 143 144 145 147 151 152 154 157 159 160 162 163 164 170 174 175 177 178 180 181 183 185 186 187 188
21 126 128 132 133 136 139 145 147 148 150 152 155 157 164 168 169 172 180 181 182 185
40 125 126 127 129 131 132 134 138 139 140 141 144 145 146 149 150 153 156 157 159 161 162 163 164 165 166 167 168 170 171 172 173 175 176 178 181 182 185 187 189
44 126 127 130 131 134 135 138 139 141 142 143 144 145 146 147 148 149 150 153 154 155 156 157 158 160 163 164 166 167 168 170 171 173 174 175 176 177 178 180 182 183 184 185 187
20 127 128 131 143 144 145 146 153 154 156 159 160 162 164 165 172 173 174 179 188
32 126 129 131 134 136 138 139 141 142 143 144 146 150 153 155 156 158 159 160 161 163 164 166 171 176 178 179 180 181 182 184 189
42 125 128 130 131 132 133 135 136 137 138 139 140 142 143 145 147 148 149 151 152 155 156 157 158 162 164 166 168 169 170 172 173 174 177 179 180 181 183 184 186 188 189
30 125 129 130 131 136 137 138 139 140 142 144 145 146 148 149 150 152 154 157 158 161 166 168 169 171 173 177 183 186 187
41 126 127 132 133 134 135 136 137 138 139 141 142 145 146 148 149 150 151 152 156 157 158 159 161 162 165 168 169 170 171 172 173 174 175 176 180 181 184 187 188 189
31 125 127 132 133 134 136 137 138 139 141 143 147 150 151 154 155 159 160 164 166 168 173 174 175 176 178 180 181 183 184 188
30 126 128 129 130 132 133 134 136 137 139 145 146 147 149 152 154 155 156 158 161 163 166 168 171 175 176 177 178 182 183
45 125 126 127 128 131 132 133 134 135 136 137 138 139 140 141 146 147 153 154 155 156 159 160 161 162 163 164 165 166 167 169 170 171 173 174 176 177 179 181 182 185 186 187 188 189
26 126 127 129 131 138 148 150 152 154 155 156 157 158 159 160 161 165 167 170 176 177 180 181 185 188 189
37 125 126 128 129 130 131 132 133 134 137 138 145 146 147 148 149 151 152 158 160 161 165 166 168 169 170 171 174 175 176 178 180 181 182 183 184 188
27 126 127 134 135 139 140 141 145 148 151 152 154 155 157 161 164 166 169 172 174 175 177 178 180 183 188 189
42 125 126 128 130 131 132 133 135 136 137 138 140 141 144 145 146 148 149 150 153 154 156 157 159 160 161 162 163 165 166 169 172 176 179 180 181 182 183 184 185 186 189
20 127 134 135 136 143 150 152 155 158 161 162 164 167 171 174 176 179 184 188 189
25 125 127 131 137 138 139 140 141 142 143 152 154 160 162 164 165 167 168 169 170 172 175 176 182 189
41 125 127 128 129 130 132 134 136 137 138 139 141 142 143 144 145 146 147 148 150 152 155 156 157 158 162 165 166 168 169 170 174 177 179 180 181 183 184 185 188 189
26 125 129 135 138 142 143 146 150 152 153 156 157 160 161 162 164 168 169 171 172 176 178 182 183 186 189
27 126 127 128 129 132 134 135 136 137 144 148 157 158 161 162 163 165 168 169 175 176 178 182 185 186 187 189
45 126 127 128 132 133 135 136 137 138 139 140 143 144 146 147 149 150 152 154 155 156 159 160 162 163 164 165 166 167 168 170 171 172 173 174 176 177 179 180 181 182 184 186 187 188
44 126 127 129 130 131 132 133 135 136 137 139 140 141 142 143 146 147 148 149 152 153 155 156 157 158 159 162 163 164 166 168 171 173 174 175 176 179 180 181 182 184 185 186 187
25 125 126 129 133 137 139 140 143 144 147 150 154 157 159 160 162 163 168 173 174 177 178 181 182 189
23 129 131 133 135 136 139 141 142 148 149 155 157 160 163 165 166 167 169 170 174 178 184 186
20 125 127 130 131 139 143 146 149 154 155 160 161 168 170 174 175 176 178 184 189
38 125 126 127 128 129 132 134 135 136 140 141 142 144 145 146 147 149 150 152 156 158 164 165 166 167 169 171 173 176 178 179 180 181 182 184 185 188 189
20 125 138 139 145 148 150 154 158 159 162 163 164 166 167 168 169 174 183 184 186
24 125 126 127 128 130 132 133 134 138 140 141 144 146 154 156 165 169 170 171 178 182 184 185 188
34 125 127 128 130 131 132 133 134 137 138 139 144 146 147 150 153 157 158 159 160 161 163 164 165 167 168 170 173 174 176 177 179 182 186
38 126 127 128 131 132 134 138 140 141 142 143 146 147 149 150 151 152 153 154 155 156 158 159 160 161 163 166 168 170 171 172 174 175 178 182 183 185 186
31 126 127 129 130 131 132 133 134 135 141 142 145 148 151 152 153 155 159 160 161 164 166 170 173 175 180 181 185 186 187 189
35 127 129 130 131 132 137 138 139 140 142 144 145 146 151 154 155 156 157 158 160 161 162 163 164 167 168 170 173 175 176 178 182 184 186 188
43 125 126 130 133 134 135 136 137 138 139 141 142 144 146 147 148 151 152 153 154 156 159 161 162 163 166 168 170 171 172 174 176 178 179 181 182 183 184 185 186 187 188 189
34 125 126 127 128 129 130 131 133 134 135 140 141 142 144 145 148 149 153 154 155 156 158 159 160 164 165 166 169 173 175 178 181 182 188
21 126 127 128 131 132 133 135 139 142 149 160 161 167 168 169 170 172 174 185 186 189
39 125 127 128 129 131 136 137 139 141 143 144 145 146 147 148 149 150 152 153 154 157 160 163 164 170 171 172 173 174 175 176 178 181 182 184 185 186 188 189
34 125 126 127 128 130 131 132 134 137 138 140 141 142 143 145 146 150 152 155 159 161 162 163 164 166 168 169 174 176 177 181 183 188 189
24 127 129 130 131 133 134 135 140 141 142 148 149 151 157 158 160 164 173 174 182 183 184 187 188
44 125 126 127 128 129 130 131 133 134 135 136 137 138 139 140 141 144 145 146 148 149 150 152 154 155 156 160 162 163 164 165 166 167 168 169 170 171 174 176 178 179 182 184 188
26 129 133 135 138 145 146 147 149 153 157 158 159 160 162 163 167 173 175 178 180 181 182 183 185 186 188
41 125 126 129 130 131 132 138 141 142 143 144 147 150 152 153 154 155 156 157 158 161 162 164 166 167 168 169 170 171 173 175 177 178 180 181 182 184 185 186 187 188
21 126 129 130 131 138 139 150 152 154 157 161 165 166 173 178 180 183 185 186 188 189
37 125 126 127 129 130 131 134 138 140 143 144 147 148 150 151 152 153 156 157 158 159 160 161 164 165 166 167 170 173 175 176 178 179 180 186 188 189
39 125 126 129 130 132 133 135 138 142 143 144 145 146 147 149 152 154 155 159 160 161 162 164 165 166 169 170 171 172 173 174 176 178 181 182 183 187 188 189
32 126 128 129 132 134 136 139 145 147 148 149 151 152 155 156 157 160 161 164 165 167 169 170 173 175 179 181 183 185 187 188 189
37 125 127 128 132 135 136 137 138 139 140 141 142 146 147 149 152 153 154 158 159 160 161 162 164 165 167 168 172 173 175 177 178 179 180 184 186 187
21 131 132 133 134 135 143 144 146 151 152 158 160 161 162 166 171 172 173 176 185 188
42 125 126 127 128 130 131 132 133 134 137 139 140 141 142 143 145 146 148 149 151 152 153 154 157 159 160 161 162 164 165 166 169 170 171 173 176 179 180 182 184 187 189
39 125 126 128 130 131 132 134 136 141 143 144 145 146 149 153 154 155 157 158 159 162 164 166 168 169 170 171 172 173 175 176 178 181 182 183 184 185 188 189
22 131 134 136 140 141 142 145 151 153 155 160 162 165 167 168 169 172 173 182 183 188 189
23 125 128 129 132 135 136 140 141 143 144 145 150 152 158 160 170 172 178 180 181 185 186 189
30 125 128 134 136 137 139 141 142 144 145 146 147 148 151 155 157 158 159 160 161 163 165 167 169 173 175 184 186 187 188
22 125 131 139 140 142 145 146 147 154 160 161 164 165 167 169 170 171 172 173 179 184 189
45 125 127 129 131 132 134 135 136 137 139 140 142 143 145 146 149 151 153 154 156 160 161 162 163 164 165 166 167 168 170 171 172 173 174 175 176 177 178 179 180 181 183 185 187 189
25 127 134 135 137 141 144 147 149 155 160 161 164 165 166 167 170 171 176 177 178 180 182 183 186 188
36 125 126 129 130 131 134 135 136 137 140 142 143 144 146 148 150 151 153 157 161 164 165 166 168 170 172 177 178 180 181 183 184 185 186 187 189
33 126 127 128 131 132 133 134 135 136 138 139 140 143 147 151 152 154 155 157 158 160 166 167 171 174 176 177 180 182 184 185 186 187
40 126 127 128 129 130 131 132 133 134 135 136 139 140 141 143 147 150 152 154 155 157 160 162 164 166 168 170 172 173 175 177 179 180 181 182 184 185 186 188 189
26 125 126 129 133 138 140 142 143 146 147 150 151 152 159 167 171 173 177 178 179 180 181 182 183 184 189
32 125 128 131 132 133 134 137 141 142 147 148 151 154 157 158 159 160 161 162 164 166 169 171 172 177 178 179 181 182 184 185 186
41 125 127 128 129 132 133 134 135 137 138 139 140 141 143 144 145 146 147 148 149 150 151 152 153 155 156 157 159 164 167 171 172 173 176 177 179 181 182 183 185 186
33 125 126 127 129 131 132 137 139 140 141 142 143 147 148 152 155 161 162 163 166 172 174 175 176 178 180 181 182 183 184 186 187 188
42 126 130 136 137 138 140 141 143 144 145 146 147 148 149 150 151 152 154 155 156 158 159 160 161 162 163 165 168 169 170 172 173 174 175 176 178 179 180 181 183 184 187
39 125 126 127 128 129 130 131 133 135 136 138 140 143 144 146 148 150 152 155 157 158 160 161 162 165 166 167 168 169 172 173 174 176 180 181 183 184 185 186
21 129 131 133 135 136 138 145 147 148 150 151 152 155 159 168 170 175 180 182 186 188
35 126 128 132 135 136 138 141 143 144 146 147 148 149 151 152 157 160 161 163 164 165 167 168 171 172 175 176 177 178 180 182 186 187 188 189
26 126 128 131 132 135 139 141 149 150 151 153 154 158 159 166 167 172 174 175 176 178 180 182 183 188 189
22 129 131 132 133 136 141 147 148 153 158 160 161 162 164 166 169 170 173 176 177 179 185
39 125 126 127 129 130 131 132 133 134 135 137 138 140 142 143 144 148 150 154 155 156 157 160 162 164 165 166 170 171 174 175 176 179 180 182 183 184 188 189
35 125 128 130 132 134 135 136 137 141 143 145 146 148 149 152 155 156 157 164 165 166 167 169 170 173 176 177 178 179 180 182 183 184 186 188
42 125 126 127 129 130 131 134 136 138 139 140 142 143 144 146 147 148 152 153 154 156 157 158 160 162 163 164 165 168 169 171 172 175 176 178 180 181 183 186 187 188 189
22 126 127 129 136 140 150 151 156 158 159 163 164 170 171 172 173 176 178 179 183 184 186
28 126 128 130 132 134 135 138 139 140 142 143 145 147 150 153 155 157 159 160 163 164 165 168 175 177 180 184 186
43 125 126 127 128 132 133 135 136 137 138 140 141 142 145 146 148 152 155 158 159 160 162 163 164 166 167 168 169 170 171 173 174 175 177 178 179 181 182 183 185 186 188 189
32 127 129 130 131 132 135 136 137 138 140 142 143 144 146 148 149 150 154 155 157 158 159 164 169 172 174 175 179 181 182 187 188
19 125 126 133 139 140 142 145 148 151 152 153 162 163 178 179 181 182 184 188
31 125 126 128 132 134 135 141 142 143 144 146 151 152 154 157 159 160 161 163 164 165 166 171 172 181 182 183 184 186 187 188
20 126 127 131 135 147 150 155 156 158 159 160 162 165 166 169 172 173 175 176 182
33 128 130 131 132 134 135 139 140 143 145 146 148 150 151 152 156 157 158 159 161 163 165 166 172 173 176 177 178 179 181 182 183 187
32 126 131 133 134 135 137 139 141 142 145 146 147 149 150 153 158 159 160 161 164 165 168 174 175 176 178 179 180 182 185 186 189
38 126 127 130 132 133 135 137 138 140 143 149 153 154 155 157 158 159 163 164 165 166 168 169 170 171 174 175 176 177 178 179 180 182 183 184 185 187 188
30 125 127 132 135 137 138 141 142 143 145 146 147 148 149 150 152 155 157 158 160 163 164 169 173 174 175 177 181 188 189
26 125 126 127 136 137 138 143 144 145 146 148 150 153 155 159 161 162 163 170 172 179 180 181 183 185 188
33 126 127 128 129 132 135 138 141 143 144 145 146 149 154 158 162 163 165 167 168 169 171 172 173 175 177 178 179 180 182 183 186 189
25 128 130 131 136 137 139 140 145 152 153 154 157 162 164 166 168 170 171 172 174 177 179 181 182 186
26 125 126 128 129 131 132 133 136 139 142 143 144 145 146 147 149 150 161 165 166 167 173 177 182 184 188
36 127 129 131 134 137 138 140 141 142 143 144 147 151 152 153 155 157 159 163 164 165 166 167 169 171 173 174 175 176 178 179 180 181 184 187 189
20 129 133 137 144 147 151 156 160 161 163 164 168 171 173 178 182 183 186 188 189
30 125 127 129 130 132 135 137 141 144 145 149 155 159 160 161 162 164 166 167 169 172 174 175 176 178 179 180 184 187 188
22 126 130 131 132 136 138 142 155 158 159 160 163 164 165 166 168 173 177 180 182 184 189
21 128 135 136 138 139 140 145 151 152 154 156 161 162 172 173 175 177 178 179 182 184
37 126 127 128 129 130 132 133 134 135 137 140 144 148 149 152 153 155 157 163 164 165 166 167 168 169 170 171 172 174 178 181 184 185 186 187 188 189
20 125 126 127 138 144 145 147 150 155 156 157 160 162 165 176 180 184 187 188 189
22 130 136 139 140 141 142 143 146 147 154 158 159 160 161 165 172 173 177 179 184 185 189
27 127 132 133 135 136 139 144 146 147 148 149 150 157 158 161 163 164 165 170 171 172 174 179 180 185 186 189
39 125 129 131 132 140 142 144 145 146 148 150 153 155 156 157 159 160 163 166 167 168 169 170 171 172 174 175 176 178 179 181 182 183 184 185 186 187 188 189
28 128 131 132 133 134 136 138 139 140 142 145 146 147 151 154 158 160 162 165 166 167 168 169 173 175 179 182 188
23 126 130 131 136 137 139 142 143 145 147 152 155 156 159 165 166 168 169 174 181 182 188 189
29 125 135 136 137 138 141 142 146 147 148 150 156 158 159 161 166 167 168 171 172 174 175 179 180 182 184 186 188 189
24 128 130 131 133 135 137 139 140 144 156 159 160 161 163 170 171 173 174 177 178 179 181 182 183
39 126 127 128 130 131 133 134 135 136 138 139 141 142 143 144 145 146 147 148 149 152 153 158 159 160 164 167 168 169 170 172 175 176 180 181 183 184 186 187
30 129 130 131 135 136 137 138 141 142 145 149 152 154 155 158 163 165 166 167 169 170 171 173 174 176 178 179 185 186 187
26 125 126 130 131 136 138 140 142 143 147 150 151 152 154 158 163 166 169 170 174 179 182 184 187 188 189
27 133 135 137 138 139 143 144 145 148 149 151 155 156 157 158 160 162 165 169 170 171 174 176 179 180 187 189
41 125 127 128 129 130 131 132 134 135 138 139 140 141 142 143 144 146 147 150 151 153 156 157 158 162 164 165 166 169 172 173 174 175 178 181 182 183 184 185 186 188
39 125 126 127 130 131 132 133 134 135 136 141 142 144 145 147 149 150 151 152 153 155 157 158 159 160 168 170 173 174 175 177 178 179 180 181 184 185 187 189
44 125 127 128 131 132 133 135 136 137 138 139 140 142 147 148 149 151 152 155 156 157 159 160 162 164 166 167 168 169 170 171 172 173 175 176 178 179 180 182 183 184 185 186 187
33 126 127 128 129 130 133 135 137 138 141 145 147 148 150 151 155 156 158 159 160 163 164 165 166 167 171 172 176 177 180 182 187 189
27 125 127 129 130 132 137 140 141 144 146 147 148 149 150 152 158 162 163 166 167 170 174 177 178 182 185 189
45 127 130 131 134 136 137 138 139 140 141 142 143 144 146 147 148 150 151 152 153 154 155 157 159 161 162 164 165 166 167 168 169 170 171 173 176 178 179 180 181 182 183 184 186 187
41 125 126 127 131 132 133 135 137 138 139 140 141 143 144 146 147 148 151 153 155 156 159 160 163 164 166 168 171 172 173 175 178 179 180 181 182 183 184 186 188 189
40 126 128 130 131 132 135 136 137 138 139 140 142 144 145 146 147 148 149 153 154 156 158 161 163 165 166 167 169 170 171 177 178 180 183 184 185 186 187 188 189
28 126 127 128 129 130 132 136 137 141 142 143 144 147 150 151 152 158 162 163 165 168 171 176 177 178 180 181 186
44 125 126 127 129 130 131 132 133 134 136 138 139 140 141 142 143 144 145 146 147 148 149 153 156 158 159 160 162 164 166 167 168 170 172 174 175 176 177 179 180 182 185 186 189
44 125 126 127 130 131 134 136 137 138 139 140 142 143 144 146 147 148 149 150 151 154 155 157 158 160 161 162 163 164 165 167 169 172 173 174 175 176 178 180 182 183 185 187 189
31 127 128 129 131 135 136 138 140 141 142 143 145 146 148 150 152 154 155 162 163 165 168 169 174 175 176 179 181 186 187 189
27 133 138 139 140 145 146 147 150 152 154 156 159 163 165 166 167 169 170 171 179 180 181 183 184 185 186 187
24 128 129 130 131 133 134 138 140 147 155 156 159 161 164 166 170 172 173 174 179 180 181 182 184
27 125 135 139 146 150 151 154 155 156 158 159 164 165 167 168 170 173 174 176 179 180 181 182 186 187 188 189
41 125 126 129 130 131 132 133 134 135 136 138 141 142 143 144 145 146 147 148 152 153 155 158 160 165 167 170 171 172 173 174 175 176 177 178 180 183 184 187 188 189
27 125 129 131 135 137 138 146 148 149 150 151 152 154 157 158 161 162 165 166 168 175 178 180 181 184 187 189
36 125 128 130 131 135 136 137 143 144 145 146 147 150 152 153 154 156 157 158 159 162 163 165 166 168 172 173 175 176 179 180 181 182 184 186 188
38 126 130 131 133 135 137 139 140 141 143 145 146 148 149 150 153 154 155 156 157 158 160 161 162 164 165 166 168 169 170 173 181 182 183 185 186 187 188
31 126 129 130 132 133 136 138 145 148 150 153 154 155 156 157 158 159 162 164 165 166 171 172 174 175 176 178 180 183 184 189
34 125 130 131 132 133 135 137 138 140 141 145 146 148 151 156 158 159 160 162 163 164 166 169 170 171 173 174 176 177 178 179 182 188 189
21 126 129 134 138 141 142 143 144 154 158 162 163 166 168 178 181 183 184 185 186 189
43 125 127 128 129 130 131 132 133 135 136 138 139 140 141 142 143 145 147 149 153 154 155 156 157 158 160 161 163 164 169 171 172 173 174 175 176 177 180 182 184 185 187 188
43 125 126 128 129 130 131 133 134 137 138 139 140 141 142 143 146 147 149 150 152 153 155 156 157 158 160 163 165 166 167 168 170 171 172 173 174 177 179 181 182 184 186 188
36 125 127 128 129 130 131 132 133 135 136 137 138 140 141 143 145 146 149 150 151 153 154 156 157 159 162 166 167 168 173 179 182 184 185 186 188
35 131 132 134 136 137 138 140 141 143 144 146 148 150 153 154 156 157 158 159 160 162 164 166 167 168 169 172 173 174 175 179 180 183 186 188
42 125 128 131 132 134 135 136 137 139 140 142 144 145 147 148 149 150 151 152 153 155 157 158 159 160 162 163 164 166 168 169 173 174 176 177 178 180 181 182 184 185 187
39 125 127 129 130 133 134 135 137 138 139 140 141 143 144 145 146 147 148 150 152 154 155 157 159 160 161 162 163 168 169 171 174 179 180 181 182 183 185 187
35 128 129 130 131 135 137 138 139 140 142 146 147 151 154 155 157 161 162 163 164 165 166 168 169 170 171 173 178 179 181 182 183 185 186 188
35 130 135 136 137 139 142 143 145 146 147 148 149 150 151 152 153 155 156 159 160 163 164 167 173 175 176 178 179 181 182 184 185 187 188 189
25 125 133 134 139 140 144 151 152 153 154 156 160 164 165 166 168 170 171 173 175 178 181 182 183 187
26 127 128 132 135 138 144 146 148 149 154 155 158 160 162 163 164 167 170 174 175 181 182 183 184 187 189
43 127 128 129 130 131 132 133 134 135 136 137 139 143 144 145 146 147 148 153 154 155 157 158 159 161 162 163 164 166 170 171 172 173 174 175 177 178 180 182 183 187 188 189
25 126 129 130 137 140 148 150 154 156 157 159 167 168 169 173 174 178 181 182 183 184 186 187 188 189
33 125 128 131 132 135 136 139 142 144 146 147 148 149 153 154 156 158 161 162 167 170 172 175 176 178 180 181 182 183 185 186 187 189
32 125 126 127 128 132 134 135 136 137 138 139 140 141 145 150 153 158 159 160 162 163 164 165 166 169 171 174 175 177 178 179 189
23 127 128 131 132 135 137 142 146 147 151 154 155 156 158 159 163 168 169 174 175 176 181 186
40 126 128 129 130 131 134 135 136 137 139 140 142 144 145 146 147 148 150 151 153 154 156 158 159 160 161 163 164 165 168 169 172 173 175 176 180 182 186 187 189
35 125 126 129 134 135 137 138 139 140 142 143 144 145 148 149 150 151 152 154 157 158 159 160 163 167 168 169 172 176 177 179 181 186 187 189
23 133 134 141 147 151 153 154 157 160 163 166 169 172 173 174 175 176 177 178 182 184 186 189
29 126 128 129 130 132 133 136 140 144 147 150 151 154 156 158 159 160 161 163 165 166 174 175 178 179 181 182 183 184
19 127 128 129 131 143 148 149 152 153 156 157 159 162 166 167 172 177 182 186
23 129 130 131 132 138 139 140 151 156 157 159 161 163 167 168 169 170 171 176 178 179 183 186
35 126 127 128 129 131 132 133 134 136 139 142 144 145 146 147 148 149 150 151 152 153 156 158 160 165 168 172 173 177 180 181 182 187 188 189
19 126 128 130 133 137 138 141 144 146 151 152 163 164 166 169 170 176 178 182
37 126 127 128 129 130 131 132 134 137 138 139 140 142 146 148 149 150 152 153 154 156 158 161 163 164 165 166 168 169 174 177 180 182 183 185 186 189
25 126 128 129 130 131 132 134 146 148 149 151 152 153 156 160 161 162 165 171 175 180 181 185 186 187
19 125 128 130 131 132 135 138 140 148 150 163 165 172 175 176 179 181 185 186
30 131 132 134 135 136 142 143 144 147 148 149 151 155 156 159 162 163 165 168 169 174 175 176 177 178 180 182 183 184 186
22 131 136 137 138 142 151 152 153 154 157 159 160 161 162 165 169 171 173 175 177 188 189
31 125 127 128 129 130 131 136 138 139 142 143 149 150 152 153 154 157 158 159 160 161 162 164 166 167 171 178 180 183 187 188
36 125 127 128 130 131 132 134 136 137 138 139 140 142 143 144 146 147 148 159 161 162 164 165 166 167 168 171 172 173 174 176 182 184 186 187 188
21 125 127 135 142 145 147 154 155 158 161 165 170 171 173 174 175 177 180 181 186 187
24 129 135 136 138 140 141 145 149 150 151 152 155 156 157 160 162 166 168 171 172 173 177 185 186
25 125 128 129 130 132 134 135 141 144 145 149 151 153 154 155 160 163 170 173 176 179 182 183 184 189
25 125 127 128 129 130 138 141 142 143 144 146 147 148 151 152 154 155 156 172 173 176 180 182 186 188
23 126 128 129 131 135 136 138 147 150 151 154 156 159 160 161 165 166 173 180 182 183 188 189
36 126 129 132 133 135 137 138 140 141 144 145 146 147 148 150 156 160 161 162 163 165 166 168 169 170 172 173 175 176 177 178 179 180 181 187 189
30 129 133 137 138 142 146 148 149 150 151 152 158 161 162 163 164 165 166 168 169 173 174 177 179 180 181 182 183 186 187
29 128 132 136 138 141 144 147 151 152 153 154 155 156 157 158 163 164 167 171 172 177 178 179 180 182 183 185 186 189
24 126 130 133 135 138 141 146 148 151 155 158 160 161 165 166 169 174 176 180 183 185 186 187 188
26 126 129 130 132 134 136 141 145 146 149 151 152 157 158 162 169 173 175 176 178 179 183 184 185 187 189
42 126 127 129 130 132 133 134 135 136 137 138 140 141 142 143 144 145 146 148 149 150 151 154 155 156 157 158 159 160 161 163 164 168 169 172 177 178 180 181 183 185 186
23 128 132 141 142 145 146 147 149 150 151 154 160 161 163 164 165 167 170 171 180 181 182 184
39 125 126 127 128 131 132 134 137 139 140 142 144 145 146 149 150 151 152 153 157 159 160 162 163 164 166 171 174 175 176 178 179 182 183 184 185 186 188 189
33 126 129 132 133 134 135 138 141 142 147 150 151 152 153 155 156 157 158 163 164 165 166 168 169 170 171 172 173 174 176 180 181 189
33 125 127 129 130 133 134 136 137 138 141 142 144 149 150 151 152 158 159 164 165 166 169 170 173 174 176 179 180 181 182 186 188 189
44 125 126 127 129 131 132 133 134 136 137 138 141 142 143 144 145 146 148 149 150 151 153 154 155 157 158 160 161 162 164 165 166 168 171 173 176 177 179 181 182 183 185 188 189
40 126 128 129 132 133 134 138 139 140 141 142 143 144 147 149 151 152 153 154 157 158 159 161 162 164 165 166 167 170 171 176 177 178 180 182 184 185 187 188 189
36 125 128 129 130 131 133 135 137 141 142 143 146 151 152 154 155 156 160 163 166 168 170 171 173 174 175 176 177 178 179 180 181 182 184 186 187
22 125 129 138 140 141 145 148 150 152 153 154 159 161 163 165 166 169 177 179 180 181 186
41 128 131 133 134 135 139 140 141 142 144 146 147 148 150 151 152 153 155 156 157 159 160 162 163 166 167 169 173 174 175 176 179 181 182 183 184 185 186 187 188 189
44 125 126 127 129 130 131 132 133 134 135 138 139 140 141 143 146 147 148 150 151 153 157 159 160 161 163 165 166 167 168 170 172 173 174 175 177 178 179 180 182 183 186 187 189
37 125 127 129 131 133 134 135 139 140 141 142 144 145 146 147 152 153 154 155 157 158 162 164 172 174 176 177 179 180 181 182 183 184 185 186 187 188
42 126 128 130 131 134 136 138 139 140 142 144 145 146 147 148 149 152 153 154 155 157 159 160 161 163 164 165 166 167 173 176 178 179 180 181 182 183 184 185 186 188 189
19 126 128 136 142 144 147 149 150 152 154 157 159 160 170 173 181 184 188 189
25 125 129 130 132 133 134 142 144 145 146 147 149 154 167 168 170 173 174 176 177 179 180 181 185 189
22 126 130 132 136 139 141 142 149 152 153 156 161 164 167 170 176 178 179 182 185 187 188
23 131 132 133 136 139 140 143 145 146 147 152 154 155 163 165 167 168 173 175 177 178 183 186
22 127 129 135 147 149 152 157 161 162 163 165 166 167 168 170 171 172 178 182 185 186 189
41 125 126 127 128 129 130 131 132 134 137 138 139 140 141 142 143 147 149 151 155 158 159 160 161 163 164 167 168 169 170 173 174 176 179 181 182 183 184 186 188 189
39 126 127 128 129 130 133 134 135 136 137 141 144 145 146 147 151 153 154 156 157 158 161 166 167 170 171 172 174 175 176 178 179 182 183 184 185 186 187 189
28 125 126 128 129 132 134 138 140 141 142 143 144 145 146 149 154 155 159 163 168 171 175 177 179 182 184 187 189
33 125 126 128 129 130 132 135 138 139 140 141 143 144 145 146 148 149 152 153 156 158 160 161 164 166 172 173 175 177 179 180 181 189
19 126 131 135 137 141 142 143 144 148 149 151 155 158 162 163 167 168 173 175
35 125 127 129 130 133 136 141 142 143 145 146 149 153 154 156 157 158 159 160 161 162 163 164 165 166 168 170 172 176 178 179 181 182 185 189
40 125 126 128 132 133 135 136 137 138 140 141 142 143 146 149 150 151 152 153 155 156 159 160 163 165 167 168 169 171 172 173 174 176 177 178 179 183 186 188 189
24 131 135 136 137 138 143 144 149 153 156 157 158 160 161 162 163 173 175 178 179 181 185 186 188
31 126 129 133 134 135 137 138 139 141 142 143 150 151 154 158 159 160 162 163 165 167 168 170 173 174 175 177 180 184 187 189
20 129 135 136 138 141 142 143 149 153 154 155 163 164 165 173 175 176 177 185 189
38 125 126 128 131 132 134 135 136 141 142 144 147 149 150 151 155 157 158 161 165 166 167 168 170 172 173 175 176 177 178 179 181 182 183 185 186 187 188
21 129 130 131 134 135 136 143 146 148 155 160 161 167 173 177 179 181 182 184 185 186
24 125 128 131 134 136 138 139 140 146 148 152 153 156 158 160 164 165 167 168 177 178 180 181 187
33 127 128 129 130 133 136 137 138 141 143 144 146 149 150 151 152 154 155 156 157 158 164 167 168 169 175 176 177 181 182 183 185 186
28 127 128 129 134 135 136 137 139 140 143 144 146 147 148 149 151 152 153 155 156 166 169 178 179 181 182 185 189
42 126 127 128 129 130 132 133 135 136 138 139 140 141 142 143 144 146 147 150 151 152 155 156 158 159 161 162 163 164 165 168 169 171 172 173 176 177 180 183 185 187 188
29 125 126 129 132 133 134 139 143 145 146 148 150 151 153 155 158 159 160 162 165 167 169 170 178 181 182 183 185 187
27 126 131 134 136 137 140 142 147 148 150 151 152 154 155 156 157 158 159 160 163 164 172 173 174 175 183 189
23 126 127 130 132 136 137 141 145 147 149 151 152 156 159 161 162 167 168 171 178 182 186 188
21 127 132 134 136 143 145 147 150 151 161 164 165 166 171 172 174 175 176 178 179 186
31 125 127 128 130 131 133 142 143 147 149 150 151 153 154 155 157 158 159 162 164 166 168 170 173 178 179 181 183 185 186 188
20 129 134 141 143 144 150 154 155 156 157 158 159 161 162 171 175 179 186 187 189
38 126 127 128 129 131 133 135 137 138 142 143 149 150 151 154 155 159 163 164 166 167 168 169 170 173 174 175 176 177 178 181 182 183 184 185 187 188 189
36 125 126 128 129 130 131 134 137 138 142 145 146 147 150 152 153 154 155 157 158 159 160 163 164 165 167 169 171 172 176 178 179 180 182 186 188
33 129 130 133 134 135 137 138 139 141 149 154 156 158 160 161 162 163 164 165 167 169 170 171 172 173 174 176 177 181 183 185 188 189
22 125 126 131 134 136 137 141 146 148 153 155 158 163 169 170 171 173 179 181 182 185 187
31 125 126 129 132 133 136 139 142 144 145 146 149 152 153 156 157 158 159 162 163 164 165 168 173 174 176 178 179 180 183 188
40 125 127 129 132 133 134 135 136 139 140 141 142 143 144 145 146 147 149 150 154 156 158 159 160 166 167 168 169 170 171 172 173 175 176 179 180 184 185 186 188
29 129 130 131 132 133 136 140 143 144 145 148 149 151 153 155 161 162 164 165 168 169 170 171 172 173 178 182 184 187
40 125 129 130 131 132 133 134 135 136 137 138 139 143 145 146 150 152 153 154 156 160 161 162 163 164 165 168 169 170 171 172 174 175 177 179 181 184 185 188 189
24 125 126 130 135 137 142 143 145 150 152 154 155 159 162 165 166 169 172 174 176 177 180 184 186
20 126 128 130 132 133 142 145 151 159 163 167 168 170 171 173 174 181 184 186 188
43 125 126 127 128 130 132 133 135 136 139 141 142 144 145 146 148 150 152 155 158 159 161 162 163 164 165 166 167 169 172 173 174 176 178 179 180 181 182 183 184 185 187 189
38 125 127 128 130 131 133 134 139 142 145 147 148 149 150 154 156 157 158 159 160 162 163 165 166 167 168 169 171 173 174 177 178 179 182 183 185 188 189
19 132 135 141 142 147 148 149 153 154 157 165 167 169 173 176 180 182 187 189
19 127 131 135 136 137 143 151 153 154 159 160 163 170 171 173 175 176 184 186
26 125 126 127 128 130 138 141 142 144 146 148 149 152 153 156 161 162 163 164 165 169 175 178 183 185 187
42 125 126 127 128 129 130 131 134 136 138 139 140 141 142 145 146 147 149 150 151 154 155 156 158 159 160 165 167 168 171 172 173 174 176 177 178 182 183 184 186 188 189
22 129 130 131 133 135 138 140 142 143 145 148 150 151 156 161 162 174 175 180 184 185 189
31 125 129 133 134 135 137 142 143 146 147 150 151 152 153 155 156 157 158 159 160 165 170 171 173 176 179 180 184 185 187 189
37 125 129 132 133 134 135 136 138 141 145 146 147 149 150 152 153 154 155 156 157 159 160 162 163 164 165 167 169 170 171 177 178 182 184 185 186 188
28 125 130 134 135 136 138 143 147 148 152 158 159 160 163 164 167 168 174 175 176 177 180 181 182 184 185 186 189
43 125 126 127 128 130 132 135 137 139 140 143 145 147 148 149 150 151 153 154 155 156 158 160 162 164 165 166 168 169 170 172 173 174 175 177 178 179 180 181 182 186 188 189
43 126 128 129 131 132 134 137 139 143 144 145 147 149 151 152 153 154 155 157 158 159 160 161 162 164 169 170 171 172 173 174 175 176 177 179 180 181 182 184 185 186 187 188
24 125 127 129 136 139 140 142 144 147 148 149 153 157 158 164 168 169 172 173 176 178 183 186 187
29 126 129 130 131 132 141 142 144 145 150 151 152 157 158 162 163 165 166 167 169 170 171 174 178 181 182 184 186 189
38 125 131 132 133 136 137 138 141 142 143 144 145 146 149 150 152 153 154 155 158 159 160 162 167 168 171 172 174 176 177 178 179 184 185 186 187 188 189
36 125 126 127 128 129 130 131 133 134 135 136 137 138 141 142 144 146 148 149 152 155 159 160 162 167 172 174 176 179 181 182 183 184 185 186 188
34 126 127 128 131 132 134 136 140 142 143 146 147 149 152 153 155 156 160 161 162 165 166 168 169 170 175 176 182 184 185 186 187 188 189
30 126 128 129 131 134 136 139 140 141 143 144 146 147 148 151 152 155 160 162 164 165 168 170 174 175 177 180 184 188 189
33 129 130 131 133 134 135 136 137 138 139 140 143 148 149 150 152 153 156 160 165 168 169 172 173 174 177 178 181 182 185 186 187 189
32 125 127 128 138 140 141 142 145 146 147 150 152 155 157 159 162 165 166 167 168 169 170 171 172 174 175 178 179 180 183 184 186
20 131 133 134 137 141 146 149 152 155 156 161 164 165 166 170 175 179 181 184 188
21 126 130 134 140 144 145 148 149 151 155 157 161 163 166 168 175 177 179 182 185 189
23 125 126 127 133 135 139 145 150 153 157 160 163 165 166 167 169 171 172 178 179 184 185 187
41 130 132 133 134 136 137 138 139 140 141 142 143 145 146 147 148 149 152 153 154 156 159 160 161 164 165 166 167 169 170 171 176 177 179 181 182 183 184 185 187 189
23 128 129 140 146 148 153 154 157 158 159 165 166 167 168 170 171 174 175 177 178 179 186 187
32 125 126 127 128 129 130 132 133 135 138 146 148 151 154 158 159 160 164 166 169 171 172 173 174 178 180 181 183 184 185 187 188
29 130 132 135 137 140 141 142 145 152 154 155 160 161 162 163 165 168 171 173 175 176 177 178 180 181 183 184 187 188
44 125 126 127 128 129 131 132 133 134 135 136 137 138 139 144 145 146 147 148 150 151 152 154 155 156 157 158 159 160 161 164 165 167 168 169 172 174 175 177 179 180 183 186 189
29 127 128 131 134 135 136 137 138 141 144 146 153 154 155 156 157 159 160 161 163 165 170 172 174 175 177 178 186 188
41 125 126 127 128 132 133 136 137 138 139 140 141 143 145 148 150 153 154 156 157 158 160 161 164 165 166 167 168 169 170 174 175 176 177 182 183 185 186 187 188 189
43 125 126 127 128 129 130 131 132 134 135 137 138 139 140 141 142 146 147 148 150 151 152 154 156 157 158 159 161 163 164 165 166 167 168 170 171 172 174 178 179 182 184 187
37 125 128 132 133 135 137 138 143 146 150 151 152 153 154 155 158 160 161 162 163 164 165 166 167 169 170 173 174 175 176 177 178 180 182 185 187 189
30 129 131 132 133 134 135 136 137 142 143 144 145 148 152 156 158 160 165 166 168 169 171 172 173 174 175 178 181 182 186
31 128 129 133 134 136 137 139 141 144 148 149 152 153 154 159 160 162 163 164 165 168 169 172 174 175 177 180 181 182 183 185
23 133 134 138 139 145 150 152 153 156 157 158 160 161 163 164 165 168 171 174 177 184 186 189
40 125 127 129 130 131 132 133 134 135 136 137 138 139 145 147 148 149 150 151 153 154 155 156 158 160 162 164 165 168 169 171 172 173 174 176 177 179 180 181 189
35 126 128 129 131 132 135 137 139 140 141 143 145 146 147 150 151 156 157 159 160 162 163 164 165 166 168 170 171 173 174 176 178 184 187 188
34 126 129 130 132 135 137 138 139 140 141 143 146 148 149 151 152 154 157 158 159 164 165 166 168 171 172 174 175 177 181 184 186 188 189
40 126 127 128 129 130 131 132 136 139 140 141 144 145 146 147 148 151 153 154 156 157 158 159 160 161 165 166 168 169 172 174 175 176 178 181 184 186 187 188 189
37 125 128 129 130 131 132 133 135 137 140 142 144 145 149 150 153 154 156 160 161 163 165 167 168 169 170 173 174 175 177 178 179 184 186 187 188 189
20 127 131 133 134 141 143 149 152 153 157 166 167 168 172 173 175 176 178 179 184
28 128 129 130 132 133 136 139 142 150 152 153 154 155 158 162 166 168 169 170 172 174 175 176 180 181 182 183 186
35 125 126 128 129 133 134 135 136 137 142 145 147 148 149 155 157 158 159 161 162 163 164 165 166 167 172 175 178 180 181 183 184 185 187 189
23 127 129 133 138 139 142 146 148 151 154 156 157 160 168 176 177 181 182 183 185 187 188 189
29 127 132 133 135 139 140 143 144 145 148 149 153 154 155 156 158 160 162 163 164 167 169 170 173 175 177 181 182 185
34 125 127 130 131 132 133 134 135 136 138 142 143 144 147 148 150 152 154 155 159 160 163 166 167 168 169 173 174 176 177 179 182 187 188
42 125 126 127 130 132 133 134 135 136 138 139 141 142 143 145 146 147 149 150 151 152 157 159 161 167 168 169 171 172 174 175 176 177 178 179 180 182 183 185 186 187 188
37 125 126 127 128 129 132 133 134 135 136 139 140 142 144 145 151 154 156 158 160 162 163 164 165 167 168 171 173 174 175 177 179 180 182 183 185 187
39 125 126 129 130 133 135 136 137 138 141 142 143 144 145 146 148 149 151 154 155 156 158 160 163 164 165 167 168 169 173 174 176 177 178 184 185 186 187 188
41 125 126 127 128 129 131 132 133 134 135 136 138 141 142 143 144 152 154 156 157 158 159 160 161 162 163 164 166 168 169 170 171 172 174 175 176 177 180 186 187 189
41 128 129 130 132 135 136 137 138 140 142 143 145 146 147 148 150 151 153 155 156 157 158 159 161 162 164 165 166 167 168 171 173 174 177 178 179 181 185 186 187 188
20 136 138 139 142 144 145 150 151 153 154 155 156 158 160 164 170 174 187 188 189
41 125 126 127 128 130 132 134 135 136 137 138 140 144 145 147 148 152 153 154 155 156 158 160 162 165 166 167 168 169 170 171 172 173 174 175 180 181 183 184 185 189
26 125 126 128 131 132 134 139 140 142 143 148 151 152 155 158 162 163 165 168 169 170 173 174 178 184 185
21 128 129 133 138 139 140 142 150 154 160 161 164 165 168 169 170 173 176 177 184 185
32 126 128 130 131 132 133 134 136 137 140 141 142 146 147 148 149 150 152 153 155 157 160 162 165 166 168 173 176 178 181 185 187
27 126 128 129 133 136 137 138 140 141 149 152 156 159 160 165 166 167 168 170 172 173 176 177 179 181 185 188
36 126 128 129 130 132 134 135 136 139 140 141 142 143 144 147 149 150 152 153 154 160 161 162 163 165 166 170 171 174 175 177 179 181 183 184 189
21 127 132 136 139 140 141 142 143 145 146 149 151 157 165 168 170 171 173 176 177 180
38 125 127 128 129 131 132 134 135 136 139 140 141 142 143 146 147 148 149 150 151 152 154 158 160 161 165 167 168 169 170 171 172 183 184 186 187 188 189
28 125 128 130 131 135 139 141 144 145 146 150 152 153 154 157 159 160 164 166 167 169 171 172 173 181 182 184 189
34 125 127 130 131 132 135 137 138 139 141 142 143 148 150 151 152 153 155 156 165 166 167 168 169 171 172 173 175 177 178 179 182 188 189
21 128 133 136 141 142 149 151 155 161 163 164 170 173 175 176 178 179 184 186 187 189
36 125 128 131 132 136 138 139 141 142 143 146 147 148 149 150 151 152 153 157 159 161 162 163 165 166 169 171 172 174 175 177 178 181 184 187 188
43 126 127 128 130 131 132 134 135 136 138 140 141 145 147 148 149 150 152 153 154 156 157 158 160 161 162 163 166 167 168 171 172 173 174 176 178 179 180 182 183 184 186 189
42 125 128 129 130 131 133 135 136 137 139 141 143 144 145 146 148 149 150 151 152 155 157 158 159 160 161 162 163 166 170 171 172 177 179 180 181 182 183 184 185 187 188
26 125 131 136 139 143 147 148 151 152 153 156 157 162 163 165 167 172 173 176 178 179 183 184 185 188 189
26 126 133 137 138 139 140 142 146 147 154 155 159 160 165 167 168 170 171 174 176 181 185 186 187 188 189
24 125 126 130 134 137 138 142 143 144 145 153 154 161 162 170 171 172 174 175 176 183 184 187 189
31 128 132 134 136 138 139 140 141 143 144 146 147 148 149 154 156 157 158 159 160 161 165 166 167 168 172 173 175 178 181 183
28 131 132 134 137 139 140 142 143 145 146 148 151 158 161 163 166 167 169 170 175 177 179 180 181 182 183 186 188
33 125 129 131 133 137 141 142 143 144 146 147 157 159 160 161 162 164 166 168 170 171 172 174 176 178 179 180 182 184 186 187 188 189
36 125 126 127 131 132 133 134 135 136 138 140 141 143 145 148 149 151 153 154 155 157 158 161 162 163 168 169 172 173 174 175 176 180 186 187 189
41 125 127 129 130 131 132 133 134 135 138 139 141 142 143 146 147 148 150 151 153 154 158 159 160 162 163 167 169 170 171 173 174 175 176 177 178 179 180 183 186 189
24 131 132 135 137 140 142 143 147 150 153 156 158 161 162 165 173 175 176 177 180 181 184 186 187
40 130 131 133 134 135 139 141 142 145 146 148 149 150 151 152 153 154 155 157 158 160 164 165 166 168 169 170 172 173 174 176 177 180 181 182 183 184 187 188 189
25 125 128 131 135 141 142 143 144 146 147 150 151 153 157 159 162 164 165 166 169 171 173 176 180 185
30 128 129 131 132 134 135 136 137 141 143 144 149 152 155 156 157 160 164 166 169 170 171 175 176 179 181 183 184 185 189
40 127 129 130 131 132 133 136 137 138 140 141 142 143 144 145 147 148 149 150 152 153 154 155 156 158 162 163 165 168 169 173 174 177 178 179 181 184 185 186 187
8 190 191 193 196 202 204 206 211
13 192 196 198 199 201 202 205 206 207 208 210 211 213
8 192 196 204 208 209 211 212 213
12 190 192 195 196 201 202 203 206 207 208 209 211
9 202 203 204 205 207 210 211 212 213
3 201 203 213
7 191 195 196 197 198 200 207
6 193 197 200 208 211 212
9 191 192 199 200 202 206 207 208 213
6 190 194 198 203 205 210
11 190 191 192 194 195 196 198 199 204 209 213
13 191 192 193 195 197 198 204 205 206 207 208 210 211
4 194 201 206 212
4 190 192 196 204
13 190 191 192 194 198 199 202 204 206 207 209 210 213
15 190 191 192 193 194 195 196 197 198 199 200 201 206 208 209
5 199 201 205 209 212
13 193 197 200 201 202 203 205 206 207 208 210 211 212
5 191 194 197 206 210
4 192 196 210 212
7 190 197 199 205 206 211 213
9 191 193 194 198 200 204 205 210 213
9 192 194 198 199 200 203 205 206 209
6 191 194 197 200 205 207
12 192 194 195 196 199 204 205 207 208 209 211 213
8 193 201 203 204 206 209 212 213
5 193 195 201 204 211
9 194 195 198 201 202 205 206 209 210
1 190
10 192 195 196 197 202 206 208 209 211 212
6 195 200 202 203 208 209
5 201 202 206 209 210
1 199
5 190 199 201 203 207
12 190 191 194 195 196 200 202 206 208 209 210 211
10 190 193 196 198 200 202 204 205 209 212
3 202 204 208
10 190 193 195 198 199 201 202 203 206 210
10 191 195 196 197 202 204 207 208 211 212
10 192 193 199 200 203 205 206 207 209 213
11 190 194 196 199 200 201 202 203 209 212 213
9 190 192 194 199 202 205 208 210 211
12 190 191 193 197 198 200 201 202 203 206 210 212
5 196 200 205 206 209
8 190 192 194 196 200 202 206 208
5 192 197 199 201 211
15 190 191 193 195 196 197 201 202 204 207 208 210 211 212 213
11 193 195 196 197 200 201 203 205 208 211 212
10 191 193 194 195 197 200 203 204 209 212
19 190 191 192 193 194 195 196 197 198 199 200 203 204 205 207 208 211 212 213
9 192 196 197 204 205 207 210 211 213
12 191 193 194 197 198 199 200 204 205 210 212 213
6 193 198 203 204 207 210
6 191 194 196 201 210 212
5 191 199 203 207 213
5 191 195 197 211 213
9 192 195 199 201 203 207 208 211 213
8 197 200 201 203 208 209 210 212
4 190 192 199 210
11 191 192 195 196 201 202 203 204 207 209 211
10 190 191 193 194 195 198 203 204 208 210
8 192 193 197 198 204 205 207 212
5 190 191 193 198 199
13 190 193 194 197 198 199 200 205 206 208 210 212 213
4 196 197 209 212
9 195 197 201 202 203 204 205 209 211
8 190 195 197 198 202 204 208 211
4 202 207 212 213
14 190 192 193 194 198 199 200 201 203 205 206 209 210 213
8 192 194 195 198 199 205 207 213
11 191 193 194 196 198 200 206 207 208 212 213
10 191 193 194 195 198 200 201 203 207 209
3 199 207 213
3 197 199 211
7 190 196 198 200 202 205 209
10 190 191 194 195 200 202 206 208 209 211
7 193 194 195 197 204 209 212
5 194 198 205 210 213
4 198 203 204 210
8 190 192 198 200 201 203 209 210
6 190 191 194 195 200 202
6 191 195 202 203 207 209
6 192 195 196 203 207 211
3 202 207 212
8 190 193 198 199 201 202 206 210
6 195 201 202 203 204 209
7 192 195 197 202 208 209 212
6 194 196 199 204 211 213
4 201 206 209 212
8 191 194 196 206 207 208 212 213
3 191 195 213
4 193 198 207 212
3 190 192 210
9 190 191 192 194 195 196 204 209 213
6 191 194 198 206 207 208
7 190 194 196 199 203 212 213
3 191 199 203
3 191 199 203
5 192 196 204 205 207
6 190 194 196 202 209 212
1 204
6 193 196 197 201 203 205
9 190 193 195 196 202 204 210 212 213
4 198 203 205 210
6 194 195 202 205 209 210
5 191 192 199 208 213
8 191 193 194 197 199 200 205 210
6 191 195 202 208 209 211
6 191 195 202 204 208 212
6 194 196 199 204 207 208
7 191 196 202 204 207 211 212
2 190 204
11 191 192 193 195 197 198 204 205 207 208 211
3 196 200 209
6 190 196 200 204 205 212
8 190 194 199 200 201 203 209 212
6 190 198 202 203 206 210
10 192 196 198 199 201 202 205 210 211 213
9 190 192 195 196 201 202 203 206 211
9 190 191 192 194 195 196 198 209 213
5 191 195 196 204 209
6 192 196 197 204 205 207
8 190 193 194 198 199 201 206 209
10 191 193 195 196 201 204 207 210 211 212
10 194 195 196 199 204 205 207 209 211 213
3 201 206 212
2 203 213
5 194 197 200 205 207
4 195 202 204 208
8 190 193 194 195 197 199 200 201
8 190 192 194 199 202 205 208 211
3 192 197 211
9 197 201 202 204 207 208 210 211 212
4 190 199 201 203
5 191 194 197 200 205
5 191 194 196 210 212
3 192 196 212
4 202 205 211 213
3 193 208 212
3 196 205 209
5 198 203 204 207 210
2 201 212
4 191 196 201 212
3 196 209 212
9 190 192 195 196 201 206 207 209 211
6 197 200 201 202 203 212
6 191 193 194 197 204 212
5 192 204 205 207 213
6 193 201 203 204 206 213
7 192 195 201 203 208 211 213
15 190 192 193 194 196 197 198 200 203 204 205 207 208 211 213
10 196 198 201 202 205 206 207 210 211 213
7 192 195 196 197 209 211 212
4 195 197 202 208
4 191 194 197 210
7 192 195 199 201 207 208 213
11 190 194 197 198 199 200 205 206 210 212 213
6 196 204 205 207 211 213
5 192 194 195 198 213
6 197 199 205 206 211 213
5 205 207 210 211 213
4 192 195 205 207
9 190 192 195 196 201 202 207 208 211
10 191 193 194 196 198 204 205 208 211 213
2 201 213
8 190 191 194 196 200 206 208 210
7 191 192 199 200 206 207 208
9 193 195 196 197 200 201 203 205 211
2 192 196
5 193 198 204 207 212
10 190 194 197 198 200 205 206 208 210 212
2 190 204
3 191 195 211
2 191 197
6 190 194 202 206 207 210
8 190 196 198 200 202 204 205 212
3 200 208 212
8 191 194 195 197 203 204 209 212
3 191 197 210
11 190 191 198 199 202 204 206 207 209 210 213
2 190 210
1 213
2 201 207
5 191 200 203 207 209
6 195 199 201 203 208 211
2 207 212
6 192 200 203 205 207 213
8 202 203 204 205 210 211 212 213
5 190 193 195 198 203
5 203 204 206 209 213
3 194 210 212
3 190 198 199
8 193 198 200 202 204 205 209 212
3 195 200 203
8 193 197 200 201 202 203 210 211
3 191 195 211
3 190 194 203
6 194 195 201 202 209 210
4 193 197 208 211
6 190 191 193 196 204 206
6 193 197 200 203 208 211
4 201 208 209 212
6 192 194 204 207 211 213
5 191 199 206 207 208
6 203 204 205 211 212 213
4 194 196 210 212
4 190 199 203 207
2 204 208
6 190 191 194 195 204 208
3 191 210 212
10 191 192 193 197 204 205 207 208 210 211
6 192 196 200 202 206 208
3 201 204 211
11 197 200 202 203 205 206 207 208 210 211 212
3 197 205 207
6 195 203 207 208 211 213
4 197 200 208 212
3 201 205 209
3 205 206 209
3 194 196 212
4 191 195 197 213
9 191 192 196 201 202 203 204 207 209
3 199 205 211
2 196 197
15 190 191 193 194 196 198 199 200 203 204 205 207 208 212 213
6 190 197 202 204 208 211
7 191 193 194 195 200 204 209
7 193 194 195 200 201 203 209
6 192 194 195 198 199 207
2 190 196
4 191 197 206 210
6 195 196 197 200 205 208
5 201 205 206 209 210
8 192 199 200 203 205 206 207 213
6 192 198 201 205 208 213
2 199 212
10 190 192 196 201 202 203 206 208 209 211
3 200 205 209
3 196 205 206
8 195 197 202 203 204 205 209 211
2 210 212
3 191 194 205
7 191 194 195 196 198 209 213
6 190 191 193 194 204 210
7 192 194 198 199 203 205 206
3 195 203 208
6 190 191 193 194 204 208
5 197 200 203 208 212
7 194 195 198 202 205 206 209
5 201 204 205 209 211
5 191 193 196 204 206
5 191 194 197 204 209
2 194 212
5 190 201 203 206 210
6 195 199 201 207 208 211
10 190 193 194 198 199 200 201 209 210 213
6 201 203 206 209 212 213
6 191 193 195 198 201 209
10 190 193 201 202 204 208 210 211 212 213
6 192 196 197 205 207 211
3 208 211 212
14 190 191 194 196 197 198 199 200 203 204 205 207 211 213
8 191 193 194 195 198 200 201 203
5 199 200 205 206 209
5 200 203 208 210 212
8 190 193 198 199 201 202 203 206
3 196 206 209
3 196 200 206
4 191 194 196 212
8 192 193 203 205 206 207 209 213
7 191 193 195 197 198 200 204
10 193 196 198 199 201 203 204 210 211 213
16 192 193 195 196 197 198 199 201 202 203 204 205 206 208 210 212
7 194 200 202 203 207 208 212
9 190 191 193 195 198 200 202 205 211
8 193 194 197 202 205 206 209 211
13 190 191 192 193 197 198 200 201 204 205 207 208 211
8 191 192 193 198 202 205 209 210
8 195 197 198 199 200 206 207 211
10 191 192 195 196 199 200 201 203 204 207
14 190 193 195 197 198 199 200 201 203 204 205 206 209 210
11 190 191 193 197 198 200 201 203 204 208 212
12 190 193 194 195 198 199 200 201 203 208 212 213
7 191 192 194 196 197 202 211
12 191 192 196 197 198 201 204 205 207 208 211 213
14 193 196 197 199 200 203 205 206 208 209 210 211 212 213
7 192 193 195 197 202 206 209
11 193 196 197 200 202 205 206 208 209 210 211
12 193 195 196 199 202 205 206 207 209 210 211 213
16 190 192 194 195 197 198 200 202 203 204 205 206 207 211 212 213
13 191 192 194 195 197 200 203 206 207 209 210 212 213
15 190 191 192 193 195 196 198 199 201 204 205 208 209 210 211
13 191 193 194 196 197 200 201 202 203 205 210 212 213
13 190 192 195 198 199 200 201 205 207 209 210 212 213
12 190 191 193 196 197 198 205 206 208 210 212 213
11 190 192 194 195 196 200 205 206 207 208 209
10 193 195 197 198 200 201 204 208 211 212
9 196 198 200 201 202 203 207 208 212
14 190 191 193 194 195 196 201 202 203 205 206 208 211 213
8 190 201 202 203 204 207 210 213
14 191 193 194 195 196 197 199 201 203 205 206 207 211 213
10 190 192 194 196 200 203 204 206 209 210
10 194 199 200 201 202 204 205 206 208 210
14 191 194 196 198 199 201 202 204 206 207 208 209 212 213
9 194 196 197 199 203 205 210 211 212
15 190 191 192 193 194 196 197 200 201 203 206 208 209 210 211
11 190 197 198 199 200 204 205 207 211 212 213
12 192 193 195 197 198 200 202 203 204 206 209 211
8 190 193 194 198 206 207 209 211
11 190 191 192 195 200 203 204 206 208 210 212
14 190 192 196 201 203 204 205 206 207 208 209 211 212 213
9 190 193 194 195 197 203 210 211 213
10 191 192 193 199 200 204 207 210 211 212
15 191 192 193 194 195 196 199 200 202 203 204 205 208 212 213
7 191 201 204 207 208 209 211
7 191 194 195 198 204 205 208
8 190 192 194 198 202 205 212 213
13 190 191 192 196 197 201 202 203 204 205 208 210 211
12 191 193 194 195 196 197 198 199 206 207 208 213
11 193 194 196 198 199 200 203 204 205 211 212
14 190 191 192 195 196 197 199 207 208 209 210 211 212 213
16 190 191 192 194 196 197 198 199 200 201 206 208 209 210 212 213
15 191 192 193 195 196 197 198 200 203 205 206 209 210 211 212
8 190 193 194 199 202 208 211 213
11 190 193 194 196 198 199 202 205 207 212 213
15 190 191 192 195 196 199 200 201 203 204 205 206 207 211 212
12 190 192 194 196 202 204 205 206 209 210 212 213
7 191 195 198 203 206 210 212
13 191 192 195 196 198 200 201 202 203 208 209 211 212
9 192 196 198 200 201 202 206 207 211
15 190 191 193 194 195 197 200 201 203 204 205 208 210 212 213
16 191 192 193 194 197 199 200 201 202 203 205 206 207 208 211 212
13 192 193 194 195 196 197 198 199 201 203 209 211 213
9 190 193 197 198 199 202 205 206 213
11 191 193 198 200 202 203 206 207 209 210 212
13 190 192 195 196 197 199 200 203 204 207 208 210 211
12 190 191 192 193 200 202 205 206 208 209 210 212
9 191 192 198 203 204 210 211 212 213
11 195 196 198 199 203 206 207 208 209 210 213
9 192 194 200 201 204 205 206 207 209
12 193 195 196 200 201 202 203 205 206 211 212 213
11 192 193 195 197 200 202 203 205 208 210 213
7 191 193 201 202 203 205 211
14 192 193 194 195 197 198 200 203 204 205 206 207 211 212
15 190 192 193 194 196 198 199 200 203 204 205 207 208 210 212
9 192 193 197 198 199 200 206 210 213
10 190 196 197 198 199 200 203 204 206 207
13 191 193 194 195 197 198 199 202 206 207 208 209 212
9 190 192 193 194 199 200 201 203 213
14 190 191 193 194 195 196 197 198 200 203 204 205 207 208
13 190 191 195 197 198 199 200 202 205 207 209 210 213
10 191 193 197 199 202 205 206 208 210 211
11 197 201 202 203 205 206 208 209 210 211 213
16 190 191 193 194 196 199 200 201 202 203 204 205 207 210 212 213
16 190 193 194 196 197 198 200 201 202 203 204 205 207 210 212 213
10 192 193 194 197 198 199 202 203 208 210
16 190 191 192 193 194 195 197 198 203 204 205 206 208 209 210 213
8 193 199 203 204 205 206 207 209
9 190 191 192 193 195 202 206 207 210
15 191 194 196 197 198 199 200 202 203 205 206 207 209 211 213
8 196 197 199 201 202 206 209 212
13 191 192 194 195 196 200 201 207 208 209 210 211 212
8 190 191 197 199 201 203 208 210
7 198 200 202 203 204 206 211
14 192 193 194 196 197 198 199 200 202 203 204 205 208 211
14 191 192 194 197 198 199 200 201 202 204 207 210 212 213
13 193 194 196 197 201 202 205 206 207 208 209 212 213
13 191 192 193 194 195 196 198 201 203 207 208 210 212
10 190 193 194 195 196 199 200 207 210 213
14 190 191 193 195 199 200 201 202 205 206 208 209 210 213
7 190 199 201 202 205 210 213
16 190 191 192 194 195 196 197 199 201 202 203 204 205 207 210 213
12 191 195 196 199 200 203 205 206 207 210 211 213
11 190 191 192 195 196 197 199 203 204 205 209
13 190 191 193 195 198 199 200 203 205 206 209 210 212
12 190 191 193 195 196 197 203 205 206 208 211 212
10 190 192 194 195 198 201 205 206 208 210
13 191 192 196 199 200 202 204 205 206 207 208 212 213
11 191 192 195 199 200 201 202 205 208 210 211
9 191 196 197 201 202 203 205 211 212
14 191 192 194 195 196 198 204 205 206 207 208 210 211 213
12 190 191 193 199 203 204 205 206 207 209 210 211
15 190 191 192 193 194 198 201 202 207 208 209 210 211 212 213
10 190 192 195 198 201 202 205 206 208 210
8 190 196 197 200 201 202 207 209
11 190 191 192 200 202 204 205 209 210 212 213
12 190 191 193 194 197 199 202 203 204 208 209 211
12 190 191 193 194 198 199 200 201 206 208 210 213
8 190 191 192 194 199 203 204 208
9 192 193 197 198 201 204 208 210 212
14 190 191 193 194 196 197 199 200 203 208 210 211 212 213
8 191 195 196 200 207 209 210 211
8 193 196 198 202 203 204 208 213
11 192 193 195 198 199 203 204 205 206 210 211
12 192 193 194 198 199 201 202 203 204 205 208 213
7 191 192 195 197 200 206 210
12 193 195 197 198 199 201 203 204 208 209 212 213
13 190 191 192 194 198 199 200 203 206 207 208 210 212
15 190 191 192 193 195 197 199 200 202 203 204 205 207 209 210
10 191 192 193 195 196 199 200 201 206 209
16 190 191 192 193 194 196 200 203 205 206 207 208 209 210 212 213
11 191 193 196 197 198 199 201 202 203 210 213
9 190 192 194 197 200 202 204 211 213
15 191 194 195 197 198 199 200 201 203 205 207 208 209 211 212
12 190 191 192 199 201 202 204 205 207 208 209 210
7 190 191 193 197 199 203 206
8 190 191 194 196 197 204 206 210
11 193 194 195 196 197 198 200 201 202 212 213
13 190 192 193 194 196 197 199 205 206 209 210 212 213
15 190 193 194 195 196 197 199 200 201 202 205 207 208 209 212
15 190 191 192 193 198 199 200 203 206 207 208 210 211 212 213
11 190 192 194 195 196 197 198 199 207 211 212
7 192 194 203 204 205 206 210
14 190 191 192 194 196 198 199 202 203 205 206 207 211 213
8 190 192 195 196 197 200 206 208
12 190 191 194 197 199 203 204 205 206 207 209 213
7 190 192 197 206 209 210 213
13 190 192 193 194 195 197 199 204 205 209 211 212 213
7 191 194 196 201 207 212 213
15 190 192 194 196 197 198 199 202 204 207 208 209 211 212 213
9 190 191 193 199 201 207 209 210 213
10 192 195 196 197 198 202 207 208 209 212
8 191 192 202 203 206 208 210 213
8 190 191 193 198 199 200 206 207
12 190 191 192 194 196 200 203 204 205 206 207 210
10 190 192 193 194 195 200 201 202 206 212
7 191 192 195 197 209 210 212
9 192 195 198 202 203 204 205 208 212
11 190 191 192 193 197 198 200 203 205 206 209
14 190 191 192 195 196 197 203 205 206 208 210 211 212 213
16 190 191 192 193 197 198 201 202 204 205 206 207 209 211 212 213
11 191 197 198 199 200 203 205 207 208 210 211
12 191 193 194 200 201 202 204 207 208 210 211 213
11 192 193 194 195 198 200 201 202 206 209 212
15 190 191 196 198 199 200 202 203 204 205 206 207 208 211 212
11 192 193 194 196 199 202 205 207 210 211 212
10 190 191 193 194 195 196 200 201 205 206
9 194 195 197 203 204 206 208 209 211
9 192 200 202 204 206 207 211 212 213
14 190 191 192 193 194 195 197 202 203 206 208 209 210 211
10 190 192 194 198 200 201 202 206 208 209
14 191 193 196 197 198 199 200 201 202 203 205 209 210 213
15 190 191 192 194 197 199 200 201 202 207 208 209 211 212 213
15 192 193 197 198 199 200 201 202 203 205 206 207 209 210 211
9 192 196 197 200 201 204 205 212 213
14 191 192 195 196 198 199 201 203 204 206 207 209 210 212
14 192 193 197 198 199 200 201 202 204 205 207 208 209 211
10 190 191 192 196 197 199 202 203 211 213
15 191 194 195 196 198 200 201 203 204 205 206 208 210 211 213
13 190 191 195 196 197 199 200 201 202 203 204 210 212
11 190 193 195 197 198 200 201 203 208 209 212
9 190 201 204 205 206 208 209 210 213
13 191 192 193 194 198 199 201 204 206 207 208 211 212
10 191 199 200 204 205 206 207 208 210 211
10 190 193 194 196 202 206 209 210 211 212
11 190 194 195 197 198 201 202 204 205 206 211
11 191 192 193 195 196 200 203 206 207 212 213
8 194 195 201 202 206 207 209 210
8 193 197 198 205 207 208 209 212
16 190 191 192 193 195 197 198 201 203 204 206 208 209 210 211 213
15 194 196 197 198 201 202 203 205 206 207 209 210 211 212 213
8 192 194 199 202 205 207 208 213
12 190 192 193 194 196 198 199 205 207 209 211 212
10 190 194 197 198 204 207 209 210 212 213
10 190 197 198 200 201 203 204 205 210 213
12 190 193 194 196 197 199 200 201 204 206 208 212
8 190 191 192 194 195 197 205 211
12 192 193 195 196 197 198 200 205 206 208 209 213
7 191 195 197 206 209 210 211
9 193 194 195 198 199 200 209 210 212
12 191 193 195 196 199 201 204 205 207 208 210 212
16 190 193 194 197 198 199 200 201 202 203 204 205 208 209 211 212
12 190 191 192 193 194 197 198 200 204 205 208 213
11 190 191 193 194 196 197 199 205 206 210 211
13 190 192 193 194 195 199 203 204 205 206 209 210 212
14 190 191 192 193 194 196 199 200 201 202 206 208 209 212
12 192 193 195 200 204 205 206 208 209 210 211 212
8 191 195 196 197 202 206 209 211
