165 1000
45 1 2 3 4 5 6 7 8 9 10 11 12 13 14 15 16 17 18 19 20 21 22 23 24 25 26 27 28 29 30 31 32 33 34 35 36 37 38 39 40 41 42 43 44 45
25 1 3 5 7 10 11 18 21 22 25 26 28 30 31 33 34 35 36 37 38 40 41 42 44 45
35 1 2 3 4 5 6 7 8 9 12 14 16 18 19 20 21 22 23 24 27 28 29 30 31 34 35 36 37 38 40 41 42 43 44 45
32 1 2 3 5 6 7 8 10 13 14 15 16 18 19 20 22 23 24 26 27 28 30 31 32 33 34 36 37 39 41 44 45
26 1 3 5 6 7 8 9 15 16 19 25 27 28 29 30 31 34 35 36 37 39 40 41 43 44 45
30 1 4 5 6 7 8 10 11 13 15 16 17 18 19 20 21 22 23 25 26 29 31 32 36 37 38 40 42 44 45
30 1 2 3 4 5 6 7 8 9 10 12 13 14 15 16 18 24 26 28 31 33 34 35 36 37 40 41 43 44 45
18 2 6 9 12 13 14 17 20 22 23 24 25 26 30 38 39 40 43
17 1 2 5 6 7 10 12 13 19 22 27 28 30 32 34 42 44
29 1 2 3 4 5 8 9 13 14 16 17 19 23 25 27 28 29 31 32 33 36 37 38 39 41 42 43 44 45
20 1 5 6 15 16 18 19 22 23 24 25 26 30 31 34 36 38 40 41 43
33 1 2 5 6 10 11 13 14 16 17 19 20 21 22 23 24 25 26 27 28 29 30 31 32 33 34 37 38 39 40 41 44 45
22 6 7 8 9 10 11 13 15 16 18 21 22 23 24 25 28 30 31 32 34 35 37
24 2 4 5 6 7 8 9 10 11 12 14 15 18 19 23 24 25 28 29 31 33 39 41 42
17 3 5 10 13 16 18 22 23 24 26 28 32 36 40 41 42 45
14 4 5 6 7 10 14 17 31 34 36 38 40 42 44
21 1 3 5 6 7 9 12 14 19 20 22 24 25 27 30 31 35 36 37 39 43
29 1 3 4 6 7 8 10 13 14 15 16 17 19 20 21 22 25 27 28 30 33 34 35 38 39 40 41 44 45
21 2 4 6 9 10 17 19 21 23 24 25 26 29 30 36 38 39 40 41 43 45
26 1 6 7 9 10 14 16 17 18 19 21 22 23 24 28 31 32 33 36 37 39 40 41 42 44 45
30 1 2 3 4 5 6 9 11 13 14 16 19 20 21 22 23 24 29 31 32 33 35 36 37 39 40 41 42 43 45
35 1 2 3 4 5 6 8 9 10 12 16 17 18 20 21 22 23 24 25 28 29 30 31 32 33 34 36 37 38 39 40 41 42 44 45
15 5 10 12 16 17 21 26 27 31 34 35 36 39 40 42
18 11 12 13 14 17 18 19 22 24 25 32 33 37 38 40 41 43 45
21 1 2 6 7 8 9 10 14 15 17 18 19 25 30 32 33 35 36 37 38 44
25 1 3 4 5 7 9 10 13 14 17 19 21 23 25 26 28 30 34 35 37 39 40 41 43 44
17 7 8 10 16 18 22 29 30 31 35 37 40 41 42 43 44 45
16 5 8 9 11 13 17 20 21 25 26 28 29 32 37 42 45
25 1 2 3 6 7 8 13 14 15 17 23 24 26 27 28 30 32 33 35 36 37 39 40 43 45
32 1 2 3 4 5 6 7 8 11 12 14 17 18 19 20 21 22 23 24 25 30 32 34 36 38 39 40 41 42 43 44 45
27 1 2 3 5 6 8 9 10 11 13 16 17 18 19 23 24 31 32 33 35 36 37 38 41 42 43 45
30 1 2 5 9 10 11 13 15 16 17 19 20 21 22 23 26 29 31 32 33 34 35 36 37 38 39 40 41 42 44
25 1 4 5 9 11 12 13 14 15 17 20 21 22 23 24 26 31 32 33 34 35 36 38 40 44
25 4 6 8 9 12 13 14 15 19 20 21 22 23 25 26 28 30 31 32 33 36 38 42 44 45
15 1 2 5 7 9 16 18 21 24 27 29 31 37 41 43
21 3 7 8 10 12 15 17 18 23 25 27 28 29 30 34 36 37 38 39 40 43
18 4 7 9 10 11 13 15 18 20 22 28 29 32 34 35 36 39 43
32 1 3 5 8 9 10 11 13 14 15 16 17 18 21 23 24 26 27 28 29 31 32 33 35 36 38 39 40 41 42 43 44
25 46 47 48 49 50 51 52 53 54 55 56 57 58 59 60 61 62 63 64 65 66 67 68 69 70
10 46 49 51 56 58 60 62 64 66 67
16 46 48 50 51 52 54 55 58 60 61 62 63 64 67 69 70
19 46 48 49 51 52 53 54 56 57 58 59 60 62 63 64 65 66 68 70
18 47 48 49 50 51 52 53 55 56 57 58 61 62 64 65 68 69 70
18 46 47 48 50 53 55 56 57 58 60 62 63 64 65 66 67 68 70
16 46 48 53 54 55 57 58 59 60 62 64 66 67 68 69 70
8 53 56 57 59 60 63 64 68
13 51 53 55 56 57 58 60 61 62 64 66 69 70
15 46 47 48 49 50 54 55 56 60 61 63 64 67 69 70
19 49 50 51 52 53 54 55 57 58 59 60 61 62 63 65 66 67 68 69
15 46 48 49 50 51 55 56 57 59 60 61 62 65 66 68
15 46 49 50 52 55 56 57 59 61 63 64 65 67 68 70
11 46 48 50 56 59 61 62 65 66 67 69
9 50 52 53 55 59 60 64 67 70
9 49 52 53 57 58 61 62 64 69
11 46 48 49 50 53 54 62 64 66 68 70
12 47 48 51 54 56 57 58 60 65 68 69 70
11 48 49 51 52 55 57 58 61 62 63 68
14 49 50 53 56 57 58 59 60 61 63 64 65 68 70
17 46 48 49 50 51 52 54 55 56 57 58 59 60 61 64 68 69
16 46 49 50 51 52 53 54 55 56 57 59 61 63 65 68 69
11 47 48 50 51 53 54 59 62 63 65 70
8 46 47 49 54 57 58 61 67
17 46 48 50 52 53 54 56 57 58 59 60 61 62 63 64 66 69
12 46 47 48 49 54 56 59 60 62 63 64 69
14 46 47 48 52 56 58 60 62 64 65 66 67 69 70
10 47 50 52 53 55 61 62 64 68 70
10 46 47 54 55 57 61 63 64 66 67
10 48 51 53 59 61 62 64 65 66 70
12 47 50 55 56 58 59 61 62 63 66 69 70
13 46 49 52 54 55 58 61 62 63 65 66 68 70
16 46 47 48 50 53 55 57 59 60 61 62 65 66 68 69 70
12 46 49 50 55 56 58 59 60 61 66 67 70
10 46 48 50 51 52 54 58 60 64 70
12 48 50 51 52 53 54 56 60 62 64 65 70
17 46 49 51 54 55 56 57 59 60 61 62 63 64 65 67 69 70
13 46 47 48 49 52 54 56 59 60 61 64 68 70
12 46 47 49 54 55 56 58 60 62 63 64 65
15 46 47 50 52 53 54 56 57 58 60 61 63 67 68 70
18 46 48 49 50 51 52 53 54 55 57 59 60 62 64 65 67 68 70
17 47 49 51 52 53 55 56 57 58 59 60 61 62 65 66 68 70
13 46 48 49 52 53 54 55 56 57 58 59 61 67
8 46 51 55 57 60 65 66 70
18 47 48 49 50 53 54 55 56 57 58 59 60 61 62 63 64 66 70
9 49 54 55 56 58 60 61 66 69
12 49 51 52 53 56 59 60 61 62 63 64 69
19 46 47 49 50 51 54 55 56 57 58 59 60 61 62 63 64 66 69 70
11 47 51 52 53 55 58 60 64 65 67 68
19 46 48 50 52 53 54 55 56 57 58 59 60 62 63 65 66 67 69 70
13 46 50 52 53 55 56 59 60 61 64 65 67 70
16 46 49 50 51 53 55 59 60 62 63 65 66 67 68 69 70
19 47 48 49 50 51 52 53 55 56 57 58 59 60 61 63 64 66 68 69
19 46 47 49 50 51 54 55 57 58 61 62 63 64 65 66 67 68 69 70
13 46 47 51 52 54 57 58 59 62 63 65 66 70
18 46 47 50 53 54 55 56 58 59 60 61 62 63 64 67 68 69 70
8 46 53 54 56 57 60 64 70
17 46 47 48 50 51 52 53 54 55 56 57 58 61 65 67 68 70
16 47 49 52 53 54 55 56 58 60 62 63 65 66 68 69 70
13 49 52 54 58 59 61 62 63 64 66 68 69 70
15 47 48 49 50 54 55 56 58 59 62 64 65 66 67 68
14 46 47 48 49 51 52 53 54 58 62 63 67 68 70
2 85 101
12 72 73 78 85 86 87 94 96 97 100 102 109
14 73 74 76 81 84 87 88 89 94 97 106 107 108 110
8 72 76 82 83 90 96 98 105
11 72 78 80 83 90 97 98 104 107 108 110
13 84 85 86 87 91 94 95 97 99 101 102 107 111
20 73 74 78 82 83 84 85 86 87 89 90 92 95 96 97 98 102 106 107 108
10 71 76 86 89 91 95 96 100 102 103
8 77 84 94 95 101 102 103 109
15 72 73 74 77 79 84 85 87 90 92 100 103 106 109 111
19 72 74 75 76 78 80 81 83 87 88 89 93 94 95 96 97 103 104 106
19 71 73 76 80 81 82 85 86 87 88 92 93 98 99 100 104 109 110 111
16 72 74 75 77 78 82 84 85 90 91 97 99 100 102 105 106
13 71 76 77 79 81 83 94 99 100 102 103 106 109
21 72 73 75 79 81 82 83 84 89 90 91 93 95 98 99 102 103 105 106 107 110
10 82 84 86 87 88 91 95 106 109 111
12 71 73 84 95 97 100 103 107 108 109 110 111
21 71 72 75 76 77 79 80 81 88 91 93 94 99 100 101 103 104 105 109 110 111
17 71 72 73 76 79 83 85 88 89 92 97 98 101 102 104 107 108
21 74 76 79 80 82 83 84 85 89 91 95 96 98 100 101 104 105 106 107 108 110
13 74 76 80 82 84 89 90 91 92 99 105 108 110
11 74 75 78 80 83 86 92 93 96 97 106
11 76 78 83 86 88 92 98 101 106 108 109
15 71 72 74 80 81 82 85 90 91 94 96 102 106 109 110
10 85 90 92 95 96 98 100 103 105 109
15 77 79 85 86 91 98 99 100 101 102 107 108 109 110 111
15 71 79 81 82 87 88 89 90 98 100 104 105 107 108 111
7 76 80 83 101 105 106 111
17 75 76 79 80 84 86 88 93 99 100 102 104 105 107 108 109 110
14 75 79 84 86 89 92 93 95 97 98 100 103 104 108
28 71 72 73 74 75 76 77 78 79 80 81 82 83 88 89 90 92 93 96 98 100 103 104 105 106 108 109 110
11 71 75 76 80 84 86 87 98 101 102 109
17 71 72 75 77 78 79 80 82 83 86 91 93 99 101 102 104 111
8 80 86 89 95 98 104 105 107
4 79 93 97 111
7 71 73 82 84 90 92 105
15 75 76 83 86 87 90 91 93 95 98 99 100 108 109 110
15 72 74 77 78 84 85 87 92 96 99 100 103 104 109 110
19 71 73 75 79 81 82 86 88 89 90 91 93 94 95 97 98 102 107 108
24 71 72 73 74 77 78 81 82 83 85 87 89 90 91 92 94 95 96 97 98 101 103 106 111
4 80 82 83 99
5 76 79 80 95 109
11 71 73 81 83 86 87 93 96 98 103 110
14 72 74 75 77 79 81 84 85 93 97 102 103 105 107
18 71 75 76 78 81 82 83 88 91 93 94 96 97 99 101 102 108 110
13 71 73 74 78 80 88 89 92 97 101 102 105 111
10 72 75 80 87 92 94 95 104 107 108
14 72 78 81 83 88 90 100 103 104 105 106 107 108 110
16 71 75 77 79 81 83 88 93 95 98 101 103 104 106 107 111
8 71 73 80 82 87 94 95 99
9 88 89 92 94 101 104 107 108 111
20 71 72 73 75 77 78 81 86 87 88 90 92 93 94 97 99 102 103 109 111
12 73 76 77 78 83 87 88 99 101 105 107 111
17 74 75 79 81 84 87 88 90 93 94 104 105 106 108 109 110 111
28 71 75 76 77 79 80 82 83 84 85 87 88 90 91 92 93 95 97 99 100 101 103 104 106 107 109 110 111
9 74 78 80 86 93 94 99 103 105
13 72 73 74 78 81 86 89 94 96 98 102 105 108
20 71 74 76 77 78 80 85 86 87 88 92 94 96 97 100 101 104 108 109 111
8 89 90 91 96 100 104 110 111
8 74 76 83 90 98 101 102 105
26 72 73 74 75 78 80 82 84 86 87 88 89 90 91 92 93 95 96 97 98 104 105 107 108 110 111
24 71 73 76 77 79 82 83 85 88 89 90 92 93 94 96 97 98 99 102 104 105 108 110 111
7 72 73 76 85 91 99 110
13 74 79 80 86 87 88 91 93 99 101 102 104 106
19 71 73 77 78 81 82 84 85 86 88 89 91 96 99 100 103 106 109 110
17 72 74 75 78 80 81 84 86 87 91 95 100 101 103 106 107 109
13 72 77 79 81 82 84 85 94 96 103 104 106 107
6 73 75 79 96 101 103
15 75 77 81 82 84 87 90 91 95 96 100 106 109 110 111
14 74 75 77 79 84 90 94 95 96 97 101 103 105 107
10 72 73 77 78 85 92 97 98 101 107
16 73 74 77 79 82 85 89 91 92 93 94 95 96 97 99 111
8 72 78 83 89 91 102 106 108
14 71 74 76 77 81 85 89 92 93 94 99 100 102 105
8 75 77 78 81 85 89 92 94
5 77 84 94 101 103
6 81 86 89 98 105 108
12 71 74 77 81 85 89 92 93 94 99 100 105
11 75 79 84 86 89 95 98 100 103 104 108
11 71 72 74 80 81 82 91 94 102 106 109
11 72 74 75 77 81 84 85 93 97 105 107
22 72 73 74 75 78 80 82 84 86 87 88 89 90 91 92 93 95 96 98 104 110 111
16 72 73 75 78 82 84 86 88 92 95 96 97 98 105 107 108
11 74 75 77 79 85 93 97 102 103 105 107
6 75 77 78 85 92 94
6 95 96 98 100 103 109
6 86 88 92 106 108 109
7 72 74 77 78 92 100 109
5 71 75 84 86 87
16 72 74 75 76 78 80 83 87 88 89 93 94 97 103 104 106
12 76 78 81 82 88 91 93 94 97 99 108 110
12 71 81 86 88 89 93 94 95 97 98 107 108
6 86 89 95 98 104 107
14 75 76 79 84 86 88 93 99 102 105 107 108 109 110
7 71 72 74 80 81 90 91
19 71 73 77 78 81 82 83 85 87 89 90 91 95 96 97 101 103 106 111
6 73 77 83 87 107 111
11 71 73 75 81 88 90 92 99 102 109 111
6 94 95 101 102 103 109
9 76 78 83 86 88 92 98 101 106
11 85 86 87 91 94 95 99 101 102 107 111
6 88 92 101 104 107 108
6 73 82 84 90 92 105
5 73 75 79 96 101
12 71 73 76 81 86 88 92 98 99 100 109 110
20 71 76 77 80 82 83 84 85 87 88 91 93 95 99 104 106 107 109 110 111
5 73 80 87 95 99
4 76 79 80 109
5 76 86 89 95 96
7 76 80 82 89 91 92 99
11 72 73 76 79 88 89 92 97 102 104 107
17 72 73 74 77 78 82 83 85 87 89 90 91 94 95 98 101 103
5 72 77 92 97 101
10 71 75 78 90 92 94 97 102 103 109
6 76 78 86 88 101 109
16 72 73 77 78 81 82 83 85 87 89 90 94 95 96 101 111
16 71 73 77 78 81 84 85 88 89 91 96 99 100 103 109 110
6 89 92 101 104 107 111
6 80 87 92 94 104 108
13 71 73 74 78 81 83 85 89 90 91 96 97 101
9 72 73 78 81 86 89 94 96 105
13 75 78 82 84 87 88 91 92 95 96 98 105 107
4 80 82 94 95
11 71 75 77 78 81 87 88 92 102 109 111
16 72 73 75 81 84 90 91 93 95 98 102 103 105 106 107 110
15 71 73 76 81 82 86 87 88 92 93 98 100 104 110 111
6 72 77 85 97 98 101
4 82 84 92 105
6 73 74 78 98 102 108
3 83 105 106
5 80 82 87 94 95
19 71 73 76 79 82 83 85 88 90 92 94 96 97 99 102 104 105 108 110
10 74 79 80 87 91 93 99 101 102 104
7 72 83 90 98 104 107 110
6 72 75 87 92 107 108
7 72 77 79 84 96 104 107
4 72 76 96 105
11 78 81 82 83 91 93 96 97 99 101 102
11 77 78 84 87 92 96 99 100 104 109 110
4 84 94 101 103
11 75 79 82 86 88 89 94 95 97 98 107
23 71 75 76 77 80 82 83 85 87 90 91 92 93 95 97 99 100 101 103 106 107 109 111
7 71 77 79 81 83 100 106
7 71 76 83 100 102 103 109
8 74 78 80 83 86 96 97 106
9 76 77 83 87 88 99 101 105 111
10 77 86 91 98 99 100 102 108 109 110
11 72 74 79 81 84 85 93 97 102 103 105
8 71 76 86 89 91 96 100 103
3 79 80 109
6 73 78 86 94 105 108
6 76 78 86 88 101 109
8 72 79 81 82 84 85 94 104
6 80 86 89 95 98 104
12 72 73 74 77 85 87 90 92 100 103 106 111
16 71 73 76 77 82 83 88 89 90 93 97 99 102 104 105 111
12 75 77 82 84 87 90 91 95 100 106 109 111
7 73 78 85 92 98 101 107
10 71 73 95 97 100 107 108 109 110 111
19 71 72 76 79 80 81 83 89 90 92 96 98 100 103 104 105 106 108 110
15 72 75 77 79 80 81 88 91 93 100 104 105 109 110 111
14 73 74 77 79 82 85 89 91 93 94 95 96 99 111
15 71 74 76 78 80 86 88 94 96 97 100 101 104 108 109
11 75 79 80 84 86 88 99 100 105 108 109
10 72 74 79 85 87 92 100 103 106 111
6 85 90 95 96 98 109
10 71 76 78 81 88 94 97 99 101 108
12 77 81 84 87 90 95 96 100 106 109 110 111
8 74 79 80 86 87 91 99 104
4 71 82 84 92
18 71 72 75 76 77 79 80 91 93 94 99 100 101 103 105 109 110 111
8 71 84 97 100 107 108 109 111
6 74 78 80 83 92 97
8 75 79 81 88 105 106 108 111
24 71 72 73 75 77 78 79 80 81 82 83 88 89 90 92 96 98 100 103 104 105 106 109 110
6 74 76 83 90 101 105
19 72 73 74 78 79 80 81 88 89 90 92 93 96 98 100 103 104 105 108
8 86 89 91 95 96 100 102 103
9 73 76 77 83 87 99 101 107 111
10 75 77 79 84 94 95 101 103 105 107
6 90 91 96 100 104 111
11 76 81 84 87 88 89 94 97 106 108 110
6 71 76 89 91 96 102
14 74 76 79 80 83 85 89 100 101 104 105 106 107 110
5 74 78 86 103 105
4 77 95 101 102
13 72 74 75 77 78 82 84 85 90 91 97 102 105
12 71 77 78 82 88 89 91 96 99 100 103 110
8 76 83 86 92 98 101 106 109
11 74 76 80 82 84 89 90 91 92 105 110
9 76 78 83 86 88 98 101 106 109
11 71 76 78 85 86 94 96 101 104 108 111
4 84 94 101 109
12 71 73 77 81 90 92 94 97 102 103 109 111
8 71 84 97 100 103 107 109 110
12 75 77 81 82 84 87 90 91 106 109 110 111
15 71 73 79 86 88 89 90 91 93 94 95 98 102 107 108
11 81 82 84 90 95 96 100 106 109 110 111
8 74 77 81 92 99 100 102 105
9 72 78 85 86 94 96 97 102 109
13 72 73 79 83 89 90 93 98 99 103 106 107 110
14 71 76 83 85 88 89 92 93 94 96 97 102 108 111
6 71 76 89 95 100 103
5 73 75 79 96 101
6 72 78 83 91 102 106
14 74 76 80 82 85 89 91 96 101 104 105 106 107 108
6 88 92 94 104 107 111
5 90 92 95 100 105
11 71 73 78 81 82 84 88 89 99 103 110
8 71 76 79 81 83 99 100 103
5 78 89 91 106 108
8 86 87 94 95 97 101 102 111
7 74 78 86 94 102 105 108
7 78 81 88 100 103 105 110
14 72 73 75 79 83 84 89 90 91 95 98 106 107 110
6 72 78 89 91 102 108
12 71 81 82 87 88 89 90 100 104 105 107 111
7 76 78 83 88 98 106 109
7 71 76 80 86 87 98 101
12 71 74 80 81 82 85 90 96 102 106 109 110
12 71 73 75 78 81 90 92 93 94 99 109 111
7 71 81 87 93 96 103 110
7 75 77 81 85 89 92 94
5 88 94 104 107 111
11 73 76 84 87 88 89 94 97 107 108 110
3 73 101 103
4 76 80 105 111
6 76 86 88 92 98 108
5 72 76 91 99 110
7 71 80 82 87 94 95 99
4 76 79 80 109
4 71 73 80 87
8 74 79 80 87 91 93 101 106
12 72 74 76 78 83 87 88 89 93 95 96 97
11 71 73 76 80 81 82 87 99 100 110 111
11 74 79 80 86 91 93 99 101 102 104 106
9 75 77 81 87 96 100 106 110 111
7 88 92 94 101 104 108 111
4 74 76 90 98
14 72 73 76 83 85 88 89 92 97 98 101 102 104 108
10 77 81 83 88 93 98 101 104 106 111
6 80 95 98 104 105 107
14 72 75 79 81 82 83 84 90 91 95 99 102 103 107
17 71 76 77 78 85 86 87 88 92 94 96 97 100 104 108 109 111
5 77 84 94 95 101
3 82 83 99
6 75 92 94 95 107 108
10 77 85 86 91 99 101 102 107 109 111
9 72 75 78 81 89 93 96 103 106
7 75 77 78 81 85 89 92
14 72 75 77 78 79 80 82 83 86 93 99 101 102 111
7 73 74 76 94 97 107 110
5 80 87 92 94 104
7 90 92 96 98 103 105 109
6 77 81 85 89 92 94
6 85 95 96 98 100 109
5 89 98 104 105 107
9 74 75 78 81 84 91 100 107 109
5 77 81 85 92 94
7 71 76 80 84 86 87 102
5 71 84 90 92 105
12 72 76 77 79 80 81 88 93 101 103 104 105
14 74 75 77 81 86 88 91 92 93 94 95 103 105 109
19 72 73 80 83 88 91 93 95 96 97 101 103 105 106 107 108 109 110 111
25 71 73 74 75 77 78 79 80 85 87 88 90 92 95 96 97 98 99 100 101 102 103 106 109 111
19 71 72 73 76 78 80 84 88 89 92 95 97 98 99 101 102 103 104 109
21 72 75 78 79 81 84 86 87 90 92 93 96 97 98 103 104 105 106 107 108 110
18 75 76 77 79 80 85 87 91 92 94 95 98 99 101 103 107 108 111
23 71 78 79 80 82 83 84 86 88 91 92 93 95 96 97 99 100 102 104 105 107 109 111
27 71 72 73 74 80 81 82 83 85 87 89 90 92 93 95 97 99 101 102 103 104 106 107 108 109 110 111
24 75 76 77 78 80 83 85 86 87 88 89 90 92 95 97 98 101 102 104 106 107 108 110 111
16 73 75 78 82 86 87 89 92 93 96 97 100 102 106 109 110
21 73 74 75 77 78 79 84 85 88 92 93 94 95 96 97 98 99 102 103 106 109
22 71 72 75 78 80 81 82 83 86 87 91 93 96 97 99 100 101 103 106 107 108 109
25 74 75 77 79 80 81 82 83 91 92 93 94 95 96 98 99 100 101 102 105 106 107 108 110 111
17 72 73 74 77 79 80 84 86 89 94 95 96 97 100 103 104 108
27 71 72 73 74 75 76 78 79 80 81 82 85 86 91 92 94 98 99 100 101 105 106 107 108 109 110 111
14 71 74 75 76 77 80 81 84 85 87 92 96 99 104
19 74 77 78 79 81 83 84 85 87 89 90 91 97 99 101 102 106 107 110
18 71 72 74 75 79 82 83 86 90 94 95 96 98 99 103 105 106 108
24 71 73 74 75 76 80 81 82 86 88 89 90 92 93 94 97 98 99 102 105 108 109 110 111
21 71 72 76 78 82 83 84 85 88 89 91 94 96 97 98 103 104 105 106 108 110
15 73 81 82 84 87 90 92 93 94 98 101 103 106 108 111
12 73 75 77 81 85 86 87 90 92 95 107 111
22 71 75 76 80 82 84 89 90 93 94 95 96 98 99 100 103 104 105 106 108 110 111
24 72 73 75 78 79 80 82 83 84 85 86 87 92 94 96 97 98 101 102 104 105 108 109 110
21 71 72 76 77 78 80 81 83 88 89 90 92 94 95 99 101 102 104 105 109 110
22 71 72 74 76 77 79 80 81 83 88 90 91 93 94 95 96 97 100 107 108 109 110
17 76 78 79 80 82 83 85 86 88 89 90 92 97 101 102 109 111
12 73 83 84 85 87 89 91 93 95 97 98 103
18 72 74 75 76 78 84 85 86 92 95 98 99 100 102 107 108 109 111
26 71 72 73 74 75 76 78 79 81 82 85 86 88 89 90 91 92 93 94 95 99 100 102 106 109 111
12 72 73 80 81 90 93 95 97 98 100 106 108
26 71 73 74 75 78 79 80 81 82 86 87 88 89 90 91 92 95 96 100 103 106 107 108 109 110 111
19 73 75 77 78 79 80 82 86 88 89 91 92 98 102 104 106 108 110 111
18 71 73 74 80 83 85 86 88 91 92 93 99 102 105 106 108 110 111
28 72 74 76 77 79 80 81 83 84 86 87 90 91 92 93 94 95 96 98 99 100 101 102 105 106 108 109 110
24 71 72 73 75 77 83 84 86 90 92 93 94 95 96 97 98 100 101 102 103 105 106 108 109
22 73 74 75 76 78 79 80 83 85 89 91 92 94 95 97 98 99 101 106 107 108 110
20 71 72 80 83 85 86 89 92 93 94 96 98 99 100 101 103 104 105 106 108
15 75 79 80 81 82 83 85 88 91 94 96 97 99 105 111
21 71 72 75 76 77 78 79 84 85 89 90 91 94 95 102 103 104 106 107 109 111
25 71 72 73 74 76 79 80 81 82 83 89 91 93 94 95 96 97 100 101 102 103 105 107 110 111
17 71 75 80 82 83 84 86 88 94 96 101 102 104 106 107 108 109
15 72 74 76 77 84 86 87 88 93 101 102 103 106 110 111
19 73 74 75 78 79 80 81 82 84 87 89 92 96 98 99 101 104 106 110
13 73 74 75 82 90 94 96 101 102 104 106 107 108
23 71 72 74 75 76 78 80 82 85 86 87 91 92 94 95 96 98 102 103 105 107 108 111
22 73 74 77 78 79 80 81 83 85 86 90 91 93 94 95 96 97 98 100 101 107 111
13 72 75 76 79 80 88 89 90 97 102 103 107 110
16 72 73 78 80 81 84 86 88 91 93 95 97 99 102 108 109
13 71 74 75 77 80 87 91 95 96 100 108 110 111
20 74 75 77 79 83 84 85 86 88 90 91 92 94 97 98 100 101 105 106 107
14 71 72 73 75 78 81 82 91 94 97 98 105 106 107
19 71 73 75 76 78 81 85 87 88 90 92 93 95 96 98 99 103 108 109
14 73 76 77 78 79 81 82 83 86 96 98 108 109 111
14 72 75 80 82 84 86 87 91 93 98 106 107 109 111
26 72 74 75 76 78 81 83 84 85 86 87 88 92 94 95 96 97 98 100 102 103 104 105 109 110 111
26 71 73 74 75 76 77 78 80 81 83 85 87 88 89 92 93 94 96 97 100 101 103 105 109 110 111
21 71 72 73 74 75 78 82 83 84 86 93 94 96 97 98 99 100 102 103 104 109
16 77 79 81 82 83 84 87 88 89 93 96 98 102 107 108 111
20 71 72 73 77 80 82 84 85 86 88 89 92 94 95 96 99 100 102 103 106
26 71 73 75 78 79 80 82 83 84 85 86 88 89 90 91 92 96 99 100 102 104 105 106 107 108 109
15 73 78 79 84 89 95 97 98 99 100 101 103 105 109 110
15 74 75 79 81 82 83 89 90 93 94 95 96 105 106 109
15 72 77 79 81 85 88 92 94 95 96 97 102 105 109 111
12 72 73 74 78 79 86 97 98 101 103 107 108
12 71 74 78 83 85 90 93 96 97 102 105 106
24 72 74 75 76 77 78 81 83 84 85 86 88 90 93 94 95 97 98 101 102 105 106 107 108
19 72 73 75 77 78 79 80 83 90 91 92 93 94 98 100 101 103 107 109
14 77 85 88 90 97 101 102 103 104 105 107 108 109 111
25 71 74 76 77 78 80 82 83 84 85 88 90 91 92 94 99 100 102 104 105 107 108 109 110 111
25 71 72 73 75 76 78 80 81 83 85 86 87 90 91 93 94 95 96 98 103 104 107 108 109 111
25 71 72 73 74 75 76 77 80 81 82 83 84 86 90 95 96 97 98 100 101 105 106 108 109 110
27 71 72 73 78 84 86 87 88 89 90 92 93 94 95 96 99 100 101 102 104 105 106 107 108 109 110 111
14 74 77 78 79 82 84 85 86 87 94 97 98 104 107
21 71 75 76 78 80 81 82 84 85 88 91 93 94 98 100 102 103 104 105 108 110
22 71 72 75 77 78 80 81 82 83 84 85 89 91 92 96 97 98 99 103 104 110 111
21 72 73 76 80 81 82 83 85 86 89 91 93 94 95 98 100 106 107 109 110 111
24 71 72 73 74 78 82 83 85 86 90 91 92 93 95 96 98 99 102 103 105 106 108 109 111
23 72 73 74 76 77 79 80 81 84 85 86 89 90 91 92 95 96 102 103 104 107 108 109
19 71 76 77 78 82 83 86 88 89 90 92 93 95 96 100 103 106 108 111
25 71 73 74 75 76 77 78 79 80 82 85 86 90 92 94 95 96 99 102 103 104 107 108 109 110
16 74 78 81 83 84 87 88 89 93 94 97 98 99 100 101 107
15 73 74 78 79 80 82 85 88 92 94 96 98 99 100 104
19 71 72 75 77 80 81 82 84 85 87 90 92 94 95 102 103 104 106 110
21 71 72 74 75 76 82 83 86 87 91 92 93 94 95 101 102 103 104 107 109 110
20 75 76 77 80 81 82 83 91 92 93 98 99 100 101 102 104 106 107 108 109
26 72 73 74 77 78 79 80 84 85 86 87 88 89 92 93 94 95 96 97 100 103 104 106 109 110 111
12 72 75 79 82 85 93 102 105 106 107 109 111
20 72 73 74 76 77 80 84 86 89 93 94 100 104 105 106 107 108 109 110 111
14 72 76 78 82 84 89 90 91 93 96 97 98 99 106
23 71 72 74 79 80 81 82 83 85 87 88 89 92 96 97 99 100 101 102 104 105 107 109
25 71 72 75 76 78 79 81 83 85 87 89 90 93 94 95 96 98 99 103 104 105 106 107 109 111
19 71 74 77 78 79 81 84 87 92 95 96 97 98 100 101 102 103 105 107
23 71 72 77 79 80 81 82 84 87 90 91 93 96 97 99 100 102 103 105 107 108 110 111
19 71 74 75 78 79 81 82 83 84 85 88 91 93 97 98 99 102 104 107
17 73 74 76 77 81 82 83 84 86 88 91 93 95 98 99 100 107
20 72 76 77 83 84 85 86 89 90 91 92 94 95 98 99 102 105 108 109 111
27 71 72 73 74 76 77 78 80 82 83 84 86 87 88 90 91 93 94 97 100 101 104 105 106 107 108 111
16 74 76 77 78 79 80 81 90 92 94 95 96 101 102 105 106
20 71 72 74 75 77 79 81 84 85 87 88 91 93 94 96 98 103 105 107 109
25 71 72 73 74 76 79 80 81 82 84 85 87 88 89 94 96 98 100 103 104 106 108 109 110 111
19 71 72 76 77 78 81 83 85 90 92 94 97 98 99 100 101 102 105 107
24 73 75 77 81 82 83 84 85 89 90 91 92 93 96 98 99 100 101 103 107 108 109 110 111
27 72 73 74 75 77 78 79 80 81 82 83 86 88 89 91 92 96 99 100 101 102 103 104 105 107 108 110
28 72 73 74 75 76 77 79 80 82 83 84 85 87 89 90 92 93 94 95 96 97 98 100 102 103 104 105 107
22 71 73 74 77 78 79 81 82 83 85 86 88 89 90 94 96 97 98 104 106 108 111
16 77 78 81 84 88 93 95 96 97 99 102 105 108 109 110 111
23 74 75 76 79 80 82 84 85 86 88 89 90 91 93 96 97 99 103 105 106 108 109 110
26 71 72 73 74 75 76 77 78 79 80 81 82 84 86 88 91 92 93 96 97 99 102 103 108 109 111
24 72 76 78 80 84 86 87 89 90 91 92 94 95 97 99 100 101 102 103 104 105 109 110 111
28 72 73 74 76 78 79 81 82 84 85 86 87 89 90 91 92 94 96 97 99 101 102 103 104 106 107 108 111
14 72 75 81 85 86 91 96 97 98 99 101 102 105 110
12 74 78 92 93 97 98 99 103 106 107 109 110
26 71 74 76 78 80 83 85 86 87 88 89 90 91 92 93 95 96 97 101 102 103 105 106 107 109 111
15 72 76 81 84 85 87 88 90 91 92 93 97 98 99 109
21 71 72 73 74 76 77 78 85 88 89 90 92 95 96 97 98 101 102 104 109 111
20 73 75 77 78 79 80 82 83 84 86 90 93 96 98 102 103 104 107 108 110
25 71 75 76 78 79 80 81 82 83 88 89 91 92 93 96 97 98 99 100 103 104 105 106 108 111
16 72 73 75 76 78 81 86 87 89 90 93 97 98 99 105 111
19 73 74 76 77 81 84 85 86 88 89 90 94 95 96 98 99 105 109 111
24 73 74 78 79 80 81 83 84 88 89 90 91 92 93 95 97 101 104 105 107 108 109 110 111
19 71 75 80 81 82 84 87 88 89 90 91 93 97 102 103 105 106 108 110
25 71 73 75 76 77 78 79 80 83 84 87 89 90 91 93 95 96 98 102 103 104 105 106 110 111
20 71 72 73 75 76 77 79 80 85 86 87 89 91 96 101 103 105 107 109 111
18 76 82 83 84 85 89 90 95 96 98 99 101 103 104 106 108 109 111
19 71 80 81 84 85 87 88 89 90 91 94 95 99 100 103 108 109 110 111
22 71 76 77 78 83 85 86 87 88 89 90 93 95 96 98 99 100 102 104 105 108 111
13 73 78 81 86 87 88 90 93 100 103 105 107 108
24 71 72 74 75 77 78 79 80 81 87 89 92 93 94 95 96 100 101 102 103 104 108 109 110
26 71 72 75 76 77 78 81 84 85 87 90 91 93 95 96 98 99 100 101 102 105 106 108 109 110 111
26 71 74 75 77 79 80 82 83 84 85 86 88 89 90 91 92 93 95 96 99 101 104 106 107 110 111
15 73 74 75 78 79 82 83 86 89 90 92 100 102 106 109
14 75 76 77 78 88 91 96 97 101 103 104 105 107 109
18 71 73 75 77 81 84 88 92 93 99 100 102 104 105 106 108 110 111
17 71 72 73 75 79 93 94 95 96 98 100 102 104 106 107 109 111
20 71 72 73 74 75 78 79 84 86 90 93 96 98 100 101 102 103 105 106 110
23 71 72 73 74 75 77 78 83 86 87 89 90 93 94 96 97 99 100 103 104 105 107 110
18 75 76 77 78 80 81 82 83 87 90 93 95 96 98 104 106 109 110
18 75 76 77 78 79 80 87 95 97 98 100 101 103 104 106 107 109 110
12 71 76 80 81 82 86 89 90 91 97 102 110
16 72 74 76 80 82 90 94 97 98 101 102 103 105 106 110 111
26 73 74 75 76 78 80 81 82 83 84 86 87 88 89 90 93 94 96 97 98 99 102 104 107 109 111
16 73 76 80 81 82 91 93 95 97 100 102 103 105 106 108 111
21 74 77 78 82 83 84 86 89 93 94 95 100 101 103 105 106 107 108 109 110 111
23 73 74 75 76 77 78 80 81 82 85 86 87 88 89 91 95 96 98 100 106 107 110 111
26 71 72 73 74 76 78 80 83 84 85 86 90 92 93 94 96 97 98 99 101 102 104 108 109 110 111
14 71 78 81 87 89 95 96 98 102 103 104 105 108 110
22 72 73 76 78 81 82 83 86 88 90 91 93 94 96 97 100 102 103 104 105 107 109
21 71 72 73 75 80 83 85 86 87 89 91 92 95 97 98 100 102 104 107 108 111
25 71 72 73 75 76 77 79 81 84 85 87 88 92 94 96 97 98 99 101 102 103 104 105 107 111
15 73 77 80 81 82 88 89 93 99 100 102 104 105 106 107
26 72 73 74 76 78 79 80 82 83 84 85 86 87 88 89 90 94 95 98 100 101 103 104 105 106 109
13 72 76 79 81 83 87 89 90 97 101 105 106 111
16 73 74 80 85 87 92 94 97 99 102 103 107 108 109 110 111
23 71 78 79 80 82 83 85 86 87 89 91 92 95 96 97 98 99 100 102 103 106 108 109
12 71 73 78 81 82 83 90 92 93 94 95 96
22 71 73 78 80 82 83 84 85 86 89 92 94 95 100 101 102 103 106 107 108 110 111
21 71 72 73 78 79 80 82 84 86 87 88 92 95 96 98 100 101 104 106 109 111
19 76 78 79 82 83 85 86 88 90 95 97 98 101 104 105 106 107 108 110
18 74 75 76 78 81 83 84 86 87 91 94 96 97 100 104 107 110 111
13 74 78 81 87 89 91 94 95 100 102 103 106 110
24 71 75 77 81 82 83 84 85 86 88 90 92 93 94 95 97 98 99 100 102 103 104 106 109
17 71 72 80 81 83 84 88 89 90 96 101 102 107 108 109 110 111
12 72 74 78 81 84 85 88 98 100 101 103 109
24 73 75 77 78 79 82 85 87 89 90 91 92 93 94 95 96 97 98 99 101 102 105 106 108
13 73 84 85 87 89 91 92 95 97 99 100 101 105
15 71 73 76 78 82 83 84 95 99 100 101 104 106 110 111
18 74 75 76 81 82 84 86 89 91 92 93 95 96 98 101 102 103 105
24 71 72 73 74 75 77 82 83 85 87 88 90 93 94 97 98 101 102 105 106 108 109 110 111
12 72 79 80 89 91 92 95 97 98 103 106 110
16 72 74 77 78 79 80 82 84 85 88 92 99 100 104 106 108
26 73 76 77 78 79 80 81 82 83 85 87 88 89 90 92 94 96 97 98 99 100 102 104 106 109 110
19 74 76 80 83 85 87 89 91 93 94 95 96 98 99 102 103 104 108 110
27 71 72 73 75 76 78 80 81 82 83 84 85 87 90 91 92 94 95 97 98 100 101 102 104 105 106 108
20 71 72 73 74 75 76 78 79 80 82 85 92 93 94 97 102 106 107 108 111
15 72 74 77 78 85 86 88 93 95 98 99 103 107 110 111
13 72 76 82 85 86 90 93 98 99 103 105 107 108
17 72 73 75 76 79 83 88 89 90 91 94 95 97 102 103 104 111
13 74 75 78 81 83 92 94 97 103 105 107 108 111
15 74 76 87 93 94 96 97 98 100 102 103 104 105 107 108
20 73 75 78 79 81 82 87 89 91 94 95 98 100 102 103 104 105 108 110 111
14 76 78 79 80 81 83 89 90 92 94 106 108 110 111
15 72 75 76 77 79 84 90 92 94 98 99 102 103 106 107
28 72 74 75 76 77 78 80 81 82 83 84 85 86 88 91 93 94 95 96 97 98 99 103 106 107 108 109 110
24 74 75 77 78 79 80 81 82 83 84 85 87 89 90 94 95 96 97 98 99 103 106 107 109
27 71 72 73 76 78 79 80 82 84 85 86 88 90 91 93 94 95 97 99 100 102 103 105 106 108 110 111
23 71 75 77 78 80 82 84 87 88 89 90 92 93 96 98 101 102 103 104 105 106 109 111
16 73 78 80 83 84 85 86 89 91 92 94 95 97 101 102 103
7 119 125 140 142 151 157 161
27 115 116 117 119 122 124 127 129 133 134 135 139 141 142 143 145 149 150 151 152 153 155 156 158 162 163 164
16 118 121 122 125 127 128 134 138 140 141 142 143 145 149 151 152
11 112 119 125 128 141 142 143 150 154 156 161
15 113 116 120 121 122 127 137 144 145 148 149 152 159 163 164
14 112 121 122 126 133 136 137 143 148 150 155 158 159 163
10 114 117 127 128 132 133 139 144 154 159
20 112 116 122 125 128 129 136 138 141 147 149 151 152 153 155 156 157 158 160 161
44 113 114 116 117 119 120 121 122 123 124 125 126 128 129 130 131 132 133 134 135 136 137 138 139 140 141 142 143 146 147 148 149 152 154 155 156 157 159 160 161 162 163 164 165
11 115 119 126 127 130 131 139 140 143 145 150
14 117 119 122 124 127 128 133 135 139 145 150 156 157 162
10 114 117 124 127 129 146 153 160 162 164
10 117 119 123 129 136 150 151 154 156 159
11 112 114 115 124 127 128 130 132 139 141 163
19 112 118 120 124 125 127 130 136 137 139 143 147 150 152 153 156 158 159 161
19 114 115 119 121 124 126 129 130 133 137 141 144 145 149 152 156 161 162 164
24 112 114 116 117 118 121 122 126 130 131 132 133 135 140 144 147 152 153 154 157 158 161 164 165
4 112 113 117 122
22 113 117 123 124 126 130 131 132 135 139 144 147 148 153 155 156 157 159 160 161 164 165
9 113 118 132 135 136 140 142 146 147
12 118 120 121 133 134 137 142 146 159 162 163 164
15 112 115 122 124 127 133 137 140 141 144 146 148 152 153 157
28 112 116 117 118 120 121 123 124 126 127 133 135 136 137 141 142 146 147 148 149 150 152 156 158 161 162 163 164
14 116 120 121 124 125 129 132 135 139 140 145 148 149 151
16 113 115 119 120 124 127 128 134 137 141 143 145 156 159 162 163
16 116 123 125 128 130 133 136 137 140 144 147 150 152 156 157 161
12 112 118 121 130 144 148 151 155 158 160 164 165
10 112 115 118 127 144 145 150 151 153 158
24 112 113 114 115 118 120 121 131 134 135 136 140 142 148 149 150 151 155 157 158 160 161 162 164
14 116 120 122 123 125 131 134 150 153 155 158 159 160 165
15 114 115 117 119 125 126 127 131 133 138 139 141 142 148 157
11 119 130 145 146 147 148 149 155 157 161 164
22 113 118 121 122 124 129 130 134 135 136 137 143 147 149 150 151 153 155 156 161 164 165
12 112 117 127 128 138 139 143 148 151 154 157 163
16 113 114 115 116 117 119 122 126 132 135 141 144 145 154 155 160
16 118 120 121 124 126 129 138 139 141 142 149 153 154 158 160 165
14 123 125 129 136 138 139 142 146 148 149 150 151 155 160
14 117 121 124 133 136 141 148 151 155 158 159 160 161 165
18 114 115 119 127 131 132 134 135 143 145 146 148 151 155 159 162 163 164
35 112 114 116 117 118 120 121 124 125 126 127 129 130 131 132 134 136 140 141 143 144 145 146 147 148 149 151 154 155 158 159 161 162 163 165
15 117 119 127 128 129 130 133 137 144 145 146 147 152 159 163
20 115 118 119 121 123 124 134 135 136 140 146 147 148 149 152 155 157 158 162 163
19 112 120 121 122 132 134 137 138 142 144 147 148 150 152 153 158 162 163 164
21 116 118 119 123 125 129 131 132 134 138 139 143 145 150 151 154 155 156 158 162 165
27 112 113 114 118 120 121 123 125 126 128 130 131 132 136 137 138 140 144 146 147 148 154 157 159 160 161 165
24 112 113 116 120 122 125 126 129 130 131 137 138 141 142 143 145 150 151 153 156 160 161 164 165
13 120 122 125 135 138 144 147 152 153 155 157 160 162
28 114 115 117 118 123 124 126 129 130 131 132 133 134 135 136 138 139 140 146 147 151 153 155 157 158 160 162 165
6 129 133 146 148 163 164
23 113 115 116 118 120 123 128 130 131 132 134 135 138 139 141 144 145 147 149 152 154 156 165
6 124 125 126 138 156 165
22 114 115 119 122 128 129 132 134 135 137 139 140 141 145 151 152 153 154 155 159 160 165
8 122 128 130 131 134 145 157 159
15 112 116 117 118 124 127 131 138 146 147 148 150 158 161 163
15 112 113 115 124 125 126 129 131 136 148 153 159 160 161 163
13 121 123 128 131 134 138 140 142 149 151 157 162 165
7 113 114 121 135 161 163 164
20 113 116 118 121 126 131 133 134 137 140 142 143 145 146 148 149 158 161 164 165
18 113 122 123 126 128 129 131 133 134 139 140 152 153 158 159 162 163 165
11 113 114 117 123 124 132 135 144 148 154 165
25 112 114 115 116 117 118 120 121 124 125 127 132 135 136 137 138 141 142 143 144 150 151 154 156 160
20 114 116 119 122 123 127 128 130 132 134 135 138 144 145 146 151 152 154 157 165
35 113 114 115 116 117 118 119 123 124 125 126 127 128 129 130 131 133 135 136 139 140 141 143 145 146 149 151 154 155 156 157 159 160 161 165
21 115 117 121 125 126 127 135 136 138 139 140 142 143 144 146 147 149 152 157 158 163
19 113 115 119 122 123 128 133 135 137 138 139 142 150 152 153 156 157 160 164
18 113 114 115 119 125 129 132 138 139 140 143 144 151 153 154 155 160 165
40 112 113 114 115 116 118 119 120 122 123 125 126 127 128 129 130 131 132 134 135 137 138 139 140 142 143 144 145 146 147 149 150 152 153 154 156 157 162 163 164
33 112 113 114 116 118 119 120 122 123 124 128 129 130 131 132 133 134 137 141 145 148 150 151 153 154 155 156 159 160 161 162 164 165
18 114 120 123 126 129 131 134 136 137 138 142 143 146 147 149 152 161 163
17 113 120 121 123 125 126 130 133 136 142 143 144 149 156 157 162 164
40 112 113 114 115 117 118 119 122 123 126 127 128 130 131 133 134 136 137 138 141 142 143 144 146 147 150 152 153 154 155 156 157 158 159 160 161 162 163 164 165
9 116 122 123 132 139 141 143 153 154
19 117 118 120 121 133 137 139 140 141 142 143 147 149 150 155 156 158 162 164
16 112 114 115 116 119 120 129 133 136 137 146 150 154 158 162 163
17 112 116 120 123 128 132 140 144 145 146 152 154 158 159 160 162 163
11 117 120 126 128 130 136 142 147 149 159 160
10 113 115 116 125 132 140 141 153 154 159
10 126 128 129 133 134 152 153 159 162 165
33 113 116 117 120 122 125 126 128 130 131 132 133 135 136 137 138 139 140 141 142 143 146 147 152 154 155 156 157 159 162 163 164 165
10 112 113 115 124 125 129 136 159 161 163
11 115 118 119 134 135 136 146 149 152 158 162
11 116 125 133 136 140 147 150 152 156 157 161
10 123 125 128 130 133 136 137 140 147 157
15 113 123 124 130 131 132 135 139 147 157 159 160 161 164 165
12 117 119 127 129 130 133 137 144 146 147 159 163
12 118 121 125 127 128 134 140 141 145 149 151 152
15 112 118 124 125 127 137 139 143 147 150 152 153 156 158 159
13 120 121 124 126 138 139 141 142 149 153 154 158 160
17 112 114 116 117 121 124 127 135 136 137 138 141 144 151 154 156 160
7 115 116 132 140 153 154 159
10 121 123 125 130 133 136 142 143 144 149
11 121 126 133 136 137 143 148 155 158 159 163
12 114 115 119 125 126 127 133 138 139 142 148 157
7 112 118 144 145 151 153 158
7 127 128 133 144 145 152 159
6 120 137 142 146 159 163
16 114 115 117 126 130 131 134 138 140 146 147 151 153 157 158 162
8 114 115 116 120 137 146 150 163
10 117 127 128 138 139 143 148 154 157 163
17 113 123 131 132 135 139 144 147 148 153 155 156 157 159 160 161 164
10 114 115 119 120 129 133 146 150 158 162
13 117 118 120 133 137 141 142 143 147 150 156 158 164
7 113 116 121 127 148 149 164
14 114 115 119 126 129 133 137 144 149 152 156 161 162 164
12 117 127 128 129 130 133 137 144 145 152 159 163
5 122 128 131 134 159
7 118 120 133 142 159 162 164
3 125 138 156
12 113 116 120 121 122 127 145 148 149 152 163 164
22 112 113 115 122 125 126 129 130 134 135 137 139 140 142 145 146 147 149 152 154 157 164
21 116 117 118 120 121 124 127 131 134 136 141 144 145 146 147 148 155 158 162 163 165
5 122 128 130 145 159
20 114 115 117 118 120 124 125 127 132 135 136 137 138 141 142 143 144 151 156 160
5 125 140 151 157 161
10 119 127 131 132 134 143 145 148 159 162
10 116 120 125 132 135 139 140 145 149 151
16 117 118 120 121 133 137 139 140 141 142 143 149 150 155 158 162
6 115 125 132 140 141 153
9 114 129 131 134 137 146 147 149 161
13 112 122 124 127 133 137 140 141 144 146 148 153 157
14 120 121 122 132 134 137 142 144 147 150 153 158 162 164
12 113 118 122 124 129 147 150 151 156 161 164 165
12 114 119 123 127 128 144 145 146 151 152 154 157
12 113 115 123 128 133 139 150 153 156 157 160 164
15 113 120 123 125 130 133 136 142 143 144 149 156 157 162 164
10 121 135 140 146 148 149 157 158 162 163
18 114 122 128 129 132 134 135 137 139 141 145 152 153 154 155 159 160 165
11 112 118 136 137 139 143 147 152 156 158 161
10 115 125 126 129 131 136 153 159 161 163
11 112 120 124 127 139 147 150 152 153 156 158
5 125 142 151 157 161
11 118 121 126 129 138 141 142 153 154 160 165
31 113 115 116 117 123 124 125 126 127 128 129 130 131 135 136 139 140 141 143 145 146 149 151 154 155 156 157 159 160 161 165
10 115 128 134 137 141 143 145 156 159 163
5 115 118 150 151 158
11 114 120 123 134 136 137 138 147 152 161 163
20 112 114 115 116 118 120 124 125 127 135 137 138 141 142 143 144 150 151 154 160
5 130 145 147 148 164
8 121 122 127 137 144 149 163 164
12 117 119 128 129 133 144 145 146 147 152 159 163
6 119 130 146 147 149 164
11 113 120 122 127 137 144 148 152 159 163 164
8 120 121 124 125 132 139 145 148
3 133 148 164
9 116 118 127 131 138 146 148 158 163
15 112 114 117 121 122 130 132 133 140 144 147 152 154 158 165
7 121 130 144 148 151 155 160
14 122 129 132 135 139 140 145 151 152 153 154 155 159 165
9 117 120 128 136 142 147 149 159 160
11 112 113 115 125 129 131 136 148 160 161 163
12 117 119 122 124 127 133 135 139 150 156 157 162
9 112 119 125 128 141 143 150 156 161
10 116 118 126 131 133 140 146 158 164 165
12 117 127 129 133 137 144 145 146 147 152 159 163
5 114 117 132 139 159
18 115 119 122 128 129 132 134 135 139 140 141 145 151 152 153 154 159 165
4 130 131 134 145
9 122 123 125 131 134 153 158 160 165
9 112 118 121 148 151 155 158 160 164
14 112 120 122 132 134 137 142 147 148 150 152 153 158 163
7 120 133 134 142 159 162 163
7 131 138 140 142 149 151 165
6 118 121 130 144 151 165
10 112 115 124 125 129 131 136 153 160 161
3 133 146 163
27 114 117 119 120 121 123 124 125 128 130 132 136 137 138 139 140 142 143 147 149 154 157 159 160 161 162 165
6 128 138 139 143 154 157
10 124 133 141 148 151 155 158 159 160 165
7 113 120 122 137 144 149 163
12 118 121 124 126 129 138 139 142 149 158 160 165
12 116 118 121 134 137 140 142 145 148 158 161 164
16 116 118 131 133 134 137 140 142 143 145 146 148 149 158 164 165
14 113 114 120 121 125 126 130 132 136 140 147 148 154 160
21 115 116 119 124 127 133 135 141 142 143 145 149 150 151 152 153 156 158 162 163 164
6 123 128 131 140 149 165
6 128 130 131 134 157 159
13 116 117 120 121 124 125 127 135 136 137 141 144 154
11 114 117 119 125 131 133 139 141 142 148 157
8 114 115 124 127 130 132 139 141
13 112 115 116 120 121 124 127 135 136 137 138 143 150
15 118 120 123 124 126 127 135 136 141 142 149 150 158 162 164
16 118 120 124 125 130 136 139 143 147 150 152 153 156 158 159 161
11 123 129 138 139 142 148 149 150 151 155 160
8 121 124 133 151 155 158 159 160
12 119 123 129 131 132 134 145 150 154 155 156 162
10 113 115 119 129 132 139 151 154 160 165
13 112 116 120 122 125 126 129 131 141 142 143 151 164
11 112 120 121 122 132 134 142 144 152 153 162
14 113 120 121 123 126 130 133 136 143 144 149 156 157 164
22 112 114 116 117 118 120 121 124 125 132 136 137 138 141 142 143 144 150 151 154 156 160
8 112 119 125 142 143 150 154 161
14 114 115 119 131 134 135 143 146 148 151 155 159 162 163
6 113 114 121 161 163 164
15 112 118 120 124 125 127 130 136 137 139 143 152 153 158 159
24 112 116 117 118 121 123 124 126 127 135 136 137 141 146 147 149 150 152 156 158 161 162 163 164
8 114 124 127 129 146 160 162 164
6 119 125 128 141 143 156
16 114 123 125 126 128 131 132 136 137 138 144 146 148 154 159 165
13 119 120 124 127 128 134 137 141 143 145 156 159 163
7 122 135 147 153 157 160 162
9 112 114 116 129 133 136 146 158 162
13 112 114 118 126 135 140 147 152 153 154 158 161 164
8 114 115 124 127 128 130 132 163
10 112 118 130 144 148 155 158 160 164 165
12 112 115 122 124 127 137 140 141 146 148 152 153
14 113 122 123 128 129 131 133 134 139 140 152 153 158 163
16 114 120 123 126 129 131 134 136 137 138 142 143 147 149 161 163
15 114 115 119 127 131 132 134 135 143 145 148 151 155 159 162
19 112 113 114 115 118 120 131 135 136 140 142 149 150 155 157 158 161 162 164
8 128 130 137 144 147 150 152 157
18 112 113 116 120 129 130 131 138 141 142 143 145 151 153 160 161 164 165
14 113 114 115 125 129 132 138 139 140 143 144 151 153 160
13 113 115 120 124 128 137 141 143 145 156 159 162 163
10 121 123 128 134 140 142 151 157 162 165
13 114 122 129 132 137 139 140 145 151 153 154 159 160
8 113 117 123 124 132 144 148 165
12 121 124 129 130 135 136 137 147 149 153 161 165
3 124 126 138
10 118 121 130 144 148 151 155 158 160 164
12 116 123 133 136 137 140 144 147 152 156 157 161
12 113 116 123 130 131 135 138 139 145 147 154 156
18 113 118 122 124 129 134 135 136 137 143 147 150 151 153 155 156 161 164
9 118 121 130 144 148 151 158 164 165
11 121 123 128 131 134 138 140 149 151 162 165
13 112 120 121 122 132 148 150 152 153 158 162 163 164
5 116 125 140 153 159
12 116 118 119 123 132 134 150 151 155 156 162 165
14 117 126 130 132 133 134 136 139 146 147 151 153 157 165
3 133 148 164
6 112 128 138 151 154 157
11 113 121 124 134 135 137 147 150 151 153 165
15 114 115 119 127 131 132 135 143 145 146 148 151 159 163 164
16 113 117 124 126 130 131 132 135 139 144 153 155 157 160 164 165
18 112 113 120 121 126 130 132 136 138 140 144 146 147 148 157 159 160 165
9 118 121 124 126 141 142 153 154 160
16 113 121 122 124 129 135 136 137 143 147 149 151 156 161 164 165
11 120 125 135 138 144 147 152 155 157 160 162
20 117 118 120 123 124 126 127 133 137 141 146 147 149 150 152 156 161 162 163 164
6 130 145 146 157 161 164
9 125 135 138 144 147 152 155 157 160
15 113 118 122 124 129 135 136 137 147 149 150 155 156 164 165
12 112 116 122 125 126 138 143 145 150 151 161 165
4 122 128 130 159
7 118 120 134 146 159 163 164
4 126 138 156 165
11 116 120 124 125 135 139 140 145 148 149 151
33 112 113 114 115 117 118 119 123 126 127 128 131 133 134 136 137 138 142 143 144 146 147 152 153 154 155 156 158 160 161 163 164 165
24 113 114 116 118 123 124 126 127 128 130 131 133 136 141 143 145 146 149 151 154 155 157 159 161
15 113 122 123 126 128 131 133 134 139 140 152 153 158 162 165
18 114 118 120 123 125 126 130 132 137 138 146 147 148 154 157 159 161 165
7 120 129 135 140 145 148 151
13 117 118 120 121 133 139 140 141 143 147 149 155 164
8 117 119 123 136 150 151 156 159
12 122 123 126 128 129 131 133 134 139 140 153 163
12 116 120 121 122 127 144 145 148 152 159 163 164
6 130 145 148 149 155 157
18 113 115 118 123 130 131 132 134 135 138 139 144 145 147 152 154 156 165
8 112 124 127 128 132 139 141 163
3 125 156 165
28 114 116 117 119 126 128 129 131 132 133 134 137 139 140 142 143 146 147 148 149 152 154 156 159 161 163 164 165
15 113 114 115 119 129 132 138 139 140 144 153 154 155 160 165
8 123 125 150 155 158 159 160 165
11 116 118 119 125 131 132 138 151 154 156 165
35 112 118 119 121 122 123 124 125 126 128 129 130 131 133 135 136 137 138 141 142 145 146 147 148 149 150 151 152 153 155 156 161 162 163 164
37 112 114 115 117 118 119 121 123 124 125 126 127 128 130 131 132 134 135 136 137 140 143 144 145 146 147 148 149 150 153 154 155 156 160 161 163 165
20 112 114 121 123 128 129 130 131 132 134 143 146 149 151 153 157 160 162 164 165
19 113 114 117 120 121 129 132 134 137 138 140 141 143 145 146 152 155 156 158
20 118 121 122 123 125 129 130 131 140 142 144 146 152 154 156 159 161 162 163 164
32 113 114 116 117 119 121 122 123 124 125 126 127 129 131 133 135 136 140 142 143 145 147 148 149 155 156 157 158 160 161 162 165
28 112 113 114 118 121 122 126 127 130 133 135 136 137 138 139 142 144 146 152 153 155 156 157 158 159 160 162 165
34 114 115 116 117 119 120 121 122 123 124 125 127 131 132 133 135 136 137 138 141 144 146 148 149 150 153 154 156 157 159 160 162 163 165
31 113 114 116 118 119 122 124 125 127 131 133 134 136 137 140 141 142 143 145 146 148 151 155 156 158 159 160 161 162 163 164
20 113 115 118 121 124 126 127 128 129 131 132 139 144 148 150 151 152 153 155 156
31 112 113 114 115 116 118 121 122 124 125 131 132 133 134 135 137 138 141 142 144 145 146 149 153 157 158 159 160 161 162 163
26 112 113 114 115 118 119 121 122 125 126 127 131 132 134 135 140 142 145 149 151 155 156 159 161 162 163
24 114 115 119 122 124 126 127 130 133 134 136 137 138 139 140 141 145 146 148 149 152 157 164 165
27 113 115 117 118 119 121 126 127 129 130 132 133 134 135 137 141 142 146 147 152 154 156 157 160 161 162 163
37 113 114 115 116 117 118 119 120 122 125 126 127 128 129 130 131 132 135 137 138 141 142 145 146 147 148 150 151 152 153 154 157 158 161 163 164 165
22 119 120 121 124 125 127 128 130 132 134 136 138 139 141 143 144 147 148 150 156 157 159
26 112 113 118 119 122 124 125 127 128 130 132 133 134 138 139 143 148 149 150 154 156 157 160 163 164 165
25 113 114 115 120 123 124 126 127 129 135 137 138 139 140 147 148 150 151 152 157 159 160 161 162 164
23 114 115 119 121 123 130 132 133 134 135 138 139 142 144 145 147 153 154 156 158 161 163 165
22 113 116 121 122 125 126 128 134 135 139 142 143 144 146 149 154 157 158 159 160 162 163
30 113 117 118 121 122 123 124 126 128 131 133 134 135 136 139 140 141 142 145 147 148 149 150 152 154 155 158 161 164 165
35 112 113 114 115 116 117 118 119 120 123 124 126 127 128 129 130 131 133 137 138 139 140 142 146 147 148 152 153 156 157 158 159 162 163 164
21 114 116 119 129 131 132 133 135 140 141 143 144 146 149 150 151 154 159 162 163 165
29 112 114 120 121 123 125 127 129 131 133 134 135 136 138 139 140 141 147 149 150 151 152 153 154 157 159 160 162 165
30 112 114 115 116 117 121 122 124 125 126 128 129 131 133 134 136 138 142 143 144 145 148 152 153 154 155 158 160 163 165
37 112 114 115 116 118 119 121 122 125 127 128 131 133 136 137 139 140 142 143 144 145 147 148 149 150 151 152 153 154 157 158 159 160 161 162 163 165
25 112 113 114 119 123 129 131 138 139 140 142 144 146 147 148 150 151 152 153 154 157 158 159 160 163
24 118 119 126 127 128 130 135 136 137 141 143 145 146 147 149 150 151 153 154 158 159 162 163 165
29 113 114 116 119 120 122 124 129 133 134 137 140 141 143 144 146 148 149 150 151 152 154 155 156 157 159 161 163 165
28 113 114 115 116 117 120 125 126 131 132 134 135 137 141 143 144 145 147 148 150 151 153 155 156 158 160 163 164
25 115 116 117 120 123 124 125 127 132 133 134 137 138 144 146 148 149 151 152 154 155 157 158 159 165
30 114 117 118 120 122 124 125 126 128 129 130 132 133 135 136 140 141 142 144 146 147 149 150 151 155 160 161 162 163 165
21 118 121 122 123 125 128 129 132 133 137 138 139 142 145 146 148 149 153 156 157 162
21 112 115 116 117 120 124 125 128 129 130 133 139 145 146 147 150 152 153 158 163 165
23 112 113 115 117 120 126 128 129 132 134 138 140 146 147 148 149 151 154 155 157 161 164 165
28 114 120 121 123 125 126 127 128 130 131 132 133 134 135 136 141 144 145 148 149 150 152 154 156 158 160 163 165
26 112 113 114 115 117 120 121 122 123 126 131 133 134 136 137 141 142 144 146 148 152 155 157 161 162 165
25 115 118 120 124 125 126 127 128 130 132 134 135 138 141 144 146 149 150 153 154 156 157 160 161 162
17 114 128 131 136 137 143 144 146 147 149 151 152 155 157 159 163 165
36 112 113 114 116 117 118 120 121 123 124 127 129 131 132 133 135 139 142 144 145 147 148 149 150 152 153 154 155 156 157 159 160 161 163 164 165
28 112 113 114 116 121 124 125 126 128 129 130 131 132 133 134 136 139 143 147 151 152 153 155 156 157 161 162 163
36 112 113 114 116 118 119 120 122 126 128 129 132 133 134 135 137 138 140 141 142 143 145 148 149 150 152 153 154 156 158 159 160 162 163 164 165
26 112 113 114 115 117 118 125 127 128 129 131 132 134 135 136 139 140 145 147 148 151 155 156 162 163 164
17 117 118 120 124 131 138 141 145 146 148 149 150 151 152 156 159 162
26 112 113 114 116 117 118 120 122 125 126 127 130 133 138 139 140 141 142 143 145 146 149 150 154 162 163
35 112 113 114 115 116 117 118 119 120 121 123 124 127 133 135 137 140 143 144 145 146 147 148 149 152 153 155 156 157 158 159 162 163 164 165
33 112 113 117 118 120 121 122 125 126 129 130 131 132 135 136 137 140 142 143 144 145 146 147 148 149 151 153 154 155 156 157 160 165
23 112 116 118 120 121 125 126 127 129 130 131 134 136 137 140 142 144 146 147 155 156 159 164
37 113 114 115 117 120 122 124 126 127 128 129 130 131 132 133 134 137 138 139 140 141 143 144 145 146 147 148 150 151 153 156 157 158 159 162 163 165
29 112 113 115 118 119 120 121 126 127 129 132 135 136 137 140 142 144 145 148 149 150 151 153 155 157 158 159 161 164
32 112 113 114 116 117 119 120 121 124 126 127 131 132 133 135 136 137 139 140 141 143 144 146 148 149 152 156 158 160 161 162 165
17 116 119 121 123 130 133 137 139 141 142 143 150 151 152 156 162 163
18 115 119 121 123 124 125 130 131 135 137 143 145 148 149 151 152 157 162
20 112 114 118 119 120 125 127 131 133 137 138 141 145 150 152 157 158 160 161 162
20 112 113 119 120 121 122 124 127 128 129 130 133 142 143 145 146 152 154 157 159
31 112 113 116 118 121 124 126 128 129 130 131 134 135 136 137 138 141 144 145 147 148 151 152 153 154 155 157 158 159 160 161
16 113 114 115 116 117 121 123 126 128 131 144 148 150 152 157 159
22 112 113 114 116 118 119 121 126 127 130 137 143 144 147 148 150 152 154 155 156 158 164
36 112 115 117 118 120 122 123 124 127 128 129 132 133 135 136 138 139 140 141 142 143 144 146 147 148 150 152 153 154 156 158 160 162 163 164 165
33 115 116 117 118 119 120 122 123 124 127 128 130 131 132 137 138 139 140 141 142 145 146 147 148 149 150 151 152 157 161 162 163 165
33 113 114 116 117 119 121 123 124 125 127 130 131 133 134 135 137 138 140 142 143 144 145 146 147 149 152 153 154 158 161 162 163 165
20 114 115 118 119 124 125 127 130 139 143 146 150 151 152 153 156 159 161 162 165
18 113 116 118 121 125 127 128 136 137 141 147 149 157 159 160 161 164 165
16 112 114 117 120 126 127 129 130 136 148 149 154 155 156 157 159
26 112 116 118 120 122 123 126 128 129 134 135 136 137 138 141 146 147 149 150 151 152 153 158 159 161 164
21 118 125 126 127 130 132 135 136 137 138 143 144 146 147 148 151 153 155 158 164 165
36 112 113 114 115 116 117 118 119 122 125 126 127 128 130 131 134 137 138 139 140 142 146 147 150 152 154 156 157 158 159 160 161 162 163 164 165
25 114 116 117 118 122 123 125 126 128 130 131 132 137 140 142 143 146 148 151 154 156 157 158 162 163
32 112 114 115 119 121 122 124 129 130 131 134 135 137 138 140 142 144 145 146 147 149 151 152 153 154 156 157 159 160 162 164 165
34 112 113 115 117 120 121 122 123 124 125 127 128 129 131 132 133 135 136 137 142 145 146 147 148 149 150 151 152 158 159 160 161 163 164
28 112 113 114 116 117 122 123 124 126 129 131 132 135 136 138 140 141 142 143 147 150 154 158 159 162 163 164 165
18 113 114 115 118 119 122 127 129 130 133 135 136 138 139 141 142 147 161
28 112 117 118 119 120 123 128 131 132 134 136 137 138 140 141 143 144 145 149 151 155 156 158 159 160 162 164 165
31 114 118 120 121 122 123 125 126 128 130 131 132 133 136 137 138 139 141 143 144 146 147 152 153 154 158 159 160 161 162 163
37 112 114 116 117 118 119 120 124 125 126 127 128 130 131 132 134 137 138 139 140 141 143 144 146 148 149 150 151 152 153 154 157 158 159 160 161 162
37 112 113 114 116 117 118 119 121 123 124 125 126 127 128 130 131 132 133 138 139 140 141 142 144 145 147 148 150 151 157 158 159 160 162 163 164 165
21 112 120 121 125 126 130 131 140 141 146 147 150 152 153 158 159 160 161 163 164 165
31 113 118 119 121 122 123 124 126 127 129 130 131 133 138 141 142 144 145 146 147 148 150 151 154 155 158 159 160 163 164 165
29 113 116 117 120 121 125 126 127 130 136 137 138 140 141 142 144 145 147 149 150 151 154 155 157 159 161 162 163 165
21 113 116 117 118 119 123 127 128 130 132 138 145 146 150 152 153 154 155 156 162 165
25 112 113 119 124 125 126 128 129 130 133 134 135 140 141 142 144 145 150 152 156 158 159 160 161 164
34 112 113 117 119 120 121 123 125 128 130 131 132 133 135 136 139 141 142 143 144 145 147 148 152 153 154 155 156 157 159 160 162 163 164
30 112 113 114 116 117 118 121 122 123 125 126 127 128 130 133 135 136 138 141 142 144 145 146 150 151 153 154 159 163 165
22 112 115 117 119 121 123 124 131 134 137 140 144 146 147 150 152 155 156 159 160 161 163
21 114 119 124 127 129 130 134 136 139 144 145 147 148 150 152 153 155 159 162 163 164
19 113 116 117 118 120 122 123 126 128 133 134 135 136 137 144 148 154 162 164
29 115 116 117 118 119 120 123 126 127 131 136 137 138 139 140 141 143 147 148 150 154 155 157 160 161 162 163 164 165
33 115 116 118 120 123 124 125 126 127 128 129 130 132 133 134 135 136 137 140 141 144 145 148 149 150 151 155 156 157 158 160 162 164
33 114 115 116 117 122 124 126 129 130 131 132 136 137 138 139 140 141 142 144 146 147 149 150 151 153 154 155 156 158 160 161 163 164
20 112 114 116 120 121 124 125 126 135 140 141 143 144 152 153 155 158 159 162 164
28 114 115 116 117 118 119 121 122 123 124 125 126 128 129 132 135 136 137 138 146 148 151 152 153 154 155 156 165
29 112 114 115 116 117 118 119 120 121 122 124 126 127 131 134 135 136 137 139 141 142 145 146 150 152 154 155 158 163
29 117 118 124 127 128 129 131 132 133 134 135 136 137 138 139 142 143 144 149 150 153 154 158 159 160 161 163 164 165
25 113 118 119 120 121 122 124 125 126 128 131 132 137 139 142 143 145 146 147 151 152 153 160 162 164
35 112 113 115 116 117 118 120 122 124 125 127 128 129 130 131 132 133 134 137 138 139 140 141 143 144 145 150 151 153 155 159 160 161 162 164
20 113 117 118 119 120 123 124 125 126 127 130 133 135 145 148 150 152 153 158 161
22 112 115 117 119 120 122 123 128 131 133 136 137 140 142 143 153 155 161 162 163 164 165
37 113 114 115 117 118 120 121 123 124 125 126 127 129 130 132 133 134 135 137 138 139 142 143 145 148 149 150 153 154 155 156 157 158 159 160 161 164
32 112 113 115 116 117 119 122 123 127 128 130 132 135 138 142 143 144 145 146 147 149 151 152 154 155 156 157 158 159 161 164 165
26 117 121 122 124 125 126 127 128 129 131 133 134 136 141 146 147 150 151 154 155 156 157 158 159 160 163
22 114 117 121 122 127 131 132 135 139 140 142 143 146 148 151 152 156 158 159 160 163 165
29 116 117 120 121 122 124 125 126 127 129 130 131 135 136 142 143 146 147 149 152 153 155 156 157 158 159 161 163 164
32 112 113 114 116 117 122 123 125 126 130 133 134 135 136 137 138 139 140 141 142 143 144 145 146 147 149 151 154 156 157 161 164
36 112 113 114 116 118 119 120 121 122 123 124 125 126 128 129 132 134 136 138 140 141 143 144 145 146 148 149 150 153 155 156 157 159 160 162 165
23 112 115 119 123 124 128 129 131 132 134 138 141 147 148 150 151 154 155 156 158 159 160 161
18 112 121 123 124 125 126 129 137 141 142 143 145 146 152 157 160 163 165
24 112 119 121 125 129 132 134 135 136 139 140 142 143 144 146 148 149 155 156 158 159 162 164 165
24 112 114 118 119 120 126 127 130 131 137 144 145 147 148 149 150 152 154 156 157 160 161 164 165
29 112 116 117 118 119 121 125 128 129 130 133 135 137 138 139 143 144 145 148 152 153 154 155 156 157 158 159 164 165
24 112 113 119 120 121 122 125 126 128 130 138 143 144 146 147 148 149 152 153 157 158 159 160 163
26 112 113 114 117 118 121 124 127 128 129 133 137 139 141 142 144 145 147 148 149 155 157 158 161 163 165
19 112 114 118 127 128 131 132 134 138 142 144 146 147 149 154 155 161 162 165
17 117 124 125 126 127 128 130 138 143 148 152 157 158 160 161 164 165
26 112 113 115 117 119 126 128 131 132 134 136 137 138 140 141 142 143 144 145 147 149 155 157 160 162 165
30 116 117 118 119 121 122 125 126 128 129 130 131 135 141 142 143 144 145 146 147 149 150 152 154 157 158 159 160 161 164
21 114 115 117 118 120 122 123 124 127 128 129 132 136 144 145 147 149 150 153 163 165
25 113 114 117 119 120 124 126 129 131 137 143 144 145 146 148 149 151 152 153 154 158 161 163 164 165
34 114 115 117 120 121 122 123 125 126 127 128 130 131 132 134 135 137 138 139 140 141 142 143 144 145 146 147 152 153 155 157 161 163 164
33 112 113 115 116 117 119 122 124 125 126 128 129 130 131 132 134 135 137 140 143 145 146 148 149 153 154 155 156 157 158 161 164 165
27 112 115 116 117 118 119 120 122 123 124 128 135 138 139 140 141 144 145 146 154 155 156 157 158 160 163 165
27 112 113 114 115 116 118 119 120 121 122 125 127 128 129 132 133 135 138 142 144 147 148 151 152 154 163 165
19 112 116 118 119 121 128 130 133 136 139 142 144 148 149 152 154 157 158 162
35 112 113 115 116 117 118 119 123 124 125 126 128 130 131 132 133 134 135 136 137 138 140 143 148 149 150 151 152 154 155 157 159 162 163 164
34 112 115 117 118 120 121 122 125 126 128 130 131 132 133 135 139 142 143 144 146 147 148 149 150 151 153 154 158 159 160 161 162 163 165
26 112 113 114 115 118 119 123 126 129 131 132 134 135 136 139 142 143 144 145 146 152 153 156 161 162 163
25 112 117 127 128 129 130 131 135 139 140 141 143 144 145 147 150 151 153 154 155 156 159 160 161 164
36 113 114 115 116 117 119 120 121 122 124 125 127 128 130 132 133 136 137 139 140 141 142 144 145 147 148 149 152 153 155 157 159 160 162 164 165
20 113 114 118 125 130 131 134 139 140 141 143 145 148 149 154 155 156 157 160 162
20 112 113 120 123 125 126 127 129 130 132 134 142 143 146 147 148 149 154 156 161
33 113 115 116 117 119 122 124 125 126 127 128 129 130 131 132 133 135 137 138 140 141 142 144 145 150 155 156 157 159 162 163 164 165
22 113 116 119 120 124 125 127 128 130 132 137 140 141 143 146 148 150 151 154 155 159 165
18 113 115 116 122 123 124 133 141 143 144 145 147 152 155 156 160 161 163
24 112 114 115 118 119 123 124 126 128 133 137 139 140 142 144 145 146 149 151 153 156 160 162 163
35 116 117 119 121 125 126 127 128 129 132 133 134 135 136 137 138 139 140 143 144 146 147 149 151 152 154 156 157 158 159 160 161 162 164 165
33 112 113 114 115 117 118 121 123 128 129 130 134 136 137 138 140 142 143 145 146 147 148 149 150 151 152 153 157 159 162 163 164 165
24 112 114 116 117 125 128 129 131 133 136 137 140 143 146 147 152 153 155 156 157 158 160 162 163
19 115 116 117 118 119 126 134 137 138 139 140 141 144 148 155 158 161 164 165
35 112 113 114 115 116 120 123 124 125 126 127 128 129 130 132 133 134 135 136 138 139 140 141 145 146 150 152 153 154 156 157 159 160 163 164
35 112 113 116 118 119 122 123 124 125 126 129 130 131 132 133 135 136 137 139 140 141 143 145 146 148 149 150 151 152 153 155 157 162 163 165
34 114 115 116 117 118 119 120 121 122 126 127 128 130 132 133 134 135 136 137 138 139 141 142 144 145 152 153 154 157 158 160 161 162 165
18 112 113 114 116 123 124 128 132 136 138 139 140 143 145 153 154 162 165
17 115 122 127 129 131 132 133 135 141 143 144 146 153 154 158 163 164
34 115 117 119 121 122 123 124 125 126 127 128 129 130 133 134 137 139 140 142 143 145 148 149 152 153 154 156 157 158 159 160 162 164 165
33 112 113 116 118 119 120 123 126 128 130 133 135 136 137 138 139 140 144 145 146 148 149 151 152 153 154 155 157 159 160 162 163 165
33 112 113 115 116 117 118 119 121 123 124 125 126 131 132 134 135 137 139 141 142 143 145 146 147 148 149 150 153 156 157 161 162 164
37 112 115 116 117 122 123 124 126 127 128 130 131 132 133 136 138 140 141 142 143 144 145 146 147 148 150 152 154 155 156 157 159 160 161 162 163 165
23 116 117 118 124 125 128 133 136 137 138 139 140 142 144 149 152 155 158 159 161 163 164 165
25 112 113 114 116 117 118 119 120 123 124 130 133 135 136 137 139 142 143 144 147 148 150 152 154 163
21 119 121 122 123 126 128 129 131 134 136 138 140 143 144 150 155 159 161 162 163 165
24 117 120 121 122 123 131 133 138 139 140 142 143 144 145 147 148 151 153 154 155 156 160 164 165
33 113 114 115 116 119 121 122 123 124 126 130 131 132 133 136 138 139 141 142 144 146 152 153 154 156 157 158 159 160 161 162 163 164
21 112 118 121 122 124 126 127 131 134 135 136 139 140 142 144 146 147 149 153 154 161
35 112 114 115 117 119 120 121 123 124 125 126 129 132 133 134 135 136 137 139 141 143 144 146 147 148 150 151 152 154 157 160 161 163 164 165
30 113 114 115 116 118 121 122 124 125 126 128 131 136 137 138 139 141 143 144 146 148 151 152 154 155 156 157 161 162 165
17 116 117 120 123 125 126 129 135 136 143 145 149 155 158 162 163 164
19 116 117 118 120 122 123 125 131 132 141 148 150 153 154 155 158 160 162 163
23 112 113 116 118 119 121 124 130 135 141 142 143 144 148 151 152 154 155 156 157 159 161 162
24 117 122 124 125 126 130 131 132 133 136 137 138 140 141 149 151 153 154 158 159 161 162 164 165
18 120 124 125 126 127 128 135 138 141 143 146 147 150 151 154 157 158 161
25 114 115 116 119 122 124 126 127 130 131 134 135 139 141 143 144 145 147 149 150 152 155 156 157 161
25 118 121 123 124 127 128 130 131 132 133 134 135 136 137 141 142 145 149 152 154 155 159 161 162 164
17 112 114 117 118 126 129 130 132 134 135 138 139 143 146 147 151 161
34 114 115 119 120 122 124 125 126 128 129 132 133 134 135 136 137 139 142 143 146 147 149 150 151 152 153 154 155 157 158 161 162 163 164
23 113 114 116 117 120 122 123 130 132 136 138 144 145 148 149 151 152 154 157 159 161 162 164
37 112 113 114 115 118 120 123 124 125 128 131 132 133 135 136 137 138 139 141 142 143 146 148 149 150 151 152 153 155 156 157 158 159 160 161 164 165
18 116 117 119 121 133 136 139 140 141 145 147 148 149 150 151 153 163 165
19 113 116 119 120 127 129 137 138 139 140 144 145 147 150 151 153 157 158 165
26 112 113 114 115 117 118 119 120 126 131 132 134 135 136 141 145 147 152 153 154 156 161 162 163 164 165
30 112 118 120 122 123 125 126 127 128 129 130 131 132 134 136 137 139 141 143 145 146 147 149 151 152 154 160 161 163 164
37 116 117 118 120 121 122 123 124 125 126 128 130 131 132 133 134 135 136 137 138 140 141 142 143 144 145 146 147 149 150 151 156 158 159 160 162 165
31 113 115 116 118 119 120 122 123 130 131 133 134 135 137 138 140 143 144 145 147 150 151 152 153 154 156 159 160 161 163 164
31 112 114 115 117 119 120 123 124 125 127 128 130 131 132 133 136 139 140 142 146 147 149 152 153 154 155 156 158 159 164 165
29 112 113 115 119 120 122 123 124 126 127 128 129 131 134 135 140 146 148 150 151 153 154 155 157 158 161 162 163 164
16 113 114 121 122 123 125 126 128 130 137 143 147 150 157 161 162
32 113 115 116 117 118 120 122 123 124 125 126 127 128 130 131 133 135 137 138 140 144 145 147 148 149 152 154 158 160 162 163 164
31 112 115 117 119 125 126 128 129 131 132 135 137 138 140 142 143 144 145 147 151 152 154 155 156 157 158 160 161 163 164 165
16 112 114 115 119 122 124 126 130 135 137 138 153 154 157 158 162
31 113 115 116 117 120 122 124 127 129 130 131 132 136 138 139 140 142 143 147 149 151 152 153 154 156 158 160 162 163 164 165
34 112 113 114 116 118 120 122 123 124 127 128 130 132 133 134 136 137 138 139 140 141 145 148 149 150 153 154 155 156 157 158 159 161 164
23 112 114 115 116 118 120 123 124 128 133 137 138 139 140 143 149 151 153 155 157 162 164 165
31 112 113 114 115 116 119 120 121 122 125 127 128 132 133 134 135 137 139 141 142 145 146 147 151 153 155 157 158 159 161 165
22 113 116 117 118 123 124 126 127 132 133 134 135 136 143 150 151 152 153 159 162 163 164
21 112 113 117 119 120 121 122 124 127 129 135 139 140 142 145 146 147 148 158 159 165
23 112 113 114 115 118 119 120 121 127 133 135 136 137 138 139 143 144 146 157 158 159 164 165
17 112 113 114 120 135 138 139 142 151 154 155 156 158 161 162 164 165
23 112 114 116 118 119 121 126 127 129 131 134 135 143 144 149 150 151 152 154 157 158 159 163
27 112 113 116 120 121 125 126 129 130 132 136 138 140 142 144 145 146 147 151 152 153 154 159 161 163 164 165
